1.000000000 0.000000000 0.000000000 0.000000000 0.000000000 1.000000000 0.000000000 0.000000000 0.000000000 0.000000000 1.000000000 0.000000000
1.000000000 0.000015028 -0.000017046 0.000203392 -0.000015028 1.000000000 0.000013006 0.000188989 0.000017046 -0.000013006 1.000000000 0.001163237
1.000000000 0.000026577 0.000012532 -0.000349395 -0.000026578 1.000000000 0.000033119 0.000056192 -0.000012531 -0.000033119 1.000000000 0.000928441
1.000000000 0.000012581 0.000019240 -0.000635050 -0.000012582 1.000000000 0.000057293 -0.000583615 -0.000019239 -0.000057293 1.000000000 0.000217520
1.000000000 -0.000044728 0.000022292 -0.000898563 0.000044726 1.000000000 0.000075529 -0.000670449 -0.000022295 -0.000075528 1.000000000 0.000784560
1.000000000 -0.000116721 0.000030143 -0.001104171 0.000116720 1.000000000 0.000034906 0.000150223 -0.000030147 -0.000034902 1.000000000 0.001080954
1.000000000 -0.000041821 -0.000039600 0.000208744 0.000041823 1.000000000 0.000035719 -0.000292280 0.000039598 -0.000035721 1.000000000 0.000812971
1.000000000 -0.000143725 -0.000051859 0.000665640 0.000143725 1.000000000 -0.000015345 0.000054461 0.000051861 0.000015337 1.000000000 0.000068851
1.000000000 -0.000018039 0.000024184 -0.000840238 0.000018040 1.000000000 -0.000016032 0.000459691 -0.000024184 0.000016032 1.000000000 0.000114953
1.000000000 -0.000026586 -0.000014050 -0.000596955 0.000026586 1.000000000 -0.000008078 0.000285175 0.000014050 0.000008078 1.000000000 0.001213648
1.000000000 -0.000037419 0.000003065 -0.000405393 0.000037419 1.000000000 -0.000041809 0.000639494 -0.000003064 0.000041809 1.000000000 0.000367035
1.000000000 -0.000074077 0.000021194 -0.000373584 0.000074076 1.000000000 0.000039791 -0.000247440 -0.000021197 -0.000039789 1.000000000 0.000495695
1.000000000 -0.000046604 0.000013309 -0.000630599 0.000046604 1.000000000 0.000032816 -0.000100001 -0.000013311 -0.000032815 1.000000000 0.000371868
1.000000000 -0.000053158 0.000005621 -0.000426024 0.000053158 1.000000000 0.000026354 -0.000456436 -0.000005622 -0.000026354 1.000000000 0.000006711
1.000000000 -0.000064090 0.000022683 -0.000496551 0.000064090 1.000000000 -0.000005773 -0.000306762 -0.000022682 0.000005774 1.000000000 -0.000273781
1.000000000 -0.000051891 0.000024583 -0.000971516 0.000051891 1.000000000 0.000025992 0.000313201 -0.000024584 -0.000025990 1.000000000 0.000126121
1.000000000 -0.000067071 -0.000001924 -0.000142785 0.000067071 1.000000000 -0.000005587 0.000249330 0.000001924 0.000005586 1.000000000 -0.000188135
1.000000000 -0.000052706 -0.000023015 0.000239963 0.000052706 1.000000000 -0.000027613 0.000326192 0.000023016 0.000027612 1.000000000 0.000250393
1.000000000 -0.000105845 -0.000058333 0.000747269 0.000105846 1.000000000 0.000019630 -0.000105340 0.000058331 -0.000019636 1.000000000 0.000164665
1.000000000 -0.000014939 -0.000012177 -0.000369857 0.000014939 1.000000000 0.000013550 0.000041667 0.000012177 -0.000013551 1.000000000 -0.000031205
1.000000000 -0.000049292 0.000021194 -0.000603160 0.000049292 1.000000000 -0.000014564 0.000530797 -0.000021194 0.000014565 1.000000000 0.000586882
1.000000000 -0.000029185 0.000004588 -0.000800653 0.000029186 1.000000000 -0.000065658 0.000961982 -0.000004586 0.000065658 1.000000000 0.000789480
1.000000000 0.000005290 0.000008287 -0.000172605 -0.000005290 1.000000000 -0.000038337 0.001003596 -0.000008287 0.000038337 1.000000000 0.000849828
1.000000000 -0.000007460 -0.000016521 -0.000471993 0.000007458 1.000000000 -0.000103710 0.001458110 0.000016522 0.000103710 1.000000000 0.000339859
1.000000000 -0.000062131 -0.000049170 0.000030043 0.000062130 1.000000000 -0.000030258 0.000610779 0.000049172 0.000030255 1.000000000 0.000694480
1.000000000 -0.000046182 -0.000066277 0.001043252 0.000046182 1.000000000 -0.000001694 -0.000121457 0.000066277 0.000001691 1.000000000 0.000254052
1.000000000 -0.000028308 -0.000031859 0.000170072 0.000028307 1.000000000 -0.000043449 0.000416419 0.000031861 0.000043448 1.000000000 -0.000019663
1.000000000 -0.000022503 -0.000032074 0.000017940 0.000022505 1.000000000 0.000050945 -0.000395863 0.000032073 -0.000050945 1.000000000 0.000087186
1.000000000 -0.000040770 -0.000029304 0.000048284 0.000040770 1.000000000 -0.000019459 0.000390073 0.000029305 0.000019457 1.000000000 0.000024076
1.000000000 -0.000023097 -0.000012073 -0.000327331 0.000023097 1.000000000 -0.000023332 0.000548708 0.000012073 0.000023332 1.000000000 0.000470904
1.000000000 -0.000043720 0.000003232 -0.000717093 0.000043720 1.000000000 0.000001263 0.000291420 -0.000003232 -0.000001263 1.000000000 0.000389959
1.000000000 -0.000031160 -0.000027423 0.000839059 0.000031159 1.000000000 -0.000020361 0.000242922 0.000027424 0.000020360 1.000000000 0.000095736
1.000000000 -0.000037619 -0.000011538 0.000050016 0.000037619 1.000000000 -0.000034241 0.000420383 0.000011540 0.000034241 1.000000000 0.000168769
1.000000000 -0.000045537 -0.000016309 -0.000199590 0.000045537 1.000000000 -0.000003503 0.000128524 0.000016310 0.000003502 1.000000000 0.000417184
1.000000000 -0.000048963 -0.000031409 0.000051269 0.000048962 1.000000000 -0.000015457 0.000284591 0.000031410 0.000015456 1.000000000 -0.000104333
1.000000000 -0.000059667 0.000032585 -0.000953533 0.000059667 1.000000000 0.000000947 0.000389087 -0.000032585 -0.000000945 1.000000000 0.000288354
1.000000000 -0.000084044 0.000013033 -0.000583944 0.000084044 1.000000000 -0.000021313 0.000529897 -0.000013031 0.000021314 1.000000000 0.001010276
1.000000000 -0.000050466 -0.000021019 -0.000073589 0.000050466 1.000000000 0.000007717 -0.000217616 0.000021019 -0.000007718 1.000000000 0.000305485
1.000000000 0.000011138 -0.000004222 -0.000363882 -0.000011139 1.000000000 -0.000051166 0.000848890 0.000004222 0.000051166 1.000000000 0.000383420
1.000000000 -0.000012500 -0.000009799 -0.000482132 0.000012500 1.000000000 -0.000036954 0.000237484 0.000009800 0.000036954 1.000000000 -0.000147213
1.000000000 -0.000024403 0.000002298 -0.000183982 0.000024403 1.000000000 -0.000015312 0.000209989 -0.000002298 0.000015313 1.000000000 0.000483854
1.000000000 -0.000032771 -0.000042558 0.000180163 0.000032772 1.000000000 0.000006670 0.000228036 0.000042557 -0.000006671 1.000000000 0.000797004
1.000000000 -0.000029408 -0.000039973 -0.000173950 0.000029405 1.000000000 -0.000064141 0.000421438 0.000039975 0.000064140 1.000000000 0.000273849
1.000000000 -0.000037907 -0.000052892 -0.000006294 0.000037904 1.000000000 -0.000069402 0.000632574 0.000052894 0.000069400 1.000000000 0.001062177
1.000000000 -0.000001049 -0.000032659 -0.000203736 0.000001049 1.000000000 -0.000017971 0.000183875 0.000032659 0.000017971 1.000000000 0.000128631
1.000000000 -0.000018928 -0.000047901 0.000366241 0.000018926 1.000000000 -0.000038566 0.000728794 0.000047902 0.000038565 1.000000000 0.000522868
1.000000000 0.000021652 0.000007102 -0.000519384 -0.000021651 1.000000000 -0.000060835 0.000737119 -0.000007104 0.000060835 1.000000000 0.000186008
1.000000000 -0.000052913 0.000040130 -0.001318067 0.000052915 1.000000000 -0.000048096 0.000546123 -0.000040127 0.000048098 1.000000000 -0.000035090
1.000000000 -0.000119891 0.000010634 -0.000666425 0.000119891 1.000000000 -0.000015368 0.000187742 -0.000010632 0.000015370 1.000000000 0.000677513
1.000000000 0.000028924 0.000050085 -0.001363202 -0.000028923 1.000000000 -0.000020356 0.000342855 -0.000050086 0.000020354 1.000000000 0.000738805
1.000000000 -0.000017582 -0.000003833 -0.000231129 0.000017582 1.000000000 0.000021438 -0.000073880 0.000003832 -0.000021438 1.000000000 0.000107328
1.000000000 -0.000025902 -0.000033388 -0.000052161 0.000025900 1.000000000 -0.000070765 0.000913010 0.000033390 0.000070764 1.000000000 -0.000645207
1.000000000 -0.000029381 0.000000807 0.000020839 0.000029381 1.000000000 -0.000018441 -0.000013637 -0.000000806 0.000018441 1.000000000 -0.000088385
1.000000000 -0.000019332 0.000014896 -0.000781394 0.000019333 1.000000000 -0.000040641 0.000299284 -0.000014895 0.000040642 1.000000000 0.000131012
1.000000000 -0.000091283 -0.000002127 -0.000593606 0.000091283 1.000000000 0.000032767 -0.000304781 0.000002124 -0.000032767 1.000000000 0.000173190
1.000000000 -0.000019788 -0.000000075 -0.000470353 0.000019788 1.000000000 -0.000022485 0.000330339 0.000000076 0.000022485 1.000000000 -0.001079400
1.000000000 -0.000058429 -0.000016524 -0.000418512 0.000058429 1.000000000 0.000003637 -0.000112276 0.000016523 -0.000003638 1.000000000 0.000655756
1.000000000 0.000003082 -0.000014214 0.000128645 -0.000003083 1.000000000 -0.000020670 0.000379100 0.000014214 0.000020670 1.000000000 -0.000366835
1.000000000 -0.000045046 -0.000030506 0.000570626 0.000045046 1.000000000 -0.000003164 0.000112005 0.000030506 0.000003163 1.000000000 0.000077731
1.000000000 -0.000070694 -0.000047788 0.000322168 0.000070694 1.000000000 -0.000006273 0.000465691 0.000047789 0.000006269 1.000000000 -0.000319325
1.000000000 -0.000021797 -0.000010513 -0.000533056 0.000021797 1.000000000 0.000009487 0.000175868 0.000010513 -0.000009487 1.000000000 -0.000098278
1.000000000 -0.000039053 -0.000057443 0.000020692 0.000039051 1.000000000 -0.000036600 0.000335630 0.000057445 0.000036598 1.000000000 0.000678508
1.000000000 -0.000072275 -0.000048416 0.000387420 0.000072277 1.000000000 0.000050167 -0.000598486 0.000048412 -0.000050170 1.000000000 0.000205640
1.000000000 -0.000117693 -0.000017082 0.000054286 0.000117695 1.000000000 0.000079800 -0.000802698 0.000017073 -0.000079802 1.000000000 0.000186060
1.000000000 0.000000678 -0.000017399 0.000015595 -0.000000677 1.000000000 0.000055484 -0.000712616 0.000017399 -0.000055484 1.000000000 -0.000610367
1.000000000 -0.000041461 0.000026480 -0.000680573 0.000041461 1.000000000 0.000024216 -0.000269674 -0.000026481 -0.000024215 1.000000000 0.000587357
1.000000000 -0.000054851 -0.000014000 -0.000004763 0.000054851 1.000000000 0.000000488 0.000089975 0.000014000 -0.000000489 1.000000000 0.000129568
1.000000000 0.000015408 -0.000001233 0.000021544 -0.000015408 1.000000000 0.000009262 -0.000191315 0.000001233 -0.000009262 1.000000000 -0.000850390
1.000000000 -0.000036627 0.000002495 -0.000799703 0.000036627 1.000000000 -0.000031690 0.000444975 -0.000002494 0.000031690 1.000000000 0.000408890
1.000000000 -0.000071060 -0.000028660 -0.000245573 0.000071059 1.000000000 -0.000006619 0.000074535 0.000028660 0.000006617 1.000000000 0.000128014
1.000000000 0.000005295 -0.000030507 0.000222435 -0.000005294 1.000000000 0.000009813 0.000010641 0.000030507 -0.000009813 1.000000000 0.001193937
1.000000000 -0.000040170 -0.000042454 0.000404238 0.000040171 1.000000000 0.000023356 -0.000004873 0.000042453 -0.000023358 1.000000000 -0.000567663
1.000000000 -0.000052431 -0.000025902 0.000074779 0.000052431 1.000000000 0.000001472 -0.000372574 0.000025902 -0.000001474 1.000000000 -0.000690214
1.000000000 -0.000013053 -0.000043866 0.000063512 0.000013052 1.000000000 -0.000029845 0.000802602 0.000043866 0.000029844 1.000000000 0.000487028
1.000000000 -0.000022331 -0.000000207 -0.000593381 0.000022331 1.000000000 -0.000000116 0.000052617 0.000000207 0.000000116 1.000000000 0.000566799
1.000000000 -0.000012411 -0.000013750 -0.000198398 0.000012410 1.000000000 -0.000032762 -0.000024016 0.000013751 0.000032762 1.000000000 0.000091006
1.000000000 -0.000092177 -0.000011252 -0.001031162 0.000092177 1.000000000 -0.000037101 0.000411517 0.000011255 0.000037100 1.000000000 0.000131576
1.000000000 -0.000008810 -0.000042852 0.000121298 0.000008807 1.000000000 -0.000053262 -0.000015621 0.000042853 0.000053262 1.000000000 -0.000268013
