1.000000000 0.000000000 0.000000000 0.000000000 0.000000000 1.000000000 0.000000000 0.000000000 0.000000000 0.000000000 1.000000000 0.000000000
0.999020040 0.002927399 0.044163369 0.048155729 -0.002896572 0.999995530 -0.000761986 0.003836774 -0.044165399 0.000633317 0.999024034 0.488925010
0.995999038 0.007451830 0.089052685 0.117128760 -0.007373122 0.999972105 -0.001212758 0.012273417 -0.089059234 0.000551310 0.996026158 0.974422395
0.990739524 0.011074262 0.135324061 0.206113085 -0.010975576 0.999938667 -0.001475319 0.014181072 -0.135332108 -0.000023603 0.990800321 1.457517147
0.983475804 0.007567059 0.180881575 0.336972564 -0.007579563 0.999971092 -0.000622081 0.008567529 -0.180881053 -0.000759201 0.983504713 1.941901922
0.974196494 0.003588679 0.225673124 0.486132711 -0.003585745 0.999993503 -0.000422893 0.004956576 -0.225673169 -0.000397226 0.974202991 2.436950922
0.962604046 -0.001584665 0.270907700 0.631626368 0.002070968 0.999996722 -0.001509232 0.008139120 -0.270904422 0.002013834 0.962604165 2.837602615
0.949602067 0.003844592 0.313434422 0.812541485 -0.003029542 0.999990642 -0.003087395 0.017416796 -0.313443363 0.001982234 0.949604809 3.322303295
0.935810745 0.009103945 0.352385312 1.019601226 -0.008399045 0.999958515 -0.003529236 0.021795984 -0.352402836 0.000342997 0.935848355 3.811531305
0.921326518 0.009094564 0.388683319 1.257520914 -0.007605341 0.999956667 -0.005369841 0.019297328 -0.388715297 0.001991308 0.921355784 4.300219059
0.906430542 0.009588066 0.422246099 1.498128295 -0.005524637 0.999925911 -0.010845941 0.005325485 -0.422318816 0.007498336 0.906416357 4.770889759
0.892032802 0.008981647 0.451881438 1.774703741 0.001221384 0.999750972 -0.022282232 0.001348773 -0.451969028 0.020428402 0.891799688 5.247151375
0.878022254 0.017714204 0.478291899 2.049163342 -0.001182832 0.999392092 -0.034842502 -0.000646573 -0.478618354 0.030026754 0.877509475 5.729904652
0.864450037 0.025973048 0.502047360 2.335144281 -0.006113753 0.999133766 -0.041162483 -0.007620107 -0.502681553 0.032513518 0.863860011 6.217748642
0.852041483 0.030612422 0.522578359 2.639975309 -0.011666475 0.999151111 -0.039508171 -0.019019313 -0.523344219 0.027565956 0.851675391 6.718259335
0.840339422 0.031277716 0.541157424 2.973628759 -0.015647348 0.999317527 -0.033460297 -0.034163252 -0.541834652 0.019650329 0.840255380 7.224031448
0.829555988 0.026996473 0.557770610 3.320886135 -0.014244658 0.999528706 -0.027192198 -0.057173084 -0.558241844 0.014612199 0.829549611 7.732025623
0.820160866 0.024602065 0.571603775 3.682423353 -0.012846216 0.999615014 -0.024591565 -0.072878942 -0.571988761 0.012826096 0.820161223 8.235555649
0.811801851 0.023579907 0.583456695 4.054689884 -0.011832920 0.999643445 -0.023935817 -0.081066236 -0.583813071 0.012527145 0.811791420 8.739885330
0.805489421 0.024021590 0.592123151 4.436270714 -0.012484219 0.999644220 -0.023571342 -0.089267418 -0.592478693 0.011594271 0.805502713 9.251118660
0.800721049 0.024484554 0.598536789 4.825446606 -0.013850420 0.999653935 -0.022364136 -0.101454742 -0.598877251 0.009617450 0.800783098 9.779358864
0.797465146 0.024966644 0.602848232 5.225560665 -0.015052679 0.999655783 -0.021488102 -0.114541091 -0.603177190 0.008061530 0.797566414 10.328419685
0.795880795 0.023982085 0.604978204 5.632364273 -0.013937354 0.999676108 -0.021293074 -0.120753750 -0.605292916 0.008514954 0.795957267 10.859523773
0.794924676 0.022823213 0.606278718 6.041028500 -0.011803391 0.999684811 -0.022156827 -0.132671833 -0.606593311 0.010456865 0.794943511 11.414173126
0.794890821 0.022852508 0.606321990 6.458599091 -0.009955747 0.999647200 -0.024625055 -0.144205928 -0.606670856 0.013537843 0.794837892 11.961743355
0.795768440 0.023654550 0.605138838 6.900938988 -0.009383545 0.999598563 -0.026734235 -0.160635605 -0.605528295 0.015595913 0.795670927 12.544024467
0.796422660 0.023239881 0.604293764 7.331039906 -0.009437478 0.999617279 -0.026005179 -0.169977069 -0.604666829 0.015008105 0.796337128 13.123596191
0.797444165 0.021854214 0.602996886 7.769608974 -0.010132615 0.999687970 -0.022831300 -0.175106615 -0.603307724 0.012096753 0.797416806 13.715967178
0.798393488 0.019462438 0.601821482 8.213006973 -0.010581739 0.999776661 -0.018293964 -0.190697372 -0.602043092 0.008237463 0.798421144 14.318621635
0.799944997 0.016549217 0.599845111 8.686186790 -0.009633179 0.999844968 -0.014738201 -0.204666644 -0.599996030 0.006011335 0.799980402 14.942936897
0.801971555 0.017913254 0.597093582 9.135010719 -0.011937370 0.999831259 -0.013962301 -0.212157398 -0.597242892 0.004069644 0.802050114 15.559609413
0.804065228 0.020142894 0.594199777 9.585382462 -0.014428002 0.999792695 -0.014368339 -0.213146031 -0.594366014 0.002979967 0.804189146 16.188829422
0.807070017 0.021470806 0.590065241 10.054677963 -0.015463412 0.999764442 -0.015228304 -0.226912200 -0.590253234 0.003165886 0.807211936 16.840692520
0.810166478 0.022903921 0.585752249 10.503232956 -0.015839944 0.999726892 -0.017182477 -0.231011346 -0.585985839 0.004642385 0.810307980 17.471729279
0.813297570 0.021657141 0.581444800 10.944913864 -0.013471625 0.999740064 -0.018393958 -0.243150949 -0.581692040 0.007126755 0.813377917 18.104524612
0.817344725 0.020684291 0.575777531 11.405975342 -0.012756948 0.999760091 -0.017806362 -0.258119583 -0.576007724 0.007208774 0.817412496 18.761869431
0.821484447 0.017471118 0.569963217 11.853556633 -0.009687034 0.999813855 -0.016685493 -0.271035075 -0.570148647 0.008185620 0.821500778 19.402015686
0.824789464 0.013669852 0.565274715 12.287747383 -0.006831151 0.999875665 -0.014212365 -0.283178389 -0.565398753 0.007860732 0.824780285 20.049983978
0.827098727 0.010899302 0.561950982 12.723083496 -0.003419141 0.999891043 -0.014360944 -0.291990787 -0.562046289 0.009956529 0.827045858 20.706361771
0.828970492 0.010441407 0.559194863 13.166210175 -0.001705268 0.999868274 -0.016141806 -0.304804802 -0.559289753 0.012427504 0.828879118 21.355621338
0.830477893 0.014708766 0.556857407 13.619833946 -0.004371760 0.999792635 -0.019888517 -0.315018356 -0.557034433 0.014082528 0.830370009 22.034706116
0.830937088 0.016023135 0.556135654 14.051404953 -0.005203970 0.999765337 -0.021029407 -0.323377222 -0.556342125 0.014580002 0.830825448 22.695508957
0.831280231 0.013371500 0.555692673 14.499206543 -0.002407880 0.999787867 -0.020455623 -0.335020363 -0.555848300 0.015666315 0.831136107 23.364212036
0.831357181 0.013939378 0.555563629 14.943822861 -0.003449495 0.999795556 -0.019923490 -0.353377581 -0.555727720 0.014647122 0.831235290 24.026027679
0.830541313 0.016979741 0.556698203 15.386726379 -0.004545870 0.999708533 -0.023709904 -0.365110278 -0.556938529 0.017161377 0.830376387 24.706584930
0.830234647 0.019530298 0.557071745 15.840858459 -0.005424897 0.999621749 -0.026960572 -0.381473899 -0.557387590 0.019361546 0.830026627 25.403545380
0.829774559 0.018529480 0.557791054 16.288703918 -0.004776818 0.999647856 -0.026101666 -0.390019655 -0.558078349 0.018994033 0.829570889 26.077238083
0.829186797 0.011983925 0.558843136 16.750949860 -0.002106497 0.999830067 -0.018314993 -0.405573428 -0.558967650 0.014009350 0.829071105 26.759313583
0.828534245 0.008345365 0.559876263 17.209659576 -0.002083404 0.999927938 -0.011821527 -0.420929223 -0.559934616 0.008628092 0.828491926 27.449119568
0.827862561 0.008750440 0.560862720 17.675457001 -0.003433116 0.999938607 -0.010533334 -0.435859025 -0.560920477 0.006794646 0.827841818 28.150957108
0.827196956 0.011233884 0.561799824 18.127330780 -0.004060503 0.999893546 -0.014015407 -0.442163169 -0.561897457 0.009312312 0.827154517 28.828933716
0.827126086 0.012124719 0.561885595 18.586797714 -0.002765738 0.999842942 -0.017503921 -0.448176920 -0.562009633 0.012923922 0.827029705 29.507377625
0.827225268 0.013139713 0.561716735 19.077850342 -0.001870613 0.999785364 -0.020632241 -0.459852189 -0.561867297 0.016016757 0.827072322 30.228580475
0.827375293 0.013069635 0.561497390 19.549486160 -0.000556689 0.999747813 -0.022450238 -0.469750941 -0.561649203 0.018262193 0.827173948 30.928575516
0.827902675 0.012844752 0.560724735 20.028106689 -0.000263304 0.999746501 -0.022512838 -0.482401371 -0.560871780 0.018490797 0.827696204 31.642646790
0.828441620 0.010834722 0.559970677 20.510686874 0.002214782 0.999741673 -0.022620367 -0.495847911 -0.560071111 0.019979866 0.828203559 32.351177216
0.829104543 0.007847236 0.559038520 21.002050400 0.005304424 0.999746084 -0.021900399 -0.519034088 -0.559068441 0.021123096 0.828852415 33.085308075
0.829855382 0.006418933 0.557941616 21.485614777 0.006866636 0.999740601 -0.021714788 -0.532263935 -0.557936251 0.021851316 0.829596043 33.793312073
0.830771029 0.004828087 0.556593418 21.975259781 0.007284854 0.999782443 -0.019545835 -0.541489244 -0.556566715 0.020292815 0.830555081 34.533370972
0.831706583 0.002040000 0.555211663 22.466003418 0.007727551 0.999853849 -0.015249602 -0.549634516 -0.555161655 0.016973622 0.831569314 35.276016235
0.832550704 -0.001758508 0.553946078 22.965911865 0.008259277 0.999923229 -0.009238975 -0.569021702 -0.553887248 0.012267109 0.832501292 36.037700653
0.832881749 -0.005371270 0.553424954 23.454978943 0.008996003 0.999952197 -0.003833571 -0.570530057 -0.553377926 0.008171524 0.832890272 36.776725769
0.833759904 -0.000912292 0.552126408 23.932104111 0.003639967 0.999985993 -0.003844372 -0.577282488 -0.552115142 0.005215005 0.833751559 37.514900208
0.834475935 0.006675975 0.551003933 24.414241791 0.000326682 0.999920428 -0.012609804 -0.592760682 -0.551044285 0.010702581 0.834407389 38.281612396
0.835622668 0.011355809 0.549186468 24.909545898 0.002228440 0.999707997 -0.024062188 -0.597844124 -0.549299359 0.021330738 0.835353374 39.036457062
0.836390913 0.013539370 0.547966182 25.398418427 0.000929246 0.999658406 -0.026118323 -0.608289957 -0.548132658 0.022354323 0.836092591 39.783294678
0.836696208 0.011996798 0.547535896 25.887195587 -0.001559425 0.999808192 -0.019523345 -0.620015264 -0.547665060 0.015481268 0.836554408 40.548435211
0.837747335 0.008124462 0.545997620 26.383758545 -0.000326535 0.999896586 -0.014377477 -0.643815339 -0.546057999 0.011866406 0.837663352 41.318229675
0.838728964 0.005149055 0.544524789 26.868560791 0.003350704 0.999887586 -0.014616065 -0.657055676 -0.544538856 0.014083458 0.838617384 42.071060181
0.839569151 0.006209535 0.543217361 27.358839035 0.004379058 0.999824822 -0.018197082 -0.665171385 -0.543235183 0.017656490 0.839394927 42.821567535
0.840356588 0.007823884 0.541977525 27.841316223 0.003976478 0.999779940 -0.020598311 -0.679667115 -0.542019427 0.019465087 0.840140522 43.569267273
0.840795934 0.010088918 0.541258216 28.344573975 0.002004515 0.999761462 -0.021749141 -0.691253543 -0.541348517 0.019371551 0.840575159 44.362083435
0.840424180 0.012888341 0.541775882 28.825269699 -0.001106787 0.999755919 -0.022066366 -0.706798434 -0.541928053 0.017945478 0.840233266 45.130916595
0.840246558 0.019049054 0.541869819 29.317399979 -0.009485248 0.999746144 -0.020437146 -0.718149900 -0.542121589 0.012032473 0.840213895 45.916370392
0.839279354 0.020343676 0.543319702 29.805810928 -0.014622173 0.999782860 -0.014847927 -0.726939082 -0.543503761 0.004517046 0.839394569 46.705410004
0.838178694 0.017368093 0.545119107 30.311811447 -0.015393962 0.999848008 -0.008186397 -0.739802241 -0.545178413 -0.001529878 0.838318646 47.499771118
0.837083757 0.016931117 0.546812654 30.813079834 -0.015849821 0.999851942 -0.006695130 -0.748534799 -0.546845078 -0.003062498 0.837228179 48.275096893
0.836122394 0.017650196 0.548258960 31.314348221 -0.013218899 0.999840260 -0.012028551 -0.751568198 -0.548383653 0.002809962 0.836222172 49.048488617
0.835783482 0.016071022 0.548823953 31.821716309 -0.007849049 0.999819100 -0.017324336 -0.756461263 -0.549003124 0.010171649 0.835758448 49.807975769
0.835747898 0.014511815 0.548921525 32.350326538 -0.005904051 0.999830425 -0.017443396 -0.775319993 -0.549081564 0.011337421 0.835691869 50.598937988
0.835151911 0.013528812 0.549852908 32.858577728 -0.004546511 0.999833107 -0.017694781 -0.786975980 -0.550000548 0.012277918 0.835074067 51.375846863
0.835216522 0.015887177 0.549691737 33.375164032 -0.005516056 0.999774337 -0.020514205 -0.799180746 -0.549893618 0.014101672 0.835115671 52.150989532
0.835063338 0.018131766 0.549854934 33.871517181 -0.005490946 0.999681652 -0.024625963 -0.822866499 -0.550126374 0.017545016 0.834897101 52.929912567
0.835365295 0.019351158 0.549354553 34.390804291 -0.004196730 0.999575555 -0.028828638 -0.841460407 -0.549679279 0.021776950 0.835091949 53.725906372
0.835414350 0.015893085 0.549390852 34.905216217 -0.001986280 0.999662578 -0.025898427 -0.859634578 -0.549617112 0.020544674 0.835164070 54.510845184
0.835753500 0.011537928 0.548983634 35.420055389 -0.001782137 0.999830961 -0.018300276 -0.876844168 -0.549101949 0.014316156 0.835632801 55.292991638
0.835756660 0.005932749 0.549067914 35.939064026 -0.002779719 0.999974549 -0.006573739 -0.890606999 -0.549092948 0.003967792 0.835751891 56.096412659
0.835527122 0.000783700 0.549448669 36.451248169 -0.000723200 0.999999702 -0.000326594 -0.900336146 -0.549448729 -0.000124483 0.835527420 56.876579285
0.835554183 0.002441012 0.549402654 36.955268860 -0.002240818 0.999996960 -0.001035087 -0.901600301 -0.549403548 -0.000366240 0.835557103 57.651512146
0.834951282 0.008533533 0.550257683 37.455955505 -0.002824225 0.999933064 -0.011221781 -0.909822881 -0.550316632 0.007815589 0.834919453 58.419330597
0.834587157 0.018276721 0.550572634 37.952590942 -0.007584692 0.999735951 -0.021689797 -0.916101813 -0.550823689 0.013926103 0.834505439 59.190921783
0.834382415 0.020464359 0.550806046 38.453384399 -0.007000093 0.999623358 -0.026535474 -0.930369377 -0.551141620 0.018285040 0.834211349 59.952102661
0.834903836 0.016437769 0.550150394 38.987689972 -0.002625022 0.999661505 -0.025884854 -0.953400970 -0.550389647 0.020167205 0.834664345 60.740814209
0.834669590 0.011874884 0.550623000 39.497440338 -0.000624303 0.999787271 -0.020615328 -0.969702303 -0.550750673 0.016863232 0.834499478 61.513412476
0.834220827 0.008254426 0.551368773 40.005470276 0.000202776 0.999883294 -0.015275845 -0.986378074 -0.551430523 0.012855234 0.834121823 62.283786774
0.834234953 0.005185233 0.551384866 40.525737762 0.000254173 0.999952078 -0.009788129 -0.997951150 -0.551409185 0.008305746 0.834193587 63.080276489
0.834303856 0.005116011 0.551281154 41.028896332 -0.001464328 0.999973953 -0.007063880 -1.005503535 -0.551302969 0.005086166 0.834289670 63.857124329
0.834968328 0.005231712 0.550273180 41.529994965 -0.000813895 0.999965429 -0.008272173 -1.013250828 -0.550297439 0.006459137 0.834943712 64.624725342
0.835843027 0.004282184 0.548951864 42.045585632 0.002220199 0.999935031 -0.011180661 -1.021576166 -0.548964083 0.010564060 0.835779190 65.408699036
0.836740255 0.005234851 0.547574997 42.569221497 0.001791431 0.999922812 -0.012296781 -1.032394528 -0.547597051 0.011270155 0.836666286 66.202842712
0.837401152 0.008422049 0.546523869 43.074634552 -0.001288414 0.999908924 -0.013434660 -1.044720531 -0.546587229 0.010546051 0.837335765 66.977912903
0.838182569 0.011581446 0.545266807 43.572807312 -0.003701414 0.999872267 -0.015547449 -1.052491665 -0.545377195 0.011013343 0.838118374 67.743797302
0.838607430 0.014376242 0.544546545 44.063861847 -0.005614861 0.999826729 -0.017748874 -1.067234039 -0.544707298 0.011826784 0.838542819 68.510513306
0.838561893 0.015818642 0.544576645 44.560585022 -0.008165348 0.999831021 -0.016469344 -1.076814532 -0.544745147 0.009363907 0.838549376 69.317039490
0.837981761 0.012736259 0.545549631 45.059307098 -0.007635661 0.999903381 -0.011614863 -1.093929291 -0.545644879 0.005567411 0.837998033 70.101226807
0.837721646 0.012955064 0.545943856 45.553977966 -0.010041994 0.999915004 -0.008318745 -1.103764057 -0.546005189 0.001486428 0.837780476 70.868850708
0.837403655 0.013896959 0.546408236 46.037025452 -0.010664726 0.999901831 -0.009086457 -1.110974669 -0.546480894 0.001781739 0.837469697 71.627334595
0.837144375 0.015309508 0.546767771 46.524715424 -0.010514209 0.999873936 -0.011898411 -1.124980450 -0.546881020 0.004211858 0.837199807 72.398368835
0.837347507 0.015694316 0.546445608 47.035358429 -0.010688916 0.999866784 -0.012337710 -1.129909515 -0.546566427 0.004490041 0.837403715 73.164924622
0.836561680 0.016148966 0.547634721 47.518402100 -0.013792642 0.999869466 -0.008415210 -1.136234403 -0.547699094 -0.000513487 0.836675227 73.928306580
0.836382627 0.012824731 0.547996044 48.007888794 -0.013697317 0.999903083 -0.002495073 -1.144134045 -0.547974944 -0.005419239 0.836477220 74.680725098
0.836169064 0.014327956 0.548284590 48.510845184 -0.017303998 0.999850214 0.000261284 -1.146444917 -0.548198760 -0.009705992 0.836291790 75.459350586
0.835797966 0.012565262 0.548893332 48.995132446 -0.015200947 0.999884427 0.000257084 -1.145847440 -0.548826635 -0.008558569 0.835892379 76.201293945
0.835818231 0.006706125 0.548965335 49.489379883 -0.007304634 0.999972701 -0.001094049 -1.147328138 -0.548957705 -0.003095564 0.835844398 76.936592102
0.836072981 0.012824128 0.548468351 49.985332489 -0.011827570 0.999915719 -0.005350056 -1.147511482 -0.548490703 -0.002014010 0.836154222 77.689949036
0.835850000 0.022664409 0.548489809 50.461486816 -0.016854281 0.999735832 -0.015626127 -1.156625032 -0.548699081 0.003816698 0.836011231 78.462821960
0.836784244 0.022036402 0.547089219 50.950878143 -0.008737251 0.999599934 -0.026899438 -1.168461442 -0.547463119 0.017728971 0.836642027 79.180572510
0.837264299 0.027856773 0.546088398 51.424045563 -0.011029416 0.999358654 -0.034068428 -1.186009049 -0.546687186 0.022501245 0.837034583 79.919708252
0.836831212 0.036492605 0.546243429 51.891510010 -0.021732070 0.999203742 -0.033460308 -1.211085320 -0.547029555 0.016129632 0.836957932 80.672935486
0.837370753 0.035784367 0.545462847 52.354427338 -0.025071429 0.999319077 -0.027070444 -1.231556296 -0.546060145 0.008992466 0.837697744 81.413703918
0.838277221 0.032092057 0.544299006 52.853832245 -0.025620705 0.999482095 -0.019471250 -1.251671553 -0.544641972 0.002376985 0.838665307 82.199050903
0.838411152 0.027728030 0.544332504 53.329689026 -0.023080790 0.999615431 -0.015369604 -1.269239187 -0.544549346 0.000322424 0.838728726 82.941390991
0.838473916 0.027485335 0.544248164 53.797607422 -0.023722602 0.999621451 -0.013935090 -1.277814865 -0.544425189 -0.001226773 0.838808537 83.681800842
0.839058578 0.026889868 0.543376148 54.278057098 -0.023477564 0.999637008 -0.013215626 -1.287968397 -0.543534279 -0.001668465 0.839385331 84.424606323
0.839601099 0.024927676 0.542631149 54.756786346 -0.020729633 0.999689162 -0.013849748 -1.298866510 -0.542807758 0.000379719 0.839856863 85.165115356
0.839811802 0.025069041 0.542298555 55.234806061 -0.018466108 0.999674320 -0.017615428 -1.313724875 -0.542563558 0.004779503 0.840001166 85.904182434
0.839972436 0.028216679 0.541894972 55.719623566 -0.018912600 0.999562681 -0.022731856 -1.323477268 -0.542299390 0.008845491 0.840138793 86.637107849
0.839831471 0.025936745 0.542227268 56.190402985 -0.016642628 0.999618590 -0.022038452 -1.337645173 -0.542592049 0.009484499 0.839942813 87.392410278
0.839934111 0.021489235 0.542262793 56.677532196 -0.015473117 0.999757767 -0.015652247 -1.349377751 -0.542467833 0.004756360 0.840063155 88.139770508
0.839734554 0.019399835 0.542650521 57.160705566 -0.017256781 0.999810219 -0.009039037 -1.361633778 -0.542722881 -0.001774009 0.839909971 88.891082764
0.839992881 0.018114297 0.542294979 57.644187927 -0.016301118 0.999833941 -0.008147716 -1.369996190 -0.542352498 -0.001995989 0.840148687 89.638816833
0.840271831 0.021544611 0.541737139 58.108814240 -0.017959248 0.999767840 -0.011904221 -1.378693581 -0.541867852 0.000273591 0.840463698 90.381546021
0.840053558 0.023640437 0.541988194 58.587871552 -0.016367752 0.999699712 -0.018235730 -1.388393879 -0.542256534 0.006447864 0.840188265 91.122001648
0.839764357 0.024725279 0.542387843 59.070064545 -0.016040912 0.999656320 -0.020734606 -1.397759080 -0.542714119 0.008711790 0.839872360 91.865722656
0.838426411 0.028415989 0.544273555 59.543388367 -0.020017562 0.999571621 -0.021350594 -1.414710760 -0.544647098 0.007005874 0.838636100 92.622550964
0.837247431 0.030774020 0.545957625 60.027477264 -0.022615600 0.999509633 -0.021657497 -1.430812836 -0.546356380 0.005785524 0.837532818 93.395149231
0.836243093 0.034039047 0.547301471 60.507228851 -0.025014646 0.999400496 -0.023936199 -1.447189569 -0.547788084 0.006325933 0.836593211 94.143661499
0.835137129 0.031030327 0.549165845 60.994812012 -0.021630026 0.999487877 -0.023581944 -1.455611229 -0.549616396 0.007815683 0.835380614 94.887603760
0.834081769 0.029643705 0.550843835 61.488555908 -0.021989767 0.999548137 -0.020494100 -1.476306200 -0.551202476 0.004980828 0.834356666 95.637329102
0.832707942 0.030024363 0.552897871 61.976455688 -0.023333391 0.999544561 -0.019136969 -1.489412785 -0.553220630 0.003034524 0.833029270 96.402389526
0.831800759 0.027976867 0.554368794 62.473979950 -0.021792600 0.999605000 -0.017747598 -1.502762318 -0.554646373 0.002681330 0.832081914 97.148345947
0.831283927 0.023570107 0.555348158 62.981693268 -0.017667575 0.999716163 -0.015983934 -1.511982441 -0.555567265 0.003475534 0.831464350 97.893692017
0.830837727 0.020893259 0.556122482 63.471961975 -0.015560545 0.999776483 -0.014313935 -1.525304556 -0.556297243 0.003238989 0.830977082 98.645965576
0.831027508 0.021040494 0.555833220 63.980945587 -0.014265598 0.999761820 -0.016516425 -1.540508270 -0.556048393 0.005796310 0.831129730 99.399902344
0.831270993 0.020195620 0.555500388 64.477127075 -0.011807336 0.999755859 -0.018677920 -1.551954269 -0.555741966 0.008967434 0.831306458 100.142822266
0.831649363 0.019250961 0.554967344 64.977218628 -0.010283169 0.999761403 -0.019270284 -1.563938737 -0.555205941 0.010319298 0.831648946 100.882881165
0.831695557 0.015945196 0.555002987 65.470809937 -0.008173728 0.999830842 -0.016476391 -1.574567676 -0.555171788 0.009166897 0.831685185 101.632858276
0.832012773 0.016161473 0.554520965 65.982543945 -0.009586191 0.999845147 -0.014757129 -1.590607405 -0.554673612 0.006962377 0.832038879 102.397659302
0.832048178 0.017317604 0.554432988 66.476509094 -0.010130679 0.999820232 -0.016025882 -1.604609013 -0.554610848 0.007717523 0.832074046 103.143638611
0.832258642 0.017940423 0.554097235 66.974510193 -0.008076698 0.999762535 -0.020238796 -1.612398863 -0.554328740 0.012368639 0.832205892 103.884986877
0.831594765 0.017022230 0.555121958 67.483299255 -0.005845076 0.999743104 -0.021899914 -1.626651645 -0.555352151 0.014967125 0.831480622 104.658668518
0.830900788 0.019705765 0.556071579 67.974021912 -0.009060622 0.999719381 -0.021888833 -1.642208576 -0.556346834 0.013149096 0.830846131 105.408691406
0.830506682 0.018356266 0.556706190 68.481559753 -0.008575529 0.999759734 -0.020171899 -1.659663677 -0.556942701 0.011978847 0.830464542 106.173217773
0.830353737 0.015685048 0.557015836 68.987129211 -0.005601299 0.999788225 -0.019803146 -1.674103856 -0.557208478 0.013323604 0.830265701 106.929382324
0.829920948 0.013197059 0.557724953 69.495071411 -0.003082964 0.999813378 -0.019070297 -1.689798355 -0.557872534 0.014107394 0.829806745 107.681961060
0.829838455 0.011025840 0.557894826 70.002449036 0.000624724 0.999785781 -0.020688308 -1.705792904 -0.558003426 0.017516484 0.829653800 108.431648254
0.829827309 0.009349551 0.557941914 70.516029358 0.003826400 0.999740779 -0.022443876 -1.719691873 -0.558007181 0.020759450 0.829576433 109.178138733
0.829722345 0.008095641 0.558117688 71.043365479 0.005673311 0.999720871 -0.022935405 -1.739813089 -0.558147550 0.022196393 0.829444766 109.960174561
0.829512417 0.008565694 0.558422625 71.544982910 0.003496686 0.999783099 -0.020529937 -1.759230256 -0.558477342 0.018982466 0.829302549 110.731582642
0.829541206 0.007132558 0.558400095 72.052413940 0.002087069 0.999871850 -0.015872052 -1.773299456 -0.558441758 0.014331940 0.829419971 111.505706787
0.830233812 0.008678178 0.557347834 72.574546814 -0.002129513 0.999920905 -0.012397105 -1.781978011 -0.557411313 0.009105616 0.830186605 112.278411865
0.830266714 0.011450768 0.557248652 73.071014404 -0.006469731 0.999919593 -0.010907598 -1.792415261 -0.557328761 0.005450967 0.830274045 113.045722961
0.830415130 0.015440091 0.556931198 73.573425293 -0.011441329 0.999877691 -0.010660474 -1.801622629 -0.557027698 0.002480587 0.830490232 113.809020996
0.830627561 0.016790135 0.556575179 74.075981140 -0.013635361 0.999858856 -0.009813336 -1.804797411 -0.556661427 0.000562123 0.830739260 114.578758240
0.831303477 0.016511498 0.555573463 74.595870972 -0.014281598 0.999863207 -0.008346146 -1.815728664 -0.555635273 -0.000996296 0.831425548 115.351577759
0.831477523 0.014637874 0.555365562 75.095291138 -0.012657197 0.999892473 -0.007404356 -1.815829515 -0.555414200 -0.000872816 0.831573367 116.121704102
0.832445025 0.013204982 0.553950250 75.606941223 -0.012035004 0.999911070 -0.005750205 -1.822662950 -0.553976893 -0.001880063 0.832529902 116.890869141
0.833047807 0.010979986 0.553092062 76.114509583 -0.010425637 0.999937057 -0.004148028 -1.828053117 -0.553102791 -0.002310831 0.833109856 117.662399292
0.833925307 0.010671384 0.551774144 76.628356934 -0.010430475 0.999939203 -0.003574829 -1.830189586 -0.551778734 -0.002774125 0.833985925 118.442443848
0.834960639 0.012676245 0.550163627 77.130264282 -0.011472212 0.999918342 -0.005628078 -1.830055237 -0.550190091 -0.001612371 0.835037887 119.215049744
0.835750997 0.013998010 0.548930168 77.632392883 -0.011139465 0.999901474 -0.008538084 -1.835508227 -0.548995614 0.001020924 0.835824609 119.988647461
0.836704373 0.014708298 0.547457218 78.140846252 -0.009358651 0.999877334 -0.012560014 -1.837307453 -0.547574818 0.005385558 0.836739421 120.757736206
0.837538004 0.015299943 0.546164751 78.657592773 -0.007812182 0.999841034 -0.016029067 -1.853051424 -0.546323180 0.009158215 0.837524414 121.554428101
0.838140368 0.015592317 0.545231700 79.161941528 -0.006741095 0.999811113 -0.018229663 -1.859192610 -0.545412958 0.011603559 0.838087201 122.342834473
0.838880360 0.013063457 0.544159055 79.671409607 -0.004553285 0.999845386 -0.016983591 -1.872515202 -0.544296801 0.011769490 0.838810146 123.126922607
0.839620471 0.011137474 0.543059349 80.187065125 -0.004973759 0.999905467 -0.012816927 -1.882487059 -0.543150783 0.008060309 0.839596510 123.915527344
0.839678526 0.011034589 0.542971671 80.697082520 -0.007282078 0.999932468 -0.009059845 -1.889307141 -0.543034971 0.003653395 0.839702129 124.722106934
0.839873374 0.011973116 0.542650342 81.206382751 -0.009680088 0.999928057 -0.007080446 -1.893515944 -0.542696118 0.000693776 0.839928865 125.525230408
0.839653611 0.014445041 0.542930245 81.714172363 -0.013536249 0.999892294 -0.005668731 -1.896990776 -0.542953610 -0.002589467 0.839758694 126.335594177
0.839468360 0.016152889 0.543168485 82.229064941 -0.016524689 0.999854684 -0.004194992 -1.900039554 -0.543157279 -0.005454127 0.839613259 127.138786316
0.839153230 0.016365491 0.543648839 82.745422363 -0.016737958 0.999850810 -0.004262564 -1.905451536 -0.543637455 -0.005522627 0.839301944 127.943191528
0.838881493 0.018315654 0.544005871 83.263984680 -0.017445875 0.999824941 -0.006759900 -1.907506466 -0.544034421 -0.003819902 0.839054227 128.739257812
0.838203073 0.020195564 0.544984221 83.775367737 -0.015606828 0.999793112 -0.013045689 -1.912076831 -0.545134902 0.002429463 0.838344812 129.551254272
0.837706208 0.020918097 0.545720398 84.296264648 -0.013170825 0.999749362 -0.018103724 -1.920572758 -0.545962334 0.007978014 0.837771773 130.365386963
0.837055266 0.018977778 0.546789110 84.822921753 -0.011595519 0.999789119 -0.016949289 -1.926031351 -0.546995461 0.007847189 0.837098837 131.170089722
0.836618662 0.014996734 0.547580421 85.355705261 -0.010337965 0.999879420 -0.011589151 -1.931214571 -0.547688186 0.004034834 0.836672783 131.993209839
0.836067796 0.010230917 0.548530698 85.882865906 -0.008998550 0.999947309 -0.004934967 -1.944747090 -0.548552334 -0.000810015 0.836115837 132.799591064
0.835339665 0.009859231 0.549645722 86.408851624 -0.008790126 0.999950886 -0.004577505 -1.954388618 -0.549663842 -0.001007684 0.835385323 133.611160278
0.834310651 0.012002799 0.551163912 86.926071167 -0.010661927 0.999927282 -0.005636375 -1.959615231 -0.551191509 -0.001173980 0.834378004 134.415130615
0.833591402 0.015850909 0.552154124 87.454704285 -0.012067720 0.999872208 -0.010485001 -1.967100143 -0.552249789 0.002076966 0.833676159 135.212646484
0.832489073 0.017593969 0.553762078 87.972084045 -0.011914654 0.999833047 -0.013854711 -1.974857092 -0.553913414 0.004936013 0.832559705 136.018096924
0.831494927 0.017258221 0.555264235 88.517807007 -0.010863489 0.999831319 -0.014808037 -1.983068466 -0.555426180 0.006280701 0.831542134 136.816101074
0.830412984 0.015744772 0.556925833 89.050010681 -0.011491617 0.999871969 -0.011132485 -1.994248390 -0.557029784 0.002844583 0.830487609 137.617279053
0.829542518 0.013500913 0.558280349 89.589088440 -0.010807641 0.999908626 -0.008121872 -2.005530596 -0.558338940 0.000703746 0.829612613 138.408157349
0.828343034 0.012328843 0.560085595 90.125259399 -0.010458815 0.999923885 -0.006542605 -2.010745764 -0.560123622 -0.000438310 0.828408957 139.210891724
0.827026069 0.010943425 0.562057078 90.655265808 -0.009700100 0.999939442 -0.005196139 -2.014040947 -0.562079906 -0.001154667 0.827082157 140.000549316
0.826086044 0.008968805 0.563472629 91.195312500 -0.008647979 0.999957383 -0.003237863 -2.019853115 -0.563477635 -0.002198145 0.826128364 140.791656494
0.825224638 0.007535807 0.564754367 91.743865967 -0.007103029 0.999970376 -0.002964100 -2.019918680 -0.564759970 -0.001565418 0.825253725 141.585601807
0.824309945 0.007732317 0.566086054 92.283973694 -0.006651132 0.999969959 -0.003973762 -2.019935131 -0.566099763 -0.000489501 0.824336588 142.367355347
0.823746681 0.007393605 0.566909790 92.835090637 -0.005147483 0.999971271 -0.005562033 -2.020344257 -0.566934645 0.001663548 0.823761106 143.169128418
0.823857903 0.006160759 0.566762984 93.377044678 -0.003706491 0.999978125 -0.005482013 -2.023812771 -0.566784322 0.002415698 0.823862672 143.949401855
0.824369788 0.004071692 0.566037059 93.922729492 -0.002111754 0.999989271 -0.004117720 -2.030494213 -0.566047728 0.002199193 0.824369550 144.755126953
0.825154662 0.004209680 0.564891219 94.457786560 -0.002416251 0.999989390 -0.003922621 -2.030308485 -0.564901710 0.001871850 0.825156093 145.545349121
0.826309502 0.006096119 0.563183367 94.989776611 -0.003467764 0.999977529 -0.005736206 -2.038864613 -0.563205659 0.002786895 0.826312065 146.333419800
0.827255547 0.005762374 0.561796308 95.532669067 -0.002209385 0.999973059 -0.007003416 -2.043906689 -0.561821520 0.004552391 0.827245951 147.126953125
0.828404784 0.005858851 0.560099363 96.064773560 -0.001094560 0.999960303 -0.008841074 -2.045671701 -0.560128927 0.006710926 0.828378320 147.909149170
0.829322934 0.005213348 0.558745265 96.594276428 -0.001256807 0.999971330 -0.007464760 -2.050147057 -0.558768213 0.005488462 0.829305768 148.704483032
0.830410004 0.003368801 0.557142615 97.123519897 0.000701131 0.999974608 -0.007091437 -2.057679415 -0.557152331 0.006279430 0.830386519 149.519058228
0.831367254 0.002704053 0.555716813 97.644065857 0.001322637 0.999975681 -0.006844465 -2.066050529 -0.555721819 0.006425275 0.831343472 150.298339844
0.832583249 0.002416966 0.553894699 98.170303345 0.001899140 0.999972165 -0.007218143 -2.068782091 -0.553896725 0.007061629 0.832555413 151.086410522
0.833075345 0.001738707 0.553156853 98.684265137 0.001789432 0.999981344 -0.005838141 -2.081646442 -0.553156674 0.005853448 0.833056688 151.878021240
0.833728731 0.001245012 0.552172840 99.203224182 0.000844311 0.999993443 -0.003529565 -2.081516504 -0.552173615 0.003408906 0.833722174 152.667877197
0.833761871 0.002153486 0.552120030 99.712646484 -0.000766945 0.999995947 -0.002742207 -2.083252907 -0.552123666 0.001862902 0.833760142 153.449386597
0.833442569 0.002351238 0.552601099 100.221588135 -0.001385707 0.999996722 -0.002164894 -2.082836628 -0.552604377 0.001038572 0.833443046 154.245208740
0.832685292 0.005782545 0.553716302 100.732597351 -0.004490921 0.999983132 -0.003689477 -2.083978653 -0.553728282 0.000585477 0.832697213 155.009323120
0.830718756 0.008870737 0.556621671 101.236244202 -0.007235382 0.999960601 -0.005137816 -2.088287592 -0.556645334 0.000240710 0.830750227 155.786956787
0.828555346 0.011376419 0.559791565 101.742492676 -0.010473554 0.999933541 -0.004819193 -2.089927673 -0.559809208 -0.001870039 0.828619421 156.549057007
0.825878263 0.011295266 0.563735306 102.250152588 -0.010250471 0.999934852 -0.005018116 -2.093347073 -0.563755274 -0.001634198 0.825940311 157.300476074
0.822934031 0.008979508 0.568066061 102.755256653 -0.009740707 0.999951124 -0.001695418 -2.099986315 -0.568053484 -0.004138148 0.822981238 158.041122437
0.819824338 0.007969522 0.572559774 103.255477905 -0.010160562 0.999948204 0.000630095 -2.092864990 -0.572525084 -0.006334095 0.819862783 158.775177002
0.816702306 0.006678105 0.577020586 103.754890442 -0.009758321 0.999949872 0.002238867 -2.097318649 -0.576976717 -0.007459239 0.816726565 159.486389160
0.813130856 0.007390798 0.582034051 104.239051819 -0.010106556 0.999947906 0.001421808 -2.096825600 -0.581993222 -0.007038475 0.813163221 160.170303345
0.809250414 0.008189117 0.587406754 104.721878052 -0.009045555 0.999957979 -0.001478793 -2.109211922 -0.587394178 -0.004116707 0.809290528 160.831634521
0.805031538 0.009070680 0.593162656 105.193794250 -0.007934702 0.999958277 -0.004522564 -2.107752323 -0.593178928 -0.001065761 0.805069923 161.460647583
0.800358295 0.008852550 0.599456608 105.661155701 -0.005869474 0.999958754 -0.006930446 -2.121139765 -0.599493206 0.002028345 0.800377250 162.096618652
0.795814157 0.007214092 0.605497956 106.115814209 -0.002441284 0.999959111 -0.008705213 -2.127900839 -0.605535984 0.005449540 0.795799255 162.688568115
0.791252136 0.005854013 0.611461997 106.562332153 -0.000695778 0.999962151 -0.008673075 -2.136882305 -0.611489654 0.006437147 0.791226268 163.266464233
0.786779940 0.004432247 0.617217720 106.998664856 0.000274741 0.999971628 -0.007531024 -2.144829512 -0.617233574 0.006094834 0.786756396 163.817962646
0.782429814 0.001550584 0.622736871 107.439498901 0.001326964 0.999990463 -0.004157174 -2.150791883 -0.622737408 0.004079047 0.782420278 164.370712280
0.778052390 -0.003118373 0.628191710 107.860679626 0.005063086 0.999986351 -0.001306950 -2.158912182 -0.628179014 0.004197464 0.778057516 164.871978760
0.773667395 -0.006490666 0.633558691 108.294769287 0.009496932 0.999953985 -0.001352833 -2.161753416 -0.633520782 0.007063506 0.773693442 165.393188477
0.769320667 -0.004712762 0.638845503 108.709999084 0.009626922 0.999944746 -0.004216495 -2.171896458 -0.638790369 0.009393953 0.769323528 165.904541016
0.765749991 -0.001462652 0.643136680 109.133949280 0.008747975 0.999928594 -0.008141682 -2.174245358 -0.643078864 0.011860637 0.765708089 166.407180786
0.763071239 -0.001836217 0.646311820 109.564361572 0.011767069 0.999869704 -0.011052150 -2.164881706 -0.646207273 0.016038774 0.762993395 166.915512085
0.760937572 -0.006642345 0.648791134 109.993194580 0.016630400 0.999818742 -0.009268863 -2.163406372 -0.648611963 0.017842682 0.760910094 167.415145874
0.760258198 -0.009741222 0.649547994 110.424400330 0.017058913 0.999842107 -0.004971908 -2.163247108 -0.649397016 0.014860516 0.760304332 167.913345337
0.760330975 -0.010005868 0.649458766 110.849311829 0.013421964 0.999909878 -0.000308209 -2.177073240 -0.649397194 0.008951354 0.760396719 168.411941528
0.761476040 -0.004991502 0.648173869 111.267127991 0.008683522 0.999959171 -0.002500865 -2.178203583 -0.648134887 0.007532781 0.761488318 168.908569336
0.763180852 0.002109309 0.646181524 111.675971985 0.005027798 0.999945045 -0.009202233 -2.180576801 -0.646165371 0.010271838 0.763128281 169.402038574
0.764190555 0.003308753 0.644982100 112.078346252 0.007677007 0.999869347 -0.014225231 -2.189934015 -0.644944847 0.015822319 0.764065325 169.901199341
0.766348541 0.003984604 0.642412663 112.499023438 0.009389147 0.999804497 -0.017401876 -2.192476511 -0.642356396 0.019367609 0.766161323 170.384765625
0.768290758 0.005143900 0.640080452 112.899375916 0.005353641 0.999881089 -0.014461374 -2.198092699 -0.640078723 0.014537300 0.768171847 170.885314941
0.770472229 0.003427452 0.637464404 113.308143616 0.002050899 0.999967039 -0.007855342 -2.200154781 -0.637470305 0.007359698 0.770439804 171.396850586
0.772569537 0.001464372 0.634928465 113.713165283 0.001804953 0.999988258 -0.004502565 -2.197746992 -0.634927571 0.004624560 0.772557855 171.911727905
0.775696516 -0.001457444 0.631104469 114.132522583 0.005403419 0.999976039 -0.004332097 -2.216450214 -0.631083012 0.006770514 0.775685787 172.414062500
0.778778255 0.001408089 0.627297759 114.531753540 0.003263935 0.999974847 -0.006296746 -2.218438148 -0.627290845 0.006951228 0.778754115 172.919342041
0.781679153 0.003672568 0.623670042 114.923835754 0.006708216 0.999875307 -0.014295676 -2.212493896 -0.623644769 0.015358345 0.781557024 173.422592163
0.785855114 0.004130126 0.618396878 115.327064514 0.007955670 0.999827445 -0.016787631 -2.218660355 -0.618359506 0.018112408 0.785686612 173.935943604
0.790100932 0.000638040 0.612976491 115.725936890 0.010711213 0.999832392 -0.014847017 -2.228081465 -0.612883210 0.018296363 0.789961696 174.445770264
0.793408394 -0.001370560 0.608688176 116.108207703 0.010127677 0.999888778 -0.010949738 -2.243813038 -0.608605444 0.014852211 0.793334007 174.965133667
0.797317386 -0.005082639 0.603538930 116.486450195 0.012730616 0.999883711 -0.008397628 -2.246499538 -0.603426039 0.014378996 0.797289371 175.472885132
0.801468849 -0.013409323 0.597886205 116.870765686 0.018388823 0.999828458 -0.002226256 -2.248268127 -0.597753763 0.012778698 0.801577926 175.992111206
0.805356026 -0.019842673 0.592459261 117.270210266 0.023520481 0.999722242 0.001510315 -2.249725342 -0.592324674 0.012718583 0.805599034 176.505279541
0.808121681 -0.023652628 0.588540554 117.637466431 0.026640937 0.999638617 0.003593572 -2.244839668 -0.588412821 0.012775226 0.808459759 177.020874023
0.810793519 -0.022317059 0.584906757 117.996612549 0.025577188 0.999669254 0.002687368 -2.254719734 -0.584773242 0.012781367 0.811096132 177.530059814
0.813407660 -0.019588642 0.581364155 118.366439819 0.025246728 0.999679923 -0.001640127 -2.250746727 -0.581145942 0.016011633 0.813641846 178.044219971
0.815894306 -0.015103850 0.578003764 118.724746704 0.022442790 0.999732673 -0.005555556 -2.249294281 -0.577765346 0.017504763 0.816015184 178.557540894
0.818057358 -0.013607176 0.574975610 119.087570190 0.023080278 0.999691486 -0.009179545 -2.250269175 -0.574673355 0.020779992 0.818119049 179.085693359
0.819889963 -0.011621633 0.572403193 119.448783875 0.021815514 0.999702036 -0.010950587 -2.252184868 -0.572105408 0.021465546 0.819899201 179.614746094
0.820798695 -0.008813981 0.571149588 119.805053711 0.018846879 0.999754429 -0.011656625 -2.254859209 -0.570906579 0.020332128 0.820763230 180.159927368
0.822431624 -0.003357526 0.568854094 120.180244446 0.014410995 0.999784648 -0.014933979 -2.257554770 -0.568681419 0.020479931 0.822302878 180.700592041
0.823274791 -0.001752048 0.567640364 120.551071167 0.013220479 0.999783158 -0.016088389 -2.263799429 -0.567489088 0.020749642 0.823119462 181.249038696
0.824075341 -0.001268742 0.566478729 120.932434082 0.011643137 0.999824166 -0.014698351 -2.266618490 -0.566360474 0.018708138 0.823945284 181.814666748
0.824613512 -0.002973263 0.565688729 121.317977905 0.012238141 0.999845922 -0.012584538 -2.271859169 -0.565564156 0.017300358 0.824522853 182.370941162
0.824981749 -0.005742228 0.565130234 121.702789307 0.014047162 0.999847770 -0.010346817 -2.274239063 -0.564984798 0.016474411 0.824936867 182.938568115
0.825362086 -0.010151610 0.564512551 122.098190308 0.017245993 0.999825120 -0.007235188 -2.283613205 -0.564340413 0.015707228 0.825392783 183.508941650
0.825881243 -0.008924829 0.563773453 122.492347717 0.016683523 0.999823749 -0.008612241 -2.286585569 -0.563597202 0.016518416 0.825884581 184.097778320
0.826731563 -0.007815560 0.562542379 122.894638062 0.017860752 0.999764085 -0.012358767 -2.283250332 -0.562313080 0.020264810 0.826676071 184.682418823
0.827636480 -0.004477103 0.561246693 123.289749146 0.016890595 0.999713957 -0.016932752 -2.294681311 -0.561010361 0.023493953 0.827475369 185.269439697
0.829118371 -0.002119993 0.559069097 123.695541382 0.018925780 0.999526083 -0.024277370 -2.298094511 -0.558752716 0.030709634 0.828765571 185.858856201
0.829595208 -0.001421558 0.558363557 124.094573975 0.019815074 0.999441803 -0.026895968 -2.305367470 -0.558013618 0.033376779 0.829160273 186.465850830
0.830455065 -0.002578683 0.557079613 124.504547119 0.018267831 0.999577522 -0.022605417 -2.308361530 -0.556786001 0.028949419 0.830151320 187.073608398
0.831403732 -0.008059097 0.555610359 124.921844482 0.018741954 0.999732614 -0.013544006 -2.323451042 -0.555352628 0.021673761 0.831332505 187.693939209
0.831862271 -0.010086380 0.554890454 125.338340759 0.017315079 0.999819756 -0.007783877 -2.330567122 -0.554711938 0.016083086 0.831887007 188.341629028
0.832538426 -0.011009069 0.553857982 125.749572754 0.017683018 0.999821126 -0.006706940 -2.338898420 -0.553685069 0.015377665 0.832584202 188.962463379
0.833577871 -0.009095158 0.552327096 126.164535522 0.017226659 0.999806166 -0.009534871 -2.333134174 -0.552133322 0.017462809 0.833572984 189.578704834
0.834436774 -0.011523441 0.550983250 126.580238342 0.019615063 0.999768913 -0.008796551 -2.331539631 -0.550754547 0.018147737 0.834469974 190.202270508
0.835023165 -0.013545449 0.550047994 126.989189148 0.020078003 0.999781251 -0.005859694 -2.335391521 -0.549848318 0.015936848 0.835112453 190.823287964
0.835133374 -0.012516974 0.549905062 127.392456055 0.017936166 0.999829113 -0.004481239 -2.348067045 -0.549754977 0.013605622 0.835215151 191.464187622
0.835342407 -0.009450819 0.549648821 127.800323486 0.015895842 0.999849379 -0.006966403 -2.351094723 -0.549500167 0.014556461 0.835366786 192.084762573
0.834941685 -0.006681554 0.550297856 128.193969727 0.015622356 0.999811113 -0.011563675 -2.354282379 -0.550116658 0.018251942 0.834888339 192.705474854
0.834908724 -0.004057833 0.550373495 128.604644775 0.014497886 0.999787986 -0.014621782 -2.356130600 -0.550197482 0.020187106 0.834790528 193.324981689
0.834181666 -0.003330705 0.551479757 129.008575439 0.014400220 0.999772370 -0.015743919 -2.373782158 -0.551301777 0.021074718 0.834039688 193.935241699
0.833240986 -0.004927972 0.552888095 129.411788940 0.017749581 0.999683321 -0.017839536 -2.386187792 -0.552625060 0.024678163 0.833064556 194.548553467
0.832364500 -0.007192649 0.554181933 129.816223145 0.021358088 0.999589324 -0.019105673 -2.398794413 -0.553816915 0.027739150 0.832176268 195.147949219
0.831607521 -0.006269892 0.555328429 130.214355469 0.018427650 0.999697208 -0.016308513 -2.408355951 -0.555058002 0.023795677 0.831471205 195.763641357
0.831172824 -0.007901551 0.555958033 130.608718872 0.014353664 0.999870718 -0.007248470 -2.413421869 -0.555828869 0.014004765 0.831178784 196.375961304
0.830903888 -0.015708178 0.556194246 131.018615723 0.016381577 0.999858737 0.003765667 -2.414587021 -0.556174815 0.005982431 0.831043839 196.982284546
0.831134379 -0.022039367 0.555634677 131.430419922 0.019261688 0.999755681 0.010843329 -2.415445089 -0.555737913 0.001690198 0.831355810 197.587677002
0.830165505 -0.024299193 0.556987286 131.816955566 0.020557564 0.999704480 0.012973067 -2.413482666 -0.557137966 0.000680508 0.830419719 198.169540405
0.830507338 -0.018686518 0.556694210 132.209197998 0.016323751 0.999824345 0.009208362 -2.405929089 -0.556768477 0.001439725 0.830666482 198.750045776
0.831097007 -0.012014659 0.555997729 132.584533691 0.012510266 0.999917507 0.002907248 -2.404132605 -0.555986822 0.004539473 0.831178725 199.310699463
0.830925524 -0.005485814 0.556356609 132.945007324 0.009402226 0.999947071 -0.004182619 -2.409109592 -0.556304216 0.008706435 0.830933094 199.869735718
0.830883920 -0.002459621 0.556440353 133.301696777 0.010560280 0.999879837 -0.011349001 -2.406728983 -0.556345582 0.015305867 0.830810070 200.420761108
0.831100464 -0.002050495 0.556118548 133.659103394 0.011882899 0.999830365 -0.014072070 -2.411407232 -0.555995345 0.018303605 0.830983877 200.948455811
0.831009626 -0.002767122 0.556251168 134.010910034 0.011861007 0.999848425 -0.012745879 -2.415803432 -0.556131542 0.017189646 0.830916524 201.467956543
0.831076980 -0.001490824 0.556155443 134.332122803 0.007995528 0.999925077 -0.009267531 -2.422469854 -0.556100011 0.012148788 0.831026614 201.970672607
0.831500232 -0.000897461 0.555523694 134.650985718 0.004856236 0.999972224 -0.005653271 -2.426665306 -0.555503190 0.007398450 0.831481516 202.463043213
0.831941843 -0.000372951 0.554862738 134.950866699 0.002225935 0.999993980 -0.002665345 -2.429305315 -0.554858446 0.003452501 0.831937671 202.939849854
0.833076060 -0.006219069 0.553123534 135.281723022 0.008100388 0.999966741 -0.000957069 -2.439144373 -0.553099155 0.005277826 0.833098769 203.415451050
0.835057557 -0.009593291 0.550078928 135.582626343 0.012187500 0.999925137 -0.001062922 -2.441526651 -0.550027609 0.007591689 0.835111976 203.853515625
0.836700559 -0.011566993 0.547538459 135.847930908 0.014419831 0.999895632 -0.000911893 -2.443988562 -0.547470748 0.008658392 0.836780071 204.279647827
0.838759780 -0.013645509 0.544330597 136.114105225 0.015645437 0.999877155 0.000957266 -2.454174042 -0.544276774 0.007713374 0.838870227 204.702072144
0.841608882 -0.016546372 0.539833963 136.383468628 0.018845951 0.999821603 0.001264278 -2.451927185 -0.539758563 0.009109656 0.841770589 205.125213623
0.846002042 -0.022301380 0.532713115 136.643402100 0.026420059 0.999650896 -0.000108556 -2.449350357 -0.532524705 0.014166148 0.846295893 205.516433716
0.851434350 -0.025047477 0.523862720 136.880752563 0.031238642 0.999507487 -0.002982678 -2.455760956 -0.523530006 0.018904312 0.851797521 205.905273438
0.859020472 -0.020021336 0.511549592 137.089889526 0.028952228 0.999535680 -0.009497649 -2.464715958 -0.511121929 0.022969173 0.859201312 206.287689209
0.868002415 -0.015646070 0.496313393 137.297439575 0.026767310 0.999524534 -0.015303761 -2.472000360 -0.495837957 0.026568675 0.868008554 206.689498901
0.878329873 -0.014447864 0.477836698 137.493423462 0.026748369 0.999462605 -0.018947463 -2.475477934 -0.477306157 0.029423473 0.878244340 207.083480835
0.889032245 -0.014487945 0.457615316 137.674560547 0.027722996 0.999368668 -0.022219192 -2.476980686 -0.457004488 0.032440044 0.888872623 207.472122192
0.899575770 -0.015339560 0.436495304 137.860244751 0.028650355 0.999303043 -0.023927629 -2.480249166 -0.435824037 0.034030460 0.899388313 207.876281738
0.909081280 -0.014242939 0.416375250 138.021820068 0.026144506 0.999395967 -0.022895565 -2.487222433 -0.415797621 0.031699855 0.908904552 208.281829834
0.917893112 -0.012450220 0.396632373 138.168548584 0.021480223 0.999601185 -0.018332580 -2.496637821 -0.396245927 0.025347101 0.917794466 208.690368652
0.926677644 -0.011029425 0.375695258 138.310867310 0.017642451 0.999743998 -0.014166440 -2.504757881 -0.375442833 0.019755907 0.926634967 209.097854614
0.934706450 -0.009984208 0.355280370 138.445053101 0.015043666 0.999820948 -0.011481052 -2.510213375 -0.355102122 0.016076133 0.934689283 209.499084473
0.941562295 -0.006825327 0.336769760 138.559539795 0.010375600 0.999907970 -0.008743589 -2.517644405 -0.336679071 0.011726822 0.941546440 209.902999878
0.947969615 0.000062832 0.318360746 138.671432495 0.002535148 0.999966800 -0.007746159 -2.525491238 -0.318350643 0.008150214 0.947937965 210.305480957
0.952965736 0.008541552 0.302957654 138.777481079 -0.006043998 0.999939620 -0.009180534 -2.528087616 -0.303017765 0.006917659 0.952959776 210.724044800
0.956152737 0.016538855 0.292401165 138.892166138 -0.014036410 0.999844730 -0.010654323 -2.526691198 -0.292531997 0.006082897 0.956236362 211.169799805
0.957616150 0.022255724 0.287186354 139.007888794 -0.020092325 0.999743223 -0.010478474 -2.525671482 -0.287345827 0.004264114 0.957817435 211.606979370
0.957253575 0.027236484 0.287964851 139.129089355 -0.025814747 0.999628603 -0.008734077 -2.527252436 -0.288095772 0.000926988 0.957601130 212.062774658
0.955221653 0.031528648 0.294206679 139.265258789 -0.030855192 0.999499857 -0.006931625 -2.529960155 -0.294278055 -0.002456565 0.955716670 212.517776489
0.951236188 0.036061931 0.306348234 139.405639648 -0.036024578 0.999334216 -0.005777861 -2.527220249 -0.306352645 -0.005539956 0.951901972 212.993133545
0.945671201 0.039596498 0.322704315 139.566268921 -0.040157709 0.999181211 -0.004921187 -2.529600143 -0.322634965 -0.008305240 0.946487069 213.458221436
0.938501477 0.043686915 0.342500299 139.754638672 -0.045007907 0.998978257 -0.004094270 -2.532347441 -0.342329234 -0.011572745 0.939508796 213.949264526
0.929834545 0.044989511 0.365217358 139.953765869 -0.046843652 0.998895049 -0.003786668 -2.533942223 -0.364984185 -0.013587138 0.930914581 214.422821045
0.919941664 0.045874067 0.389362216 140.164611816 -0.048145704 0.998832583 -0.003927642 -2.530297279 -0.389087826 -0.015132912 0.921076357 214.914230347
0.909417629 0.045548290 0.413382292 140.394668579 -0.047943462 0.998839557 -0.004583660 -2.525557995 -0.413111329 -0.015650518 0.910546064 215.404083252
0.898146033 0.046182837 0.437265158 140.643997192 -0.048137899 0.998818755 -0.006617088 -2.525984764 -0.437054247 -0.015105914 0.899308264 215.899383545
0.886573672 0.045917880 0.460302770 140.919586182 -0.047226191 0.998846531 -0.008679971 -2.533817530 -0.460170388 -0.014042912 0.887719572 216.397384644
0.875320435 0.048062459 0.481148720 141.197097778 -0.047943715 0.998771250 -0.012547654 -2.533401012 -0.481160581 -0.012084837 0.876549184 216.874496460
0.864009202 0.052501839 0.500731170 141.499847412 -0.049008682 0.998595297 -0.020138822 -2.538871050 -0.501085103 -0.007140044 0.865368545 217.374588013
0.852929592 0.056903224 0.518915355 141.815628052 -0.050133970 0.998375416 -0.027075771 -2.544580221 -0.519613028 -0.002921554 0.854396760 217.885208130
0.843203068 0.054105643 0.534865618 142.154678345 -0.047144387 0.998531520 -0.026686886 -2.551975012 -0.535524130 -0.002713448 0.844515622 218.417007446
0.834822595 0.049800321 0.548262000 142.520141602 -0.043975297 0.998750031 -0.023759633 -2.554177523 -0.548759937 -0.004274904 0.835969090 218.953704834
0.827496767 0.046552144 0.559537411 142.896896362 -0.042531464 0.998890758 -0.020205731 -2.558303356 -0.559857368 -0.007077764 0.828558803 219.498046875
0.821613193 0.044302724 0.568321347 143.276199341 -0.044330493 0.998921871 -0.013781719 -2.577846766 -0.568319142 -0.013870720 0.822691321 220.055343628
0.817063451 0.045509737 0.574748874 143.667709351 -0.045586985 0.998858213 -0.014285058 -2.586039543 -0.574742734 -0.014529267 0.818205178 220.620498657
0.813339353 0.046636887 0.579917312 144.071578979 -0.044013992 0.998857796 -0.018598003 -2.584352016 -0.580122292 -0.010397984 0.814463019 221.191177368
0.810777307 0.044894576 0.583630562 144.495010376 -0.040193282 0.998971045 -0.021007432 -2.589805603 -0.583973110 -0.006425677 0.811747551 221.770812988
0.809129357 0.042677775 0.586078823 144.930709839 -0.037864372 0.999073088 -0.020476835 -2.602879047 -0.586409509 -0.005623096 0.809995294 222.366119385
0.808396816 0.042198289 0.587123454 145.380569458 -0.037439447 0.999093533 -0.020258272 -2.605518103 -0.587446094 -0.005604854 0.809243917 222.982315063
0.808397293 0.040752426 0.587224841 145.825210571 -0.036522839 0.999151051 -0.019060608 -2.611541748 -0.587503076 -0.006038574 0.809199393 223.595352173
0.809064388 0.039059028 0.586420715 146.274566650 -0.035182085 0.999218524 -0.018014261 -2.622416258 -0.586666048 -0.006056803 0.809806347 224.220367432
0.810486674 0.038724218 0.584475636 146.730941772 -0.034450527 0.999236405 -0.018431829 -2.632035017 -0.584743142 -0.005196743 0.811201870 224.848785400
0.811129570 0.040394381 0.583469927 147.185760498 -0.035447195 0.999173462 -0.019896017 -2.635703087 -0.583791375 -0.004544123 0.811891019 225.521026611
0.812319517 0.041777335 0.581714451 147.646392822 -0.037080120 0.999112666 -0.019974338 -2.640938759 -0.582032740 -0.005344496 0.813147783 226.172332764
0.813558877 0.040422797 0.580075800 148.111465454 -0.037054397 0.999157250 -0.017657690 -2.653341055 -0.580300689 -0.007128789 0.814371109 226.833480835
0.814195871 0.039911579 0.579216778 148.582168579 -0.038849577 0.999143660 -0.014236869 -2.656395912 -0.579289019 -0.010910729 0.815049171 227.541778564
0.815570414 0.038122848 0.577400744 149.058029175 -0.039086014 0.999177873 -0.010762211 -2.662156582 -0.577336311 -0.013790950 0.816389978 228.219985962
0.816638231 0.037261177 0.575945854 149.531311035 -0.039749704 0.999175370 -0.008280850 -2.669970274 -0.575779438 -0.016131219 0.817445934 228.909179688
0.817865729 0.037882727 0.574160755 150.023864746 -0.039731789 0.999166846 -0.009328214 -2.670067549 -0.574035764 -0.015183205 0.818689466 229.611358643
0.818892837 0.039851960 0.572561204 150.495956421 -0.039808456 0.999127805 -0.012607104 -2.675686836 -0.572564244 -0.012468909 0.819765091 230.303207397
0.820020854 0.042294130 0.570768833 150.976165771 -0.040442068 0.999054909 -0.015927328 -2.679303646 -0.570903003 -0.010022326 0.820956349 231.002014160
0.820981860 0.041972388 0.569409490 151.445312500 -0.039399259 0.999081671 -0.016838090 -2.684067249 -0.569593310 -0.008610542 0.821881592 231.705413818
0.821922660 0.039489165 0.568228602 151.923370361 -0.037433475 0.999182105 -0.015292167 -2.700984478 -0.568367720 -0.008701793 0.822728634 232.400482178
0.823052227 0.037238479 0.566743672 152.403488159 -0.035451274 0.999270856 -0.014174099 -2.707771301 -0.566858232 -0.008425760 0.823772252 233.103103638
0.823721051 0.035266858 0.565897405 152.877151489 -0.033474535 0.999347687 -0.013554000 -2.718060017 -0.566006243 -0.007778435 0.824364245 233.805221558
0.824422300 0.032298490 0.565052807 153.352828979 -0.031446204 0.999442160 -0.011247657 -2.730212688 -0.565100908 -0.008495944 0.824978054 234.512023926
0.824881077 0.029524388 0.564534783 153.822891235 -0.030178515 0.999511063 -0.008177116 -2.738455534 -0.564500213 -0.010291672 0.825368762 235.204498291
0.824987173 0.026784295 0.564516485 154.291351318 -0.029815327 0.999548018 -0.003852723 -2.742644072 -0.564364493 -0.013652795 0.825412810 235.893676758
0.824800134 0.027499447 0.564755321 154.758102417 -0.031486712 0.999500573 -0.002683404 -2.746067286 -0.564547062 -0.015569015 0.825254083 236.592620850
0.824296057 0.028608613 0.565435708 155.222320557 -0.031865556 0.999483705 -0.004115744 -2.756999493 -0.565261543 -0.014625331 0.824782133 237.278793335
0.824005663 0.030725835 0.565747857 155.687362671 -0.031814773 0.999462247 -0.007943040 -2.759148598 -0.565687656 -0.011454031 0.824540019 237.958633423
0.823043466 0.033328261 0.566999793 156.146102905 -0.032178279 0.999409676 -0.012036104 -2.758753777 -0.567066193 -0.008338839 0.823630035 238.632476807
0.822242320 0.035501461 0.568029284 156.605957031 -0.033772867 0.999337375 -0.013570531 -2.769581795 -0.568134665 -0.008025710 0.822896481 239.304565430
0.821217179 0.035226848 0.569527388 157.058486938 -0.032963384 0.999354482 -0.014282034 -2.778795481 -0.569662869 -0.007044897 0.821848273 239.974349976
0.820782661 0.035050042 0.570164263 157.539459229 -0.032825436 0.999360502 -0.014180262 -2.787353754 -0.570296645 -0.007076976 0.821408331 240.679046631
0.819748938 0.033752423 0.571727633 157.996887207 -0.031350698 0.999409676 -0.014050043 -2.791256428 -0.571864367 -0.006406550 0.820323169 241.349533081
0.819153249 0.033242293 0.572610676 158.459426880 -0.031368677 0.999421418 -0.013145595 -2.804117680 -0.572716355 -0.007193781 0.819722056 242.017288208
0.818763971 0.030608209 0.573313773 158.923904419 -0.029443042 0.999502420 -0.011313312 -2.812916756 -0.573374808 -0.007617168 0.819257796 242.668823242
0.817617416 0.028517481 0.575055182 159.370483398 -0.028341010 0.999555290 -0.009273362 -2.819585323 -0.575063944 -0.008715582 0.818062067 243.320510864
0.816818655 0.026872069 0.576268315 159.824157715 -0.027456025 0.999593377 -0.007695286 -2.824910879 -0.576240778 -0.009536386 0.817224324 243.962219238
0.815904498 0.024266507 0.577677250 160.272308350 -0.025943330 0.999649107 -0.005350241 -2.834924698 -0.577604353 -0.010621585 0.816247761 244.602401733
0.814872980 0.021940483 0.579224229 160.711929321 -0.024015065 0.999703288 -0.004082607 -2.839232445 -0.579141915 -0.010583299 0.815158069 245.219512939
0.814083397 0.020702027 0.580378950 161.147018433 -0.023115939 0.999727547 -0.003235966 -2.844501019 -0.580287814 -0.010781657 0.814340115 245.828201294
0.812947750 0.020606391 0.581971943 161.572128296 -0.023163324 0.999727070 -0.003041718 -2.850011110 -0.581875741 -0.011007647 0.813203216 246.442840576
0.811573684 0.020083841 0.583904803 161.984481812 -0.023140896 0.999729753 -0.002222745 -2.853287697 -0.583791673 -0.011708158 0.811819077 247.019378662
0.810388565 0.020465525 0.585535288 162.389404297 -0.023859883 0.999713480 -0.001919413 -2.856996298 -0.585406780 -0.012415332 0.810644686 247.578399658
0.808627129 0.020577302 0.587961435 162.780105591 -0.024304366 0.999703407 -0.001561376 -2.860964537 -0.587819159 -0.013027459 0.808887422 248.138580322
0.806725979 0.021542409 0.590532899 163.161941528 -0.024834113 0.999688327 -0.002542400 -2.866161823 -0.590403616 -0.012614341 0.807009578 248.660964966
0.804405510 0.024714656 0.593566298 163.531600952 -0.027652651 0.999608994 -0.004146203 -2.872710228 -0.593436718 -0.013078453 0.804774404 249.177993774
0.801589131 0.026070816 0.597306609 163.895248413 -0.028521001 0.999578834 -0.005353552 -2.874906063 -0.597194612 -0.012744430 0.801995158 249.661224365
0.798227668 0.026449261 0.601774931 164.255020142 -0.028252877 0.999579966 -0.006457436 -2.881915569 -0.601692915 -0.011847368 0.798639655 250.147872925
0.794996202 0.025333753 0.606085181 164.595611572 -0.025831368 0.999635100 -0.007900983 -2.887689829 -0.606064141 -0.009374758 0.795360506 250.584899902
0.791869521 0.024640473 0.610193014 164.932815552 -0.023864411 0.999671042 -0.009398446 -2.896437407 -0.610223889 -0.007119554 0.792196989 251.016433716
0.788436174 0.025260309 0.614597678 165.247680664 -0.023054188 0.999667943 -0.011511863 -2.905339003 -0.614684403 -0.005092681 0.788756728 251.421035767
0.785363495 0.024865435 0.618535280 165.552078247 -0.021985652 0.999682963 -0.012272257 -2.908949375 -0.618644357 -0.003960719 0.785661221 251.804931641
0.782677770 0.022558074 0.622018218 165.845901489 -0.018759331 0.999743998 -0.012652020 -2.913012505 -0.622144341 -0.001766191 0.782900572 252.164276123
0.780129671 0.019511800 0.625313461 166.115386963 -0.015168311 0.999809623 -0.012273580 -2.922891140 -0.625433922 0.000090035 0.780277133 252.489135742
0.777723312 0.017522234 0.628362536 166.393005371 -0.011968284 0.999843001 -0.013068045 -2.926820993 -0.628492892 0.002642902 0.777810872 252.812149048
0.775523424 0.016680034 0.631098449 166.634124756 -0.010542234 0.999853671 -0.013471502 -2.931633472 -0.631230831 0.003794279 0.775585771 253.105331421
0.773823261 0.015454775 0.633213043 166.864959717 -0.009625535 0.999873757 -0.012640865 -2.941143751 -0.633328497 0.003686782 0.773874342 253.379348755
0.772460341 0.014369996 0.634900451 167.071701050 -0.008980147 0.999891162 -0.011705182 -2.950442553 -0.634999514 0.003340289 0.772505283 253.622955322
0.771083653 0.013315961 0.636594653 167.255386353 -0.007031785 0.999898434 -0.012398022 -2.954431057 -0.636695087 0.005083516 0.771098971 253.849609375
