1.000000000 0.000000000 0.000000000 0.000000000 0.000000000 1.000000000 0.000000000 0.000000000 0.000000000 0.000000000 1.000000000 0.000000000
0.999749720 -0.002788423 -0.022198038 -0.020603282 0.002761296 0.999995410 -0.001252603 0.012743416 0.022201428 0.001190994 0.999752820 0.490507931
0.999076426 -0.006326112 -0.042500086 -0.048853900 0.006386920 0.999978781 0.001295148 0.017410751 0.042490993 -0.001565396 0.999095619 0.986352503
0.998116195 -0.004131504 -0.061212689 -0.091836028 0.004498451 0.999972701 0.005858025 0.019187592 0.061186817 -0.006122352 0.998107553 1.498607159
0.996906459 0.001829889 -0.078575477 -0.150941610 -0.000912145 0.999930978 0.011714088 0.026667668 0.078591488 -0.011606178 0.996839345 2.016019106
0.995507300 0.007701576 -0.094370931 -0.228381380 -0.006182941 0.999846816 0.016374046 0.036554825 0.094482586 -0.015716994 0.995402455 2.526257515
0.993841052 0.010610442 -0.110306062 -0.296610892 -0.008499810 0.999772012 0.019586986 0.045637581 0.110488735 -0.018528771 0.993704677 3.056602001
0.992184043 0.008250357 -0.124510154 -0.366282105 -0.005838691 0.999788463 0.019721730 0.048450977 0.124646530 -0.018840609 0.992022336 3.580710888
0.990712225 0.010531962 -0.135566890 -0.448062301 -0.008078437 0.999793708 0.018635694 0.059248362 0.135735199 -0.017367441 0.990592897 4.104812145
0.989403069 0.015666630 -0.144347206 -0.548268795 -0.013911871 0.999816656 0.013157929 0.073431231 0.144526869 -0.011010356 0.989439607 4.637750149
0.987913489 0.021462973 -0.153513283 -0.641808629 -0.020857422 0.999767005 0.005554209 0.077007182 0.153596729 -0.002285186 0.988130987 5.170186996
0.986533105 0.026793806 -0.161352217 -0.742840886 -0.027076317 0.999633253 0.000448070 0.087408632 0.161305055 0.003926788 0.986896753 5.690950394
0.985482275 0.031659842 -0.166800469 -0.848439336 -0.031929117 0.999489546 0.001067766 0.094709173 0.166749135 0.004273526 0.985990107 6.215592384
0.984674633 0.035145551 -0.170823544 -0.943607569 -0.034293942 0.999380291 0.007934475 0.103414208 0.170996547 -0.001954665 0.985269666 6.753243923
0.984410644 0.036109496 -0.172138765 -1.049786329 -0.033804040 0.999295413 0.016306600 0.116143070 0.172606304 -0.010233406 0.984937727 7.299422264
0.984152138 0.039438643 -0.172884881 -1.141677260 -0.035247345 0.999007106 0.027247822 0.127307847 0.173787847 -0.020722270 0.984565079 7.839316368
0.983733296 0.047997821 -0.173103943 -1.248989224 -0.041646663 0.998325825 0.040139191 0.136210784 0.174740732 -0.032277059 0.984085321 8.364892006
0.983324528 0.054627232 -0.173461020 -1.351761937 -0.046605475 0.997661769 0.049989302 0.159029707 0.175786212 -0.041071471 0.983571231 8.921300888
0.983294129 0.055783905 -0.173265025 -1.457495928 -0.046707392 0.997335911 0.056030858 0.181483567 0.175929055 -0.047002058 0.983280122 9.441947937
0.983497858 0.046262678 -0.174904957 -1.539900303 -0.038052235 0.998023570 0.050009750 0.201045752 0.176872849 -0.042528957 0.983314455 9.953416824
0.983180881 0.042277377 -0.177673936 -1.624882460 -0.036976907 0.998769760 0.033040185 0.203535765 0.178852215 -0.025914647 0.983534575 10.454792976
0.983025312 0.042802349 -0.178407252 -1.723472118 -0.041735880 0.999081314 0.009728303 0.206780091 0.178659752 -0.002117185 0.983908653 10.950486183
0.982400596 0.047082111 -0.180754796 -1.835512400 -0.049556434 0.998728991 -0.009194784 0.223072022 0.180092156 0.017990526 0.983485222 11.433899879
0.982064962 0.041223865 -0.183980837 -1.920410275 -0.046276119 0.998658061 -0.023250293 0.247308671 0.182775483 0.031347215 0.982654810 11.933546066
0.982214510 0.030982802 -0.185188219 -1.997227311 -0.036161672 0.999041855 -0.024652785 0.261384875 0.184246957 0.030911040 0.982393801 12.438377380
0.982432604 0.027289204 -0.184611782 -2.092011452 -0.030269712 0.999452651 -0.013345209 0.253223985 0.184146568 0.018698914 0.982720912 12.948453903
0.982326210 0.030817777 -0.184622437 -2.193233728 -0.031613421 0.999499261 -0.001366827 0.239621997 0.184487864 0.007179216 0.982808590 13.460675240
0.981885374 0.036916390 -0.185844958 -2.290965080 -0.036671221 0.999316037 0.004757759 0.228133410 0.185893491 0.002143587 0.982567549 13.977202415
0.981614411 0.041276198 -0.186358199 -2.396782875 -0.040791273 0.999146938 0.006437525 0.230882436 0.186464936 0.001282619 0.982460797 14.487792969
0.981503665 0.038620397 -0.187507451 -2.502578020 -0.038747594 0.999244571 0.002988246 0.230350822 0.187481210 0.004332487 0.982258618 15.010017395
0.981373847 0.032391749 -0.189357325 -2.590251684 -0.033859521 0.999416351 -0.004520583 0.229354754 0.189100385 0.010847930 0.981897831 15.523715019
0.981326342 0.027905546 -0.190315351 -2.688230753 -0.030204894 0.999501467 -0.009191182 0.227121308 0.189963996 0.014768003 0.981679976 16.051698685
0.981278777 0.027673755 -0.190594211 -2.809478521 -0.030394508 0.999473333 -0.011366051 0.227573127 0.190179303 0.016946280 0.981603086 16.600332260
0.980918586 0.029087283 -0.192230687 -2.913649082 -0.032248095 0.999390960 -0.013333919 0.238675013 0.191725761 0.019278562 0.981259167 17.135118484
0.980427921 0.029068915 -0.194720507 -3.024753571 -0.031980731 0.999418497 -0.011826141 0.241684496 0.194263518 0.017821983 0.980787456 17.687274933
0.980044305 0.029029379 -0.196647987 -3.137724400 -0.030743450 0.999511242 -0.005668779 0.231735438 0.196387306 0.011601292 0.980457783 18.250692368
0.979723334 0.029367696 -0.198191077 -3.263002396 -0.030372970 0.999536574 -0.002033504 0.228394285 0.198039502 0.008011923 0.980161309 18.813753128
0.979253590 0.028402088 -0.200638354 -3.383076191 -0.029375916 0.999566674 -0.001877453 0.231432915 0.200498089 0.007732437 0.979663551 19.382400513
0.978562653 0.027743535 -0.204072267 -3.507989407 -0.028755680 0.999584496 -0.001995500 0.235475332 0.203932106 0.007820957 0.978953779 19.997970581
0.977779746 0.027666800 -0.207801268 -3.636176586 -0.028625196 0.999588907 -0.001605903 0.238724738 0.207671419 0.007518571 0.978169739 20.596046448
0.976802588 0.028744813 -0.212203860 -3.769348145 -0.029567605 0.999562562 -0.000704392 0.244691998 0.212090775 0.006962411 0.977225184 21.206567764
0.975732863 0.029632719 -0.216949984 -3.909342051 -0.030349365 0.999539375 0.000028568 0.244326532 0.216850892 0.006556419 0.976182699 21.824506760
0.974992335 0.028264802 -0.220433757 -4.064862251 -0.029022343 0.999578714 -0.000198105 0.248220056 0.220335305 0.006590655 0.975401938 22.429138184
0.974056423 0.027405497 -0.224639654 -4.221565247 -0.028369803 0.999596953 -0.001065435 0.249149531 0.224519908 0.007410775 0.974441350 23.082275391
0.972957313 0.028011749 -0.229280129 -4.376504898 -0.029111339 0.999575198 -0.001414176 0.252872229 0.229143113 0.008050585 0.973359466 23.724905014
0.971926451 0.030392636 -0.233313784 -4.540392876 -0.031445283 0.999505162 -0.000792517 0.258990526 0.233174250 0.008106886 0.972401202 24.379457474
0.970885456 0.031419791 -0.237474725 -4.710329533 -0.032282520 0.999478757 0.000255963 0.267700613 0.237358987 0.007417772 0.971393704 25.057844162
0.969862998 0.031565484 -0.241597548 -4.880722046 -0.031996146 0.999485672 0.002141460 0.272020131 0.241540894 0.005653268 0.970374167 25.741731644
0.968925118 0.031511109 -0.245338857 -5.049154282 -0.031514149 0.999495625 0.003914449 0.275496900 0.245338470 0.003938837 0.969429493 26.414957047
0.968054831 0.032565314 -0.248614907 -5.227892399 -0.032230031 0.999465764 0.005419954 0.277351826 0.248658597 0.002766053 0.968587279 27.088254929
0.966984212 0.034374263 -0.252507329 -5.408830643 -0.033990365 0.999404848 0.005883630 0.283558309 0.252559304 0.002893437 0.967577100 27.767030716
0.966024995 0.036273353 -0.255890548 -5.594075203 -0.035524491 0.999340296 0.007549628 0.292359412 0.255995572 0.001797252 0.966676295 28.437084198
0.964900553 0.036867242 -0.260014892 -5.776348114 -0.035703838 0.999320090 0.009197646 0.296616912 0.260177225 0.000408717 0.965560794 29.134994507
0.963926077 0.035817243 -0.263749272 -5.959059715 -0.034426033 0.999358237 0.009896165 0.306899011 0.263934463 -0.000459330 0.964540482 29.814073563
0.962981939 0.035414506 -0.267229557 -6.155808926 -0.033983279 0.999372542 0.009980187 0.311863631 0.267415345 -0.000529404 0.963581204 30.493841171
0.962014914 0.034806568 -0.270769000 -6.351472378 -0.034022655 0.999392271 0.007589904 0.319667280 0.270868629 0.001910679 0.962614417 31.171848297
0.960936368 0.032926325 -0.274803907 -6.548183918 -0.033554323 0.999433994 0.002416701 0.326435804 0.274727941 0.006898562 0.961497247 31.849742889
0.959665656 0.030180741 -0.279519171 -6.746329308 -0.032249562 0.999475896 -0.002804371 0.332467079 0.279288054 0.011705629 0.960135996 32.533638000
0.958250225 0.026542500 -0.284696281 -6.952550888 -0.029698115 0.999535978 -0.006772281 0.335683763 0.284384400 0.014944483 0.958593845 33.201347351
0.956499040 0.023337563 -0.290800482 -7.155326366 -0.026707781 0.999614179 -0.007625183 0.329070002 0.290510356 0.015060116 0.956753314 33.884120941
0.954307079 0.021712426 -0.298037946 -7.362666130 -0.024348127 0.999690354 -0.005133195 0.329964876 0.297834218 0.012155309 0.954540253 34.573467255
0.951843679 0.022749320 -0.305738658 -7.592826843 -0.024230896 0.999705851 -0.001051213 0.330623448 0.305624813 0.008408911 0.952114880 35.240295410
0.949078500 0.023912530 -0.314130843 -7.839852810 -0.024233328 0.999702156 0.002884394 0.325964004 0.314106256 0.004874919 0.949375331 35.918369293
0.945935726 0.024119325 -0.323456109 -8.083162308 -0.023747033 0.999705017 0.005098197 0.330155015 0.323483646 0.002858556 0.946229458 36.588748932
0.942241430 0.024990337 -0.334000885 -8.321125984 -0.024102384 0.999686360 0.006803079 0.333629787 0.334066123 0.001640075 0.942548215 37.259693146
0.938818753 0.024914293 -0.343509257 -8.582835197 -0.024449080 0.999684930 0.005685980 0.345119983 0.343542665 0.003060379 0.939132094 37.931423187
0.935042739 0.025619853 -0.353608042 -8.853945732 -0.025878301 0.999657094 0.003998068 0.346679628 0.353589207 0.005412410 0.935385168 38.603462219
0.930621028 0.026110524 -0.365051717 -9.120421410 -0.026512662 0.999640822 0.003911519 0.344319940 0.365022749 0.006038350 0.930979013 39.262687683
0.926333427 0.021206450 -0.376107365 -9.390969276 -0.021168770 0.999766946 0.004233283 0.354071259 0.376109481 0.004040298 0.926566422 39.927017212
0.921869338 0.022371560 -0.386854619 -9.693393707 -0.022420142 0.999738991 0.004387387 0.353329122 0.386851788 0.004628737 0.922130287 40.584125519
0.917194247 0.019661384 -0.397955000 -9.983982086 -0.020226758 0.999791563 0.002777753 0.358001411 0.397926658 0.005501600 0.917400718 41.258506775
0.912103295 0.020030623 -0.409470797 -10.281645775 -0.022164216 0.999754250 -0.000464879 0.362227321 0.409360856 0.009499617 0.912323117 41.911613464
0.907091498 0.013727440 -0.420709610 -10.590678215 -0.017144304 0.999843597 -0.004340666 0.370816946 0.420584232 0.011150154 0.907185018 42.572364807
0.901928425 0.013060178 -0.431688100 -10.909431458 -0.015029118 0.999886394 -0.001150124 0.372896492 0.431624025 0.007525221 0.902022243 43.229297638
0.896759510 0.012500070 -0.442341626 -11.233407974 -0.011414262 0.999921739 0.005116505 0.377245188 0.442370951 0.000460729 0.896832049 43.881084442
0.891770601 0.014870474 -0.452243388 -11.584330559 -0.011492440 0.999881744 0.010215953 0.386856973 0.452341825 -0.003912908 0.891836047 44.522087097
0.885897875 0.015640043 -0.463616610 -11.918218613 -0.010404134 0.999849975 0.013849151 0.389215082 0.463763624 -0.007445404 0.885927677 45.186378479
0.880133331 0.014588715 -0.474502385 -12.274427414 -0.010061341 0.999876440 0.012079158 0.400575042 0.474619985 -0.005857138 0.880171299 45.837177277
0.874457002 0.011723867 -0.484961390 -12.635688782 -0.008026001 0.999920726 0.009700865 0.407239139 0.485036671 -0.004590688 0.874481797 46.471347809
0.868734300 0.008025995 -0.495213419 -13.006047249 -0.004939876 0.999959350 0.007540647 0.423007548 0.495253831 -0.004104527 0.868738651 47.117656708
0.862682819 0.007968670 -0.505682647 -13.389507294 -0.003498084 0.999945939 0.009789742 0.436957806 0.505733311 -0.006676521 0.862664044 47.763362885
0.856985211 0.011637324 -0.515209615 -13.783857346 -0.005800238 0.999899507 0.012937329 0.446597159 0.515308380 -0.008098762 0.856966555 48.397945404
0.851748228 0.011496237 -0.523825169 -14.187047005 -0.004098281 0.999874830 0.015280091 0.454319060 0.523935318 -0.010868008 0.851688743 49.027729034
0.846602917 0.010094651 -0.532129347 -14.589264870 -0.002889699 0.999892533 0.014370829 0.474273413 0.532217264 -0.010628692 0.846541107 49.664882660
0.841960013 0.008776305 -0.539468586 -14.999103546 -0.002776364 0.999924958 0.011934077 0.494736433 0.539532781 -0.008550256 0.841921210 50.297653198
0.838118434 0.008193414 -0.545426786 -15.425905228 -0.002974078 0.999940991 0.010451083 0.504444540 0.545480192 -0.007137104 0.838093340 50.914955139
0.833847880 0.005521389 -0.551966786 -15.840728760 -0.000672276 0.999959409 0.008987116 0.511466980 0.551993966 -0.007122813 0.833817720 51.562347412
0.830314219 0.004261425 -0.557279229 -16.272098541 0.000924147 0.999958873 0.009023452 0.524587691 0.557294726 -0.008007308 0.830276132 52.193363190
0.827848315 0.005892851 -0.560921133 -16.709653854 -0.000765921 0.999955773 0.009374802 0.534111619 0.560951531 -0.007331294 0.827816188 52.818954468
0.825493217 0.007018720 -0.564368367 -17.145034790 -0.001868951 0.999951184 0.009702124 0.546795130 0.564408958 -0.006954261 0.825466037 53.454761505
0.823898137 0.008376892 -0.566676021 -17.590322495 -0.002102141 0.999929070 0.011725124 0.556743085 0.566734016 -0.008469075 0.823857307 54.104446411
0.822811007 0.011508698 -0.568198621 -18.039432526 -0.004478216 0.999895215 0.013767662 0.572709203 0.568297565 -0.008783667 0.822776258 54.742675781
0.821915746 0.014327128 -0.569428861 -18.485677719 -0.006900933 0.999860704 0.015196187 0.584897637 0.569567263 -0.008560397 0.821900129 55.376129150
0.821175098 0.017135419 -0.570419014 -18.941326141 -0.009696051 0.999823749 0.016076330 0.591019154 0.570593953 -0.007670671 0.821196556 56.014259338
0.820727587 0.017481057 -0.571052194 -19.406633377 -0.011397271 0.999833822 0.014226540 0.615817189 0.571206033 -0.005167677 0.820790470 56.660408020
0.819958031 0.018231947 -0.572133303 -19.862621307 -0.012313915 0.999823153 0.014213176 0.630535364 0.572291255 -0.004609008 0.820037544 57.308841705
0.819424272 0.019511586 -0.572855353 -20.322372437 -0.013671922 0.999801457 0.014496868 0.642159462 0.573024452 -0.004047053 0.819528282 57.949138641
0.818938375 0.018348577 -0.573588073 -20.777547836 -0.013081591 0.999825895 0.013306353 0.654993773 0.573732316 -0.003393641 0.819035888 58.599662781
0.818656564 0.017381292 -0.574020326 -21.226678848 -0.012625628 0.999845028 0.012268810 0.669574261 0.574144661 -0.002796575 0.818749130 59.237232208
0.818715930 0.017484220 -0.573932528 -21.677742004 -0.012100657 0.999839664 0.013197401 0.682241321 0.574071288 -0.003859960 0.818796217 59.875137329
0.818895519 0.017473035 -0.573676646 -22.122756958 -0.011366588 0.999834180 0.014227685 0.693199873 0.573830068 -0.005130242 0.818958282 60.509670258
0.819003105 0.019844251 -0.573445797 -22.573408127 -0.013249238 0.999789357 0.015675247 0.701413512 0.573636055 -0.005240357 0.819093525 61.149768829
0.819215477 0.020454532 -0.573120892 -23.016006470 -0.013682324 0.999776363 0.016124319 0.714990735 0.573322594 -0.005367666 0.819312155 61.782764435
0.819760978 0.021487944 -0.572302520 -23.471817017 -0.014938531 0.999758124 0.016139578 0.727610946 0.572510898 -0.004681238 0.819883704 62.418869019
0.820135653 0.022605395 -0.571722388 -23.918731689 -0.016520234 0.999738216 0.015830485 0.746211112 0.571930587 -0.003538158 0.820294380 63.053550720
0.820733607 0.023434673 -0.570830286 -24.360422134 -0.017407045 0.999720216 0.016014514 0.754608631 0.571045876 -0.003207184 0.820911884 63.679733276
0.821062207 0.024363613 -0.570318520 -24.797988892 -0.018554004 0.999699891 0.015995113 0.769916594 0.570537090 -0.002551291 0.821267903 64.308044434
0.821601331 0.024150619 -0.569550693 -25.232826233 -0.017642785 0.999700844 0.016939770 0.781945229 0.569789469 -0.003869278 0.821781635 64.930351257
0.822210670 0.023546552 -0.568696022 -25.681446075 -0.016008433 0.999705315 0.018247552 0.793352306 0.568958104 -0.005899401 0.822345376 65.568344116
0.822429657 0.022226948 -0.568432450 -26.108795166 -0.014261786 0.999727905 0.018457048 0.806385100 0.568688035 -0.007072763 0.822522879 66.190010071
0.822742581 0.019819586 -0.568068564 -26.540765762 -0.011992263 0.999774694 0.017512983 0.818031251 0.568287671 -0.007596249 0.822794914 66.820831299
0.822664559 0.016943946 -0.568274558 -26.967075348 -0.010180406 0.999834538 0.015073849 0.838760257 0.568435967 -0.006615456 0.822700977 67.444534302
0.822664142 0.015830839 -0.568307221 -27.412820816 -0.009893424 0.999859512 0.013530797 0.846995473 0.568441570 -0.005508798 0.822705150 68.076637268
0.822250783 0.015180631 -0.568922877 -27.845857620 -0.009530696 0.999871314 0.012905185 0.864857912 0.569045544 -0.005189069 0.822289646 68.711021423
0.821955085 0.016300876 -0.569319069 -28.295272827 -0.009821340 0.999847412 0.014448291 0.880996883 0.569467664 -0.006284370 0.821989715 69.340736389
0.821078539 0.017486248 -0.570547342 -28.742589951 -0.009935576 0.999817073 0.016344236 0.899293482 0.570728779 -0.007751185 0.821102023 69.981971741
0.820092797 0.019292874 -0.571905255 -29.187057495 -0.011559204 0.999786079 0.017151665 0.908319890 0.572113812 -0.007455185 0.820140362 70.606552124
0.818644047 0.014655830 -0.574114203 -29.645151138 -0.008001795 0.999868393 0.014114402 0.920909941 0.574245512 -0.006960728 0.818653584 71.261985779
0.816840470 0.006016544 -0.576832294 -30.093877792 -0.001651423 0.999965906 0.008091417 0.932347000 0.576861262 -0.005656803 0.816822529 71.907890320
0.815067410 -0.001277703 -0.579364717 -30.546508789 0.003510622 0.999990106 0.002733517 0.944007456 0.579355478 -0.004261931 0.815063834 72.551620483
0.813111842 -0.003693231 -0.582095802 -31.022935867 0.005552707 0.999983609 0.001411798 0.956757724 0.582081079 -0.004380157 0.813118994 73.206024170
0.811226070 -0.005434961 -0.584707379 -31.495697021 0.010010429 0.999939322 0.004593905 0.966984391 0.584646940 -0.009579867 0.811231256 73.857681274
0.809158504 -0.008949419 -0.587522328 -31.970701218 0.015755869 0.999854922 0.006469329 0.972251773 0.587379217 -0.014491636 0.809182107 74.524475098
0.807578564 -0.008793913 -0.589694381 -32.454906464 0.016389489 0.999837279 0.007534950 0.983236492 0.589532197 -0.015749853 0.807591319 75.177009583
0.806215286 -0.006502156 -0.591586590 -32.947032928 0.011654820 0.999920130 0.004893041 0.994638681 0.591507494 -0.010839679 0.806226611 75.830200195
0.804448307 0.001035299 -0.594021797 -33.441493988 0.003005206 0.999978602 0.005812599 1.004849911 0.594015062 -0.006461094 0.804427981 76.486183167
0.803507626 0.005631402 -0.595267892 -33.949615479 -0.001961960 0.999974847 0.006811742 1.013091326 0.595291317 -0.004305395 0.803498447 77.143608093
0.802995205 0.008210173 -0.595928967 -34.476749420 -0.005557236 0.999964774 0.006288417 1.020792961 0.595959604 -0.001737851 0.803012550 77.812698364
0.802338541 0.011029105 -0.596767306 -34.984138489 -0.010880626 0.999933362 0.003851459 1.030488968 0.596770048 0.003403028 0.802405119 78.476470947
0.802165091 0.011617047 -0.596989334 -35.509193420 -0.014974478 0.999887645 -0.000663767 1.043362498 0.596914530 0.009472053 0.802248955 79.152755737
0.801436245 0.012228698 -0.597955167 -36.024639130 -0.015785780 0.999875128 -0.000709292 1.051005244 0.597871840 0.010007640 0.801529229 79.846191406
0.800996661 0.013677968 -0.598512590 -36.540378571 -0.014203716 0.999891758 0.003841788 1.055616260 0.598500311 0.005423843 0.801104188 80.538970947
0.801505685 0.014763759 -0.597804904 -37.071437836 -0.012164813 0.999890864 0.008383975 1.064976692 0.597863436 0.000552379 0.801597834 81.238342285
0.801751673 0.016334374 -0.597434103 -37.612857819 -0.012567129 0.999866188 0.010472237 1.078275919 0.597525239 -0.000888103 0.801849663 81.958984375
0.802064180 0.016393352 -0.597012877 -38.154205322 -0.012635520 0.999865234 0.010479919 1.095768452 0.597104251 -0.000861999 0.802163243 82.675338745
0.802197218 0.016578058 -0.596828938 -38.684505463 -0.013105298 0.999862492 0.010158263 1.116549373 0.596915305 -0.000327309 0.802304208 83.395774841
0.802219510 0.017711559 -0.596766412 -39.232807159 -0.014489261 0.999843001 0.010196975 1.127305984 0.596853316 0.000466491 0.802350283 84.131614685
0.802209675 0.018868936 -0.596744180 -39.784420013 -0.015997162 0.999820948 0.010108988 1.143395662 0.596828103 0.001436686 0.802367866 84.860946655
0.802109659 0.017977329 -0.596906126 -40.341922760 -0.015505745 0.999836743 0.009276311 1.159398794 0.596975446 0.001814854 0.802257478 85.595390320
0.801617682 0.018434951 -0.597552717 -40.892951965 -0.016335627 0.999826670 0.008931144 1.171816826 0.597613811 0.002602034 0.801779866 86.337631226
0.800392210 0.018640617 -0.599186838 -41.446693420 -0.016236095 0.999823868 0.009416243 1.189803004 0.599256814 0.002191767 0.800553858 87.086006165
0.799127460 0.019008799 -0.600861013 -42.015792847 -0.015244324 0.999819338 0.011355716 1.204466105 0.600968301 0.000085056 0.799272835 87.821914673
0.797992587 0.020380618 -0.602322519 -42.586307526 -0.015318599 0.999791026 0.013534660 1.215085268 0.602472544 -0.001573822 0.798138082 88.567314148
0.796405554 0.021528240 -0.604379714 -43.151023865 -0.016538288 0.999767721 0.013819221 1.238248467 0.604536831 -0.001010301 0.796576619 89.309967041
0.795095682 0.023322565 -0.606035352 -43.721881866 -0.018870348 0.999727845 0.013716171 1.254676342 0.606190324 0.000530430 0.795319438 90.043739319
0.794183016 0.022716099 -0.607253909 -44.319396973 -0.018317277 0.999741852 0.013442425 1.269694805 0.607402503 0.000447492 0.794394135 90.803443909
0.793260932 0.021835109 -0.608490288 -44.890731812 -0.016949479 0.999761403 0.013779251 1.288386106 0.608645976 -0.000616949 0.793441713 91.542037964
0.792477608 0.021267287 -0.609530091 -45.469020844 -0.015348957 0.999770761 0.014927413 1.301386118 0.609707832 -0.002473991 0.792622387 92.295028687
0.791548133 0.022272944 -0.610700846 -46.050342560 -0.015790373 0.999747396 0.015995521 1.320542812 0.610902846 -0.003018030 0.791699827 93.037101746
0.790828288 0.022133153 -0.611637771 -46.637073517 -0.014753967 0.999744892 0.017101059 1.337568402 0.611860216 -0.004499919 0.790953159 93.776443481
0.790015936 0.021102522 -0.612722993 -47.217678070 -0.013845128 0.999766648 0.016581271 1.355662584 0.612929940 -0.004616241 0.790123820 94.535415649
0.789278448 0.021913409 -0.613644361 -47.802116394 -0.015512797 0.999755621 0.015748760 1.368770361 0.613839507 -0.002910818 0.789425492 95.279243469
0.789252222 0.022077980 -0.613672197 -48.391582489 -0.016970804 0.999755979 0.014141668 1.387795687 0.613834679 -0.000746833 0.789434314 96.013336182
0.789052486 0.023109233 -0.613891006 -48.974899292 -0.018972531 0.999732256 0.013247828 1.409963727 0.614032805 0.001193834 0.789279580 96.760635376
0.789597154 0.025175193 -0.613108873 -49.575263977 -0.022216342 0.999675810 0.012436734 1.421747565 0.613223195 0.003801027 0.789900541 97.515777588
0.789849460 0.026646663 -0.612721682 -50.158031464 -0.025255460 0.999621451 0.010916151 1.438001633 0.612780571 0.006852451 0.790223420 98.275741577
0.791351914 0.029820472 -0.610633254 -50.751659393 -0.030774696 0.999486446 0.008927692 1.452156544 0.610585868 0.011727106 0.791863203 99.010528564
0.792685926 0.032510802 -0.608762681 -51.350410461 -0.034864061 0.999360263 0.007973143 1.468362093 0.608632445 0.014903742 0.793312311 99.768791199
0.794232607 0.034779761 -0.606617689 -51.932575226 -0.037256770 0.999269485 0.008512465 1.471286058 0.606470585 0.015839735 0.794948161 100.523666382
0.795682609 0.037369795 -0.604559958 -52.519363403 -0.039388869 0.999174714 0.009921130 1.485237479 0.604431748 0.015918858 0.796497881 101.281066895
0.797064483 0.038086090 -0.602692008 -53.102790833 -0.040009182 0.999146998 0.010226955 1.499123693 0.602567434 0.015961669 0.797908366 102.062843323
0.798479378 0.037968483 -0.600823700 -53.691684723 -0.039393902 0.999165535 0.010787823 1.512336135 0.600731909 0.015054933 0.799308777 102.831054688
0.800281942 0.036652260 -0.598502696 -54.278224945 -0.037125990 0.999243855 0.011550964 1.529064536 0.598473489 0.012975975 0.801037550 103.605323792
0.801358581 0.034310527 -0.597199500 -54.844615936 -0.033728532 0.999357104 0.012156442 1.546709776 0.597232640 0.010400992 0.802000642 104.380615234
0.802033007 0.033641867 -0.596331596 -55.426521301 -0.032864697 0.999385595 0.012178838 1.561094522 0.596374929 0.009830425 0.802645862 105.170104980
0.803118706 0.031795714 -0.594970047 -56.006477356 -0.032074347 0.999434292 0.010115162 1.568610430 0.594955087 0.010959598 0.803684235 105.947387695
0.803587914 0.026603855 -0.594591260 -56.589836121 -0.029931802 0.999542832 0.004269922 1.584217787 0.594433010 0.014365931 0.804016829 106.740722656
0.804055631 0.022772091 -0.594117820 -57.171783447 -0.027546696 0.999619961 0.001034070 1.596080661 0.593915582 0.015534533 0.804377377 107.535583496
0.804848671 0.022476258 -0.593054295 -57.763618469 -0.026613720 0.999644220 0.001767535 1.600113273 0.592882991 0.014360783 0.805160522 108.325973511
0.805156946 0.024521489 -0.592554688 -58.362464905 -0.026257118 0.999639034 0.005689832 1.607263923 0.592480361 0.010977569 0.805510163 109.125587463
0.805209637 0.024233108 -0.592494905 -58.950534821 -0.025109641 0.999661863 0.006761895 1.616283178 0.592458427 0.009432591 0.805545866 109.926307678
0.805192232 0.025451206 -0.592467487 -59.551654816 -0.026416030 0.999626219 0.007041251 1.629604220 0.592425287 0.009981077 0.805563569 110.734794617
0.805060863 0.027143490 -0.592570961 -60.147232056 -0.028587399 0.999567151 0.006947938 1.639725327 0.592503071 0.011346548 0.805488348 111.540473938
0.805625677 0.029430632 -0.591693401 -60.772033691 -0.030482268 0.999501586 0.008211454 1.655345082 0.591640115 0.011420798 0.806121290 112.348663330
0.805718660 0.031280704 -0.591471910 -61.369407654 -0.031604603 0.999452353 0.009804618 1.667326927 0.591454685 0.010793468 0.806266069 113.156959534
0.806129396 0.032160845 -0.590864718 -61.971481323 -0.031566642 0.999437392 0.011332463 1.678288221 0.590896785 0.009516180 0.806691051 113.965171814
0.806304932 0.031981815 -0.590634882 -62.579128265 -0.031698450 0.999438643 0.010844676 1.691733122 0.590650141 0.009978091 0.806866109 114.774734497
0.806576192 0.030923789 -0.590320766 -63.180809021 -0.031410087 0.999462008 0.009439826 1.706980824 0.590295076 0.010928085 0.807113528 115.579360962
0.806181371 0.029370515 -0.590939045 -63.775257111 -0.030007808 0.999511480 0.008739363 1.723984122 0.590907037 0.010687271 0.806668878 116.396133423
0.805757999 0.029218892 -0.591523707 -64.374778748 -0.028363956 0.999539971 0.010736623 1.740004539 0.591565311 0.008126830 0.806216121 117.206253052
0.805299520 0.030083073 -0.592104495 -64.991485596 -0.027808977 0.999529243 0.012961150 1.748840690 0.592215657 0.006028214 0.805756986 118.028053284
0.804873705 0.030309372 -0.592671692 -65.590751648 -0.026891781 0.999531806 0.014596098 1.762691379 0.592836559 0.004189981 0.805311918 118.829620361
0.803884625 0.030316252 -0.594012201 -66.205940247 -0.026612712 0.999533296 0.014997258 1.779485106 0.594189644 0.003752208 0.804316282 119.658706665
0.802913427 0.029641932 -0.595358193 -66.805961609 -0.024684457 0.999559522 0.016476456 1.801690340 0.595584333 0.001466924 0.803291500 120.475830078
0.802531362 0.028783344 -0.595915198 -67.417411804 -0.021775413 0.999583185 0.018955540 1.818472862 0.596212447 -0.002236117 0.802823603 121.296394348
0.801779985 0.030148843 -0.596858442 -68.025566101 -0.020712567 0.999528527 0.022664854 1.842869282 0.597260356 -0.005809758 0.802026391 122.108901978
0.800915301 0.030562893 -0.597997189 -68.649635315 -0.022231843 0.999525726 0.021308756 1.862493753 0.598364830 -0.003771931 0.801214933 122.930046082
0.800162077 0.023808818 -0.599311113 -69.252311707 -0.021994336 0.999704540 0.010349799 1.879771948 0.599380434 0.004899933 0.800449312 123.733337402
0.800004900 0.018658774 -0.599703252 -69.877319336 -0.025230022 0.999678433 -0.002553540 1.896910191 0.599462748 0.017173372 0.800218344 124.541603088
0.800165057 0.016835896 -0.599543571 -70.489837646 -0.026709823 0.999614537 -0.007577199 1.904049754 0.599184871 0.022076711 0.800306261 125.352249146
0.800536275 0.022448773 -0.598863721 -71.133148193 -0.028959069 0.999579847 -0.001241427 1.910552025 0.598584235 0.018336343 0.800850034 126.182327271
0.800822079 0.026001407 -0.598337710 -71.744773865 -0.027516771 0.999599516 0.006609907 1.921656728 0.598269939 0.011170959 0.801216781 127.005798340
0.800770283 0.031641319 -0.598135233 -72.385162354 -0.028019039 0.999489367 0.015361656 1.929839373 0.598315895 0.004458017 0.801247954 127.846961975
0.800800741 0.031741258 -0.598089159 -72.986381531 -0.025914554 0.999495804 0.018346528 1.946966410 0.598369956 0.000807300 0.801219583 128.667984009
0.801169395 0.031921260 -0.597585678 -73.602813721 -0.026851552 0.999488175 0.017390445 1.962856650 0.597834885 0.002113409 0.801616430 129.483428955
0.801485658 0.030994311 -0.597210288 -74.211090088 -0.029444732 0.999490023 0.012355740 1.982789278 0.597288668 0.007681749 0.801989555 130.290252686
0.801668048 0.031841218 -0.596920848 -74.832160950 -0.032218967 0.999430358 0.010041805 1.998233795 0.596900523 0.011181979 0.802237332 131.105651855
0.801769733 0.032333203 -0.596757829 -75.438148499 -0.032411292 0.999418378 0.010603973 2.014144897 0.596753538 0.010839746 0.802351356 131.928985596
0.802525282 0.033179022 -0.595694840 -76.057540894 -0.031749934 0.999412715 0.012891520 2.027921438 0.595772684 0.008567497 0.803107440 132.744293213
0.803094625 0.032584134 -0.594959974 -76.652976990 -0.030173346 0.999446511 0.014007748 2.041129589 0.595087111 0.006702387 0.803633273 133.560180664
0.803836823 0.031877995 -0.593995154 -77.265632629 -0.029572546 0.999469876 0.013618957 2.061404705 0.594114363 0.006618527 0.804353356 134.378936768
0.804381788 0.029626690 -0.593373597 -77.865722656 -0.027243681 0.999544621 0.012974756 2.078031540 0.593487799 0.005729023 0.804822624 135.195388794
0.805090070 0.026954085 -0.592539847 -78.480049133 -0.025170799 0.999619603 0.011271936 2.091992140 0.592618287 0.005839776 0.805462301 136.021087646
0.805694818 0.023708934 -0.591856182 -79.087234497 -0.022603640 0.999701440 0.009276276 2.101619005 0.591899455 0.005904256 0.805990219 136.842559814
0.806141675 0.022181703 -0.591306686 -79.697784424 -0.021659344 0.999733627 0.007974363 2.113149881 0.591326058 0.006378848 0.806407332 137.670150757
0.806169033 0.021355810 -0.591299832 -80.297309875 -0.021257414 0.999748647 0.007125610 2.124794006 0.591303408 0.006825057 0.806420326 138.486145020
0.806279778 0.022175090 -0.591118574 -80.913848877 -0.022284525 0.999726415 0.007107644 2.129754066 0.591114461 0.007442046 0.806553364 139.307373047
0.805974841 0.022423450 -0.591524959 -81.522239685 -0.022702442 0.999718010 0.006964256 2.149651527 0.591514349 0.007816046 0.806256592 140.132919312
0.805934906 0.023650315 -0.591531575 -82.132919312 -0.023715269 0.999689400 0.007658097 2.150658846 0.591528952 0.007856400 0.806245506 140.946014404
0.805650651 0.024436381 -0.591886759 -82.738250732 -0.024522770 0.999668121 0.007892530 2.160615921 0.591883183 0.008156078 0.805982530 141.763916016
0.805605352 0.024045482 -0.591964364 -83.361915588 -0.023289133 0.999689043 0.008912958 2.173339367 0.591994584 0.006606011 0.805914879 142.603759766
0.805116653 0.023690851 -0.592643142 -83.964698792 -0.021105612 0.999713480 0.011291083 2.186254501 0.592740893 0.003417457 0.805386007 143.431701660
0.804937541 0.023441674 -0.592896283 -84.579742432 -0.019407760 0.999724805 0.013178001 2.192815304 0.593042016 0.000899322 0.805171013 144.261352539
0.804728031 0.021417012 -0.593257308 -85.193527222 -0.016784659 0.999770343 0.013324756 2.207304001 0.593406439 -0.000765185 0.804902673 145.084655762
0.804356456 0.018473122 -0.593859792 -85.801551819 -0.013629317 0.999827206 0.012641202 2.227039099 0.593990684 -0.002074129 0.804469228 145.906448364
0.803549409 0.018343763 -0.594955385 -86.407257080 -0.013308689 0.999828815 0.012852115 2.240256548 0.595089316 -0.002409233 0.803655982 146.736190796
0.803328872 0.017966906 -0.595264614 -87.020706177 -0.013037129 0.999835849 0.012584074 2.255549669 0.595392942 -0.002348609 0.803431213 147.552062988
0.803227901 0.019152045 -0.595363915 -87.636039734 -0.014209079 0.999814630 0.012992669 2.269400597 0.595502436 -0.001976502 0.803351104 148.364456177
0.802625954 0.022421891 -0.596061110 -88.249862671 -0.017795006 0.999748528 0.013645445 2.286748886 0.596217155 -0.000345278 0.802823126 149.179870605
0.802452326 0.025744712 -0.596160650 -88.854995728 -0.020686582 0.999668539 0.015325037 2.300494194 0.596357644 0.000034915 0.802718878 149.980758667
0.802325070 0.028382026 -0.596212149 -89.460960388 -0.022821443 0.999597132 0.016873818 2.315712452 0.596450925 0.000068134 0.802649558 150.786590576
0.802394807 0.031713530 -0.595950365 -90.071678162 -0.026332639 0.999495924 0.017733645 2.337812662 0.596212387 0.001463563 0.802825451 151.595245361
0.802328646 0.034580577 -0.595879912 -90.674720764 -0.029021308 0.999399662 0.018921919 2.359947205 0.596176565 0.002111619 0.802850544 152.400131226
0.802458227 0.035652224 -0.595642269 -91.282234192 -0.028903747 0.999364138 0.020877473 2.381925821 0.596007824 0.000462993 0.802978516 153.203063965
0.802515864 0.035862248 -0.595552027 -91.882972717 -0.027969860 0.999355793 0.022488190 2.408272743 0.595974863 -0.001389624 0.803001881 154.011581421
0.802638948 0.034953669 -0.595440149 -92.475936890 -0.026825221 0.999386728 0.022506488 2.427237511 0.595861673 -0.002091773 0.803084373 154.823333740
0.802858055 0.033112764 -0.595250010 -93.094940186 -0.026756570 0.999451578 0.019509243 2.451652765 0.595569551 0.000263694 0.803303719 155.630966187
0.802515388 0.030975055 -0.595826805 -93.683891296 -0.026748836 0.999515176 0.015933633 2.471314430 0.596031487 0.003150687 0.802954912 156.429458618
0.802793086 0.028173123 -0.595591784 -94.291152954 -0.024412736 0.999598563 0.014378033 2.492257595 0.595757782 0.002997438 0.803158581 157.238525391
0.802997291 0.029331217 -0.595260561 -94.901359558 -0.024846416 0.999567449 0.015735839 2.516915321 0.595464587 0.002154253 0.803378701 158.047393799
0.803183019 0.029896973 -0.594981790 -95.503799438 -0.025273077 0.999550760 0.016109128 2.532597780 0.595196128 0.002098441 0.803577781 158.852691650
0.802733064 0.028123096 -0.595674992 -96.097808838 -0.024743140 0.999597907 0.013849248 2.548740387 0.595824957 0.003621618 0.803106189 159.652252197
0.802501976 0.025694054 -0.596095920 -96.702522278 -0.023405124 0.999659002 0.011579737 2.565099478 0.596190155 0.004658938 0.802829742 160.459426880
0.801717758 0.024185579 -0.597213387 -97.300544739 -0.022901677 0.999690294 0.009740919 2.579028606 0.597263992 0.005867718 0.802023292 161.258865356
0.800994754 0.021990921 -0.598267376 -97.898681641 -0.021264628 0.999739587 0.008277803 2.585896492 0.598293602 0.006091455 0.801253796 162.055435181
0.800225616 0.020671578 -0.599342644 -98.496093750 -0.019724058 0.999772251 0.008147549 2.597605944 0.599374592 0.005301591 0.800451159 162.853378296
0.799703836 0.023457080 -0.599936306 -99.102966309 -0.020927304 0.999718368 0.011192570 2.608992100 0.600029886 0.003604310 0.799969435 163.649719238
0.799279571 0.025619570 -0.600413084 -99.699218750 -0.022279633 0.999667287 0.012996704 2.619889021 0.600546300 0.002988982 0.799584389 164.447082520
0.799255967 0.024767207 -0.600480258 -100.308166504 -0.022522530 0.999682963 0.011254473 2.636026382 0.600568652 0.004529128 0.799560428 165.243988037
0.799218059 0.023997070 -0.600561976 -100.909576416 -0.023414277 0.999687254 0.008785856 2.648833036 0.600584984 0.007039907 0.799529970 166.038604736
0.799858391 0.023708077 -0.599720359 -101.526908875 -0.024192410 0.999680996 0.007253401 2.661866665 0.599700987 0.008706986 0.800176799 166.832855225
0.800091505 0.022285365 -0.599463940 -102.130958557 -0.022546895 0.999720752 0.007072258 2.668794870 0.599454165 0.007857597 0.800370514 167.636260986
0.800609052 0.022442231 -0.598766625 -102.734184265 -0.021802504 0.999727666 0.008318497 2.682981491 0.598790288 0.006394748 0.800880313 168.435760498
0.801160514 0.022974174 -0.598008454 -103.339721680 -0.020921584 0.999727249 0.010378387 2.698262691 0.598083794 0.004196527 0.801422656 169.234909058
0.801789403 0.024051391 -0.597122490 -103.941261292 -0.021283116 0.999705136 0.011688929 2.702959061 0.597227573 0.003336567 0.802064896 170.035232544
0.802386463 0.023576753 -0.596338928 -104.537178040 -0.021435268 0.999713182 0.010682888 2.715486526 0.596419752 0.004210880 0.802661657 170.826416016
0.803243995 0.022333071 -0.595231354 -105.132598877 -0.021654442 0.999731183 0.008287981 2.728921413 0.595256448 0.006232130 0.803511620 171.618988037
0.804062009 0.024166618 -0.594054103 -105.733840942 -0.022783652 0.999692082 0.009830262 2.738197565 0.594108760 0.005630581 0.804365039 172.429351807
0.804623187 0.030192446 -0.593017697 -106.328247070 -0.026599867 0.999536633 0.014798187 2.755596876 0.593189657 0.003867225 0.805053473 173.221939087
0.805354416 0.034018148 -0.591816723 -106.929244995 -0.029192779 0.999416709 0.017721316 2.764114857 0.592074335 0.003004835 0.805877745 174.011383057
0.806228280 0.029123111 -0.590887308 -107.507232666 -0.027148040 0.999556661 0.012223450 2.770175219 0.590981364 0.006186541 0.806661487 174.808120728
0.806936443 0.022260834 -0.590218663 -108.077301025 -0.025882484 0.999662280 0.002317440 2.790147066 0.590070963 0.013406297 0.807240129 175.593780518
0.807957768 0.018818585 -0.588939846 -108.655784607 -0.025422672 0.999672472 -0.002934126 2.789671898 0.588691771 0.017343074 0.808171511 176.381332397
0.808433771 0.018333117 -0.588301539 -109.227294922 -0.022765607 0.999740839 -0.000129393 2.795877457 0.588146687 0.013497647 0.808641613 177.174407959
0.809368372 0.019998241 -0.586960733 -109.807670593 -0.020344587 0.999774992 0.006009731 2.798889637 0.586948812 0.007077388 0.809593081 177.967376709
0.810210109 0.022664785 -0.585701227 -110.378120422 -0.019890362 0.999739766 0.011172102 2.805832148 0.585802019 0.002598059 0.810450077 178.757324219
0.811215043 0.025524905 -0.584190667 -110.954536438 -0.021719681 0.999672711 0.013518224 2.811444283 0.584344506 0.001722247 0.811503887 179.543212891
0.812374234 0.026670827 -0.582526207 -111.546669006 -0.023708092 0.999638200 0.012705580 2.824676514 0.582654297 0.003488899 0.812712610 180.330307007
0.813308835 0.026244359 -0.581240058 -112.112663269 -0.024400195 0.999641836 0.010993849 2.841600180 0.581320405 0.005240977 0.813657880 181.120925903
0.814195275 0.025967853 -0.580010116 -112.683593750 -0.023915188 0.999651432 0.011184576 2.858299017 0.580098331 0.004764623 0.814532518 181.909667969
0.814903378 0.025806291 -0.579021990 -113.262535095 -0.022389453 0.999664247 0.013043346 2.859723806 0.579164147 0.002334918 0.815207601 182.716018677
0.815602958 0.025469569 -0.578051150 -113.826866150 -0.021733603 0.999674261 0.013381657 2.876330853 0.578203678 0.001649012 0.815890789 183.510910034
0.815844595 0.024002396 -0.577772915 -114.378158569 -0.020564947 0.999710500 0.012492185 2.892335176 0.577905476 0.001690184 0.816102028 184.316757202
0.817095637 0.023074783 -0.576040149 -114.965888977 -0.019443352 0.999733210 0.012467101 2.904964924 0.576174140 0.001013336 0.817326307 185.107910156
0.817661583 0.021981798 -0.575279415 -115.533332825 -0.018312499 0.999758184 0.012173316 2.921940088 0.575407863 0.000581151 0.817866385 185.910842896
0.817770064 0.019975811 -0.575198352 -116.095985413 -0.016225841 0.999800444 0.011653058 2.935041666 0.575316310 -0.000196446 0.817930996 186.709487915
0.817708552 0.018398367 -0.575338364 -116.683258057 -0.013884274 0.999828696 0.012239624 2.950142860 0.575465024 -0.002020290 0.817823887 187.529144287
0.816853583 0.017785845 -0.576570809 -117.247833252 -0.011736083 0.999830067 0.014215360 2.964342833 0.576725662 -0.004845185 0.816923499 188.339141846
0.815688252 0.016801540 -0.578247726 -117.826225281 -0.009033716 0.999826193 0.016307758 2.984256744 0.578421235 -0.008078322 0.815698266 189.151733398
0.813645244 0.017132113 -0.581109226 -118.394325256 -0.008187312 0.999804258 0.018012434 3.000019550 0.581304073 -0.009898010 0.813626170 189.956512451
0.811576605 0.016884819 -0.584001958 -118.979553223 -0.006704417 0.999785662 0.019589063 3.019831896 0.584207535 -0.011982635 0.811515868 190.742782593
0.808443606 0.016946796 -0.588329673 -119.549774170 -0.005891559 0.999768317 0.020702472 3.039866447 0.588544250 -0.013270603 0.808356166 191.534484863
0.805410743 0.016485233 -0.592487812 -120.138061523 -0.006757585 0.999803543 0.018632218 3.058460712 0.592678607 -0.011002801 0.805363894 192.328048706
0.802218974 0.013682401 -0.596873105 -120.726791382 -0.007171412 0.999886096 0.013282218 3.068962812 0.596986830 -0.006374825 0.802225709 193.104614258
0.799052835 0.008500593 -0.601200759 -121.314628601 -0.005053428 0.999959707 0.007422303 3.085071087 0.601239622 -0.002892687 0.799063563 193.867767334
0.795793116 0.008271893 -0.605512083 -121.917404175 -0.004111333 0.999957442 0.008257095 3.099952459 0.605554640 -0.004081478 0.795793295 194.652435303
0.791556954 0.010384269 -0.611007214 -122.501647949 -0.002986527 0.999909401 0.013124761 3.109542370 0.611088157 -0.008564208 0.791516304 195.426635742
0.788512588 0.013650870 -0.614867151 -123.109924316 -0.003786507 0.999842465 0.017341977 3.123564482 0.615006983 -0.011346170 0.788440049 196.182083130
0.785418272 0.013861535 -0.618810117 -123.709777832 -0.003304682 0.999828875 0.018202038 3.141450405 0.618956506 -0.012251244 0.785329700 196.933624268
0.782272696 0.014837724 -0.622759461 -124.306938171 -0.004844150 0.999830961 0.017736817 3.158411503 0.622917354 -0.010858288 0.782212317 197.679840088
0.780116379 0.016021695 -0.625429273 -124.928001404 -0.006256470 0.999821842 0.017808676 3.176855564 0.625603139 -0.009979861 0.780077636 198.423065186
0.778269470 0.017653728 -0.627682269 -125.539207458 -0.008858995 0.999813914 0.017135672 3.197643042 0.627867997 -0.007775538 0.778281033 199.167388916
0.776427865 0.018006772 -0.629948795 -126.141357422 -0.009582141 0.999813497 0.016768938 3.216508865 0.630133271 -0.006983613 0.776455641 199.910415649
0.775632918 0.018196153 -0.630921960 -126.756278992 -0.010725766 0.999819994 0.015649512 3.229490757 0.631093144 -0.005371157 0.775688469 200.633132935
0.774459362 0.018708911 -0.632346988 -127.352218628 -0.012408504 0.999819577 0.014383960 3.251751184 0.632502019 -0.003293312 0.774551749 201.367538452
0.772994757 0.020116232 -0.634093463 -127.946685791 -0.014070665 0.999794900 0.014564979 3.268777847 0.634256423 -0.002336537 0.773119271 202.100555420
0.772641301 0.021765616 -0.634469569 -128.557815552 -0.017123083 0.999763012 0.013445021 3.279567719 0.634611845 0.000475895 0.772830904 202.829132080
0.772228897 0.022780063 -0.634935915 -129.162033081 -0.020914918 0.999726832 0.010430559 3.294981241 0.635000110 0.005224853 0.772494376 203.563278198
0.772853255 0.023334432 -0.634155631 -129.774444580 -0.023591474 0.999689400 0.008033420 3.306546211 0.634146094 0.008752010 0.773163676 204.285186768
0.773942232 0.025989747 -0.632722676 -130.400405884 -0.026256748 0.999615252 0.008943161 3.317400455 0.632711649 0.009691749 0.774326801 205.037506104
0.775459170 0.027699767 -0.630789876 -131.014114380 -0.026745755 0.999581575 0.011014662 3.333316565 0.630831003 0.008329532 0.775875509 205.776260376
0.776807308 0.028695293 -0.629084229 -131.621383667 -0.027063653 0.999559581 0.012175493 3.340395927 0.629156530 0.007567305 0.777241766 206.515502930
0.778383017 0.027410880 -0.627191007 -132.235061646 -0.027558174 0.999575198 0.009484228 3.349608898 0.627184570 0.009901877 0.778807759 207.266525269
0.780211985 0.027427498 -0.624913633 -132.841567993 -0.029120358 0.999547660 0.007513102 3.364279032 0.624837041 0.012335893 0.780657768 208.001892090
0.781954765 0.026980747 -0.622750998 -133.437438965 -0.029088639 0.999553859 0.006780732 3.379599810 0.622656107 0.012812750 0.782390714 208.751434326
0.784415960 0.026230395 -0.619680285 -134.039474487 -0.026874432 0.999604404 0.008293446 3.385418415 0.619652689 0.010148041 0.784810603 209.522583008
0.786867917 0.026998352 -0.616530657 -134.632339478 -0.026694585 0.999596536 0.009703246 3.396286488 0.616543889 0.008822856 0.787271142 210.275421143
0.789220512 0.026578516 -0.613534570 -135.225708008 -0.025380647 0.999621093 0.010655502 3.409728527 0.613585293 0.007162361 0.789596021 211.025619507
0.791436911 0.027290486 -0.610641360 -135.830917358 -0.025973527 0.999602020 0.011010090 3.425926685 0.610698819 0.007146718 0.791830719 211.803131104
0.793041825 0.027729562 -0.608535707 -136.413375854 -0.026069889 0.999593079 0.011574942 3.440789461 0.608609080 0.006685045 0.793442070 212.573867798
0.794965208 0.027630912 -0.606025457 -137.003402710 -0.025353059 0.999602675 0.012318186 3.453299522 0.606125057 0.005572069 0.795349836 213.344116211
0.796384692 0.028497750 -0.604118586 -137.580932617 -0.025998496 0.999579012 0.012879835 3.464460611 0.604231298 0.005448870 0.796790361 214.097869873
0.797605753 0.029103685 -0.602476597 -138.165405273 -0.027242746 0.999554157 0.012219129 3.482432365 0.602563620 0.006667069 0.798043013 214.879745483
0.799406409 0.027378509 -0.600166500 -138.761917114 -0.026593223 0.999594510 0.010178200 3.489759922 0.600201786 0.007823843 0.799810350 215.648010254
0.800463200 0.026734969 -0.598785400 -139.335449219 -0.027173512 0.999596238 0.008304773 3.505247593 0.598765671 0.009623436 0.800866485 216.424667358
0.801669002 0.025839863 -0.597209513 -139.918045044 -0.027548524 0.999600828 0.006270414 3.514667034 0.597133160 0.011425441 0.802060843 217.200103760
0.802856505 0.025059566 -0.595645428 -140.504516602 -0.027260663 0.999614239 0.005311043 3.521731853 0.595548749 0.011973684 0.803229928 217.973236084
0.803923130 0.024091432 -0.594245136 -141.077407837 -0.025750209 0.999652207 0.005691026 3.532715797 0.594175577 0.010726786 0.804263890 218.749572754
0.804884553 0.029147130 -0.592715263 -141.670501709 -0.029837595 0.999517500 0.008633569 3.544933319 0.592680871 0.010736171 0.805365801 219.538681030
0.805700183 0.032022934 -0.591457307 -142.254745483 -0.032082994 0.999431014 0.010407245 3.554485083 0.591454089 0.010590604 0.806269169 220.327163696
0.806670368 0.032101206 -0.590129197 -142.843322754 -0.032491054 0.999422491 0.009952222 3.568753719 0.590107858 0.011145757 0.807247519 221.111404419
0.807752728 0.030298423 -0.588742435 -143.419952393 -0.031948671 0.999460578 0.007601721 3.582062244 0.588655174 0.012669222 0.808284998 221.897033691
0.808605194 0.032681894 -0.587443233 -144.015121460 -0.034673676 0.999367714 0.007871250 3.595092058 0.587329030 0.014004085 0.809227109 222.691314697
0.809469342 0.032966983 -0.586235940 -144.603790283 -0.033083376 0.999397218 0.010519883 3.609725952 0.586229384 0.010879140 0.810072064 223.488616943
0.809961200 0.031874560 -0.585616708 -145.180786133 -0.029759724 0.999469399 0.013239765 3.627123833 0.585727990 0.006704095 0.810479999 224.286209106
0.810092092 0.034372944 -0.585294247 -145.763534546 -0.030847119 0.999396086 0.015997389 3.641026258 0.585490644 0.005095282 0.810663104 225.097534180
0.810595214 0.032266662 -0.584717274 -146.338333130 -0.027829509 0.999475241 0.016574273 3.660785437 0.584945261 0.002837367 0.811067820 225.895507812
0.810269713 0.032372925 -0.585162342 -146.921600342 -0.028329384 0.999469519 0.016066158 3.675372839 0.585372031 0.003559367 0.810756981 226.698150635
0.809682429 0.025827849 -0.586299717 -147.493576050 -0.026566049 0.999620080 0.007347731 3.691969156 0.586266696 0.009626338 0.810060918 227.484878540
0.808934331 0.023431033 -0.587431908 -148.083709717 -0.024835454 0.999675453 0.005674148 3.703238964 0.587374151 0.009999124 0.809253752 228.292816162
0.807921886 0.023385476 -0.588825464 -148.670730591 -0.024666412 0.999678552 0.005858146 3.720389843 0.588773191 0.009791285 0.808239043 229.098632812
0.806900501 0.026748868 -0.590081394 -149.255889893 -0.023600291 0.999636412 0.013042361 3.733982086 0.590215683 0.003402205 0.807238400 229.899353027
0.806008935 0.028937377 -0.591195643 -149.849792480 -0.025027476 0.999577105 0.014805201 3.745754719 0.591374040 0.002863008 0.806392312 230.696746826
0.805486083 0.031475537 -0.591778278 -150.449554443 -0.026350336 0.999503136 0.017295446 3.761969090 0.592028677 0.001662313 0.805915236 231.488601685
0.805017054 0.032046642 -0.592385530 -151.044281006 -0.028227845 0.999478042 0.015709396 3.781502724 0.592579782 0.004075434 0.805501461 232.290252686
0.804857850 0.032873634 -0.592556536 -151.633529663 -0.028708510 0.999452412 0.016453050 3.801727057 0.592772901 0.003769047 0.805360854 233.081832886
0.804667652 0.033247769 -0.592793822 -152.238494873 -0.029378615 0.999437451 0.016176015 3.818662167 0.592998147 0.004399145 0.805191755 233.887298584
0.804600596 0.031756084 -0.592966676 -152.828765869 -0.027282666 0.999491453 0.016507307 3.835954666 0.593189359 0.002895919 0.805057824 234.692138672
0.804255009 0.029913049 -0.593531072 -153.421096802 -0.026274109 0.999545634 0.014773234 3.847699165 0.593703330 0.003713053 0.804675460 235.494262695
0.803967118 0.028303191 -0.593999922 -154.010253906 -0.026169848 0.999582946 0.012208236 3.868863106 0.594097733 0.005729863 0.804372549 236.289916992
0.803990483 0.026351534 -0.594057977 -154.604553223 -0.025342658 0.999628365 0.010043606 3.885537148 0.594101906 0.006980043 0.804359555 237.084274292
0.803949952 0.026281238 -0.594115913 -155.211441040 -0.025298728 0.999630034 0.009985601 3.899022579 0.594158590 0.007002454 0.804317415 237.877334595
0.803884149 0.027766414 -0.594137490 -155.810241699 -0.024536012 0.999607563 0.013517759 3.914950848 0.594279647 0.003711051 0.804249942 238.680496216
0.804008603 0.028931452 -0.593913436 -156.415374756 -0.023479296 0.999581337 0.016907826 3.920682430 0.594154000 0.000350631 0.804351270 239.477096558
0.803152084 0.028587878 -0.595087767 -156.992858887 -0.023462776 0.999590933 0.016353901 3.939329624 0.595311880 0.000827741 0.803494334 240.264068604
0.802613199 0.027112547 -0.595883369 -157.581604004 -0.023498150 0.999628186 0.013832475 3.957529545 0.596036851 0.002900029 0.802951872 241.047790527
0.801983833 0.027620878 -0.596706867 -158.179321289 -0.024714036 0.999609292 0.013054702 3.974232197 0.596834302 0.004277371 0.802353144 241.836898804
0.801564038 0.027534638 -0.597274601 -158.776565552 -0.024285315 0.999614060 0.013490905 3.987136841 0.597415566 0.003691179 0.801923335 242.649124146
0.801118255 0.028228952 -0.597840011 -159.370391846 -0.024279336 0.999597669 0.014664417 4.006708145 0.598013401 0.002767225 0.801481307 243.441909790
0.800728083 0.028998109 -0.598325670 -159.982131958 -0.025060633 0.999574780 0.014906639 4.027322769 0.598503530 0.003058255 0.801114321 244.240951538
0.800563455 0.028190302 -0.598584652 -160.579849243 -0.025109254 0.999593616 0.013493991 4.034143448 0.598721802 0.004227214 0.800945938 245.026748657
0.800835490 0.025385780 -0.598346174 -161.179443359 -0.023855593 0.999660432 0.010483487 4.045757294 0.598409116 0.005878353 0.801169157 245.803405762
0.800275505 0.025142940 -0.599105179 -161.763916016 -0.025205867 0.999647975 0.008283106 4.059829712 0.599102557 0.008472198 0.800627530 246.586761475
0.800705552 0.025331952 -0.598522246 -162.361358643 -0.025325779 0.999643743 0.008428149 4.069441795 0.598522544 0.008409576 0.801061869 247.374267578
0.800517499 0.026252141 -0.598734140 -162.949005127 -0.025414834 0.999628484 0.009849727 4.078320503 0.598770320 0.007331850 0.800887227 248.156509399
0.800477266 0.026243320 -0.598788261 -163.534057617 -0.024089348 0.999642432 0.011608377 4.090111732 0.598878801 0.005132176 0.800823212 248.946640015
0.800787687 0.025484825 -0.598405898 -164.117568970 -0.021874208 0.999672234 0.013301798 4.100122452 0.598548770 0.002437738 0.801082671 249.716583252
0.800828815 0.025515413 -0.598349631 -164.694015503 -0.020110156 0.999674261 0.015713742 4.117096424 0.598555684 -0.000551114 0.801081061 250.490936279
0.800644338 0.025092278 -0.598614275 -165.279953003 -0.019310150 0.999684274 0.016076785 4.130588531 0.598828673 -0.001312457 0.800876141 251.272766113
0.800464034 0.025173150 -0.598851919 -165.854965210 -0.020636547 0.999682784 0.014438212 4.144072056 0.599025369 0.000800966 0.800729632 252.042602539
0.800545692 0.023861282 -0.598796546 -166.433898926 -0.021510603 0.999707222 0.011079014 4.163352013 0.598885596 0.004011219 0.800824583 252.799468994
0.800678909 0.025064480 -0.598569155 -167.013153076 -0.023915196 0.999665260 0.009869699 4.178082466 0.598616183 0.006412438 0.801010311 253.562530518
0.800876915 0.025110908 -0.598302305 -167.602569580 -0.024217041 0.999661207 0.009539546 4.187852383 0.598339140 0.006849108 0.801213682 254.332702637
0.801061392 0.024369821 -0.598085880 -168.176559448 -0.022713223 0.999688864 0.010312150 4.199380875 0.598151088 0.005323793 0.801365674 255.104278564
0.801496387 0.024268268 -0.597507000 -168.755828857 -0.022331040 0.999693930 0.010648565 4.211416245 0.597582519 0.004808166 0.801792979 255.872192383
0.801708400 0.022937093 -0.597275138 -169.337112427 -0.020447772 0.999731004 0.010945998 4.226739407 0.597365558 0.003437445 0.801961720 256.652374268
0.801973701 0.021946881 -0.596956074 -169.915786743 -0.018694978 0.999757469 0.011640182 4.239903450 0.597066760 0.001824961 0.802189469 257.426940918
0.802104771 0.020787336 -0.596821368 -170.492507935 -0.017293775 0.999783397 0.011580371 4.254286289 0.596932828 0.001032624 0.802290559 258.206787109
0.802373052 0.021262070 -0.596443892 -171.091491699 -0.019526804 0.999765396 0.009371040 4.269266605 0.596503258 0.004127574 0.802600026 259.000183105
0.802231252 0.019198140 -0.596704662 -171.681610107 -0.018736925 0.999800086 0.006976577 4.284185410 0.596719325 0.005583582 0.802430630 259.797790527
0.802089810 0.018805174 -0.596907258 -172.266571045 -0.018324669 0.999808431 0.006874671 4.296251297 0.596922219 0.005424024 0.802280784 260.572204590
0.801921904 0.021736987 -0.597033322 -172.845260620 -0.019286985 0.999758899 0.010493706 4.302582741 0.597117484 0.003099838 0.802147865 261.330596924
0.801498234 0.024188662 -0.597507775 -173.427612305 -0.020561595 0.999705493 0.012889300 4.313302040 0.597643554 0.001954960 0.801759541 262.108367920
0.800950766 0.025243809 -0.598197877 -174.006179810 -0.021140400 0.999680161 0.013880554 4.327016830 0.598356903 0.001528501 0.801228225 262.880218506
0.800851762 0.026632648 -0.598270118 -174.592361450 -0.022404635 0.999643683 0.014509110 4.339866638 0.598443389 0.001784377 0.801163137 263.641021729
0.800638080 0.028819693 -0.598454714 -175.170471191 -0.023804372 0.999583900 0.016290311 4.355984688 0.598675191 0.001203197 0.800990999 264.407104492
0.800129533 0.032439485 -0.598949492 -175.751647949 -0.025928350 0.999473691 0.019494757 4.376103401 0.599266648 -0.000068560 0.800549507 265.176635742
0.799847305 0.034428444 -0.599215269 -176.331024170 -0.025918428 0.999403477 0.022825051 4.393775940 0.599643648 -0.002725837 0.800262511 265.942016602
0.799804211 0.030056901 -0.599507928 -176.906326294 -0.021934438 0.999541998 0.020850230 4.412196159 0.599860072 -0.003526232 0.800097227 266.706787109
0.799623728 0.025516706 -0.599959016 -177.489074707 -0.022286307 0.999669492 0.012813563 4.429537773 0.600087702 0.003124840 0.799928188 267.471679688
0.799625814 0.024516579 -0.599997938 -178.062866211 -0.024820533 0.999661744 0.007768603 4.450149536 0.599985480 0.008680291 0.799963832 268.227172852
0.799474239 0.027896438 -0.600052238 -178.643524170 -0.027607627 0.999571919 0.009687335 4.465134621 0.600065589 0.008821242 0.799902201 268.985717773
0.799552083 0.032112814 -0.599737644 -179.217529297 -0.029680213 0.999462128 0.013947210 4.474766731 0.599862933 0.006648819 0.800075173 269.748291016
0.799978733 0.030841827 -0.599235237 -179.793777466 -0.028728295 0.999501526 0.013090734 4.485886574 0.599340260 0.006742696 0.800465941 270.507598877
0.800276577 0.033128407 -0.598715246 -180.369796753 -0.031214792 0.999420464 0.013576973 4.508193970 0.598818064 0.007823436 0.800846934 271.264984131
0.799946070 0.035817973 -0.599002004 -180.943389893 -0.031986602 0.999343038 0.017039819 4.528171539 0.599218786 0.005529098 0.800566256 272.035919189
0.800730705 0.036838617 -0.597890675 -181.528182983 -0.029673565 0.999321222 0.021831879 4.546565533 0.598289073 0.000260093 0.801280260 272.794342041
0.800677061 0.033505362 -0.598158598 -182.090103149 -0.026026404 0.999437630 0.021144522 4.570088387 0.598530650 -0.001362020 0.801098824 273.553771973
0.800397992 0.032381210 -0.598593831 -182.666641235 -0.026502833 0.999475121 0.018629331 4.591225147 0.598882914 0.000953552 0.800836086 274.319763184
0.800472736 0.031977605 -0.598515570 -183.239547729 -0.028433219 0.999477506 0.015372833 4.603179932 0.598694384 0.004712189 0.800963700 275.065032959
0.800055563 0.031341739 -0.599106729 -183.804794312 -0.029000254 0.999487400 0.013559958 4.623268127 0.599224627 0.006525524 0.800554395 275.817260742
0.799681067 0.031288289 -0.599609315 -184.390014648 -0.028996255 0.999488592 0.013482995 4.641933441 0.599724531 0.006604327 0.800179303 276.585113525
0.799396396 0.033459179 -0.599871576 -184.962554932 -0.030201510 0.999423683 0.015498184 4.656277657 0.600044429 0.005727835 0.799946189 277.342132568
0.798694015 0.037199873 -0.600586474 -185.541351318 -0.032973807 0.999293327 0.018045031 4.677231789 0.600833356 0.005391165 0.799356163 278.107391357
0.798010349 0.040720623 -0.601266384 -186.120071411 -0.036129236 0.999152601 0.019716073 4.697336674 0.601559758 0.005989662 0.798805356 278.867248535
0.798098445 0.041142739 -0.601120770 -186.699615479 -0.037798580 0.999119639 0.018198559 4.708574772 0.601340353 0.008197269 0.798950970 279.608978271
0.798025131 0.037882417 -0.601432323 -187.264678955 -0.039274771 0.999169827 0.010822024 4.724612236 0.601342976 0.014984867 0.798850477 280.354431152
0.798259020 0.027978804 -0.601664126 -187.838897705 -0.034810930 0.999393880 0.000288708 4.731773376 0.601307511 0.020714026 0.798749149 281.109191895
0.797974825 0.019945443 -0.602360666 -188.405151367 -0.030411191 0.999511600 -0.007191148 4.736186028 0.601923048 0.024056861 0.798191667 281.859893799
0.797891855 0.018723423 -0.602509737 -188.975891113 -0.027474012 0.999608338 -0.005319749 4.739809513 0.602174163 0.020797944 0.798093796 282.616058350
0.797738910 0.021590631 -0.602616370 -189.546661377 -0.024666322 0.999690711 0.003163985 4.739245415 0.602498293 0.012340296 0.798024774 283.371398926
0.797939658 0.025482917 -0.602198482 -190.129074097 -0.024321841 0.999653399 0.010074293 4.744649410 0.602246463 0.006607896 0.798282862 284.145538330
0.798747182 0.026230928 -0.601094782 -190.696701050 -0.024221590 0.999641180 0.011436781 4.758579254 0.601179123 0.005424371 0.799095929 284.907257080
0.800019741 0.028273653 -0.599307060 -191.291015625 -0.028256373 0.999556184 0.009436644 4.768738747 0.599307895 0.009384743 0.800463617 285.659759521
0.801279128 0.027657952 -0.597651124 -191.858413696 -0.029699739 0.999538124 0.006437532 4.779221535 0.597553134 0.012591819 0.801730454 286.409759521
0.802387953 0.025833530 -0.596243441 -192.431121826 -0.028103551 0.999589920 0.005489348 4.788158417 0.596140802 0.012351971 0.802784920 287.175567627
0.803414702 0.024601309 -0.594911397 -192.991302490 -0.025614208 0.999649107 0.006746963 4.801298618 0.594868660 0.009817574 0.803762972 287.941345215
0.805208325 0.025736742 -0.592433214 -193.575653076 -0.024933046 0.999643624 0.009539089 4.809037209 0.592467606 0.007090211 0.805563092 288.707458496
0.806279242 0.024761030 -0.591016650 -194.132568359 -0.022998523 0.999680281 0.010507118 4.821059227 0.591087878 0.005120838 0.806590915 289.469024658
0.807569861 0.023138747 -0.589317918 -194.698989868 -0.021673011 0.999719441 0.009553055 4.828906059 0.589373648 0.005057534 0.807844758 290.243896484
0.808577299 0.020403821 -0.588036060 -195.254669189 -0.019578319 0.999778152 0.007769438 4.839748859 0.588064134 0.005230566 0.808797359 291.004608154
0.809541464 0.018324599 -0.586776614 -195.817703247 -0.017585611 0.999821126 0.006961832 4.848869324 0.586799264 0.004682933 0.809718907 291.781616211
0.809943199 0.017397473 -0.586250246 -196.373260498 -0.015444872 0.999845982 0.008333173 4.861688614 0.586304903 0.002305163 0.810087204 292.557586670
0.810469508 0.017873531 -0.585508108 -196.931716919 -0.014611005 0.999840260 0.010296874 4.868991852 0.585598588 0.000209559 0.810601175 293.320251465
0.810672164 0.018205157 -0.585217357 -197.488128662 -0.014169034 0.999833763 0.011475550 4.878808022 0.585328937 -0.001010947 0.810795307 294.091613770
0.810860276 0.018316824 -0.584953070 -198.068206787 -0.014424082 0.999831975 0.011313439 4.895386219 0.585062027 -0.000736206 0.810988188 294.871673584
0.810304880 0.016761513 -0.585768759 -198.618118286 -0.012488607 0.999857783 0.011334764 4.903202057 0.585875452 -0.001869178 0.810398936 295.642120361
0.810266674 0.017004749 -0.585814655 -199.197616577 -0.013242282 0.999854982 0.010707317 4.919882774 0.585911751 -0.000918260 0.810374320 296.421325684
0.809648514 0.016319308 -0.586688101 -199.761459351 -0.012279041 0.999865532 0.010866774 4.932372093 0.586786568 -0.001594300 0.809740067 297.197937012
0.809190691 0.016061585 -0.587326527 -200.331512451 -0.011495803 0.999867737 0.011504954 4.942733765 0.587433636 -0.002557912 0.809268296 297.977935791
0.808298767 0.015845332 -0.588559270 -200.895843506 -0.010136264 0.999864161 0.012997926 4.952872753 0.588685274 -0.004540415 0.808349609 298.751525879
0.807364523 0.015332418 -0.589853764 -201.469406128 -0.009407585 0.999869764 0.013113541 4.973865509 0.589977980 -0.005038309 0.807403624 299.522155762
0.806355774 0.014819780 -0.591245055 -202.043930054 -0.008929362 0.999877095 0.012884196 4.981225014 0.591363370 -0.005109805 0.806389034 300.293273926
0.804831564 0.014326513 -0.593330383 -202.605636597 -0.008977117 0.999888122 0.011966087 4.996457100 0.593435407 -0.004304288 0.804870129 301.061096191
0.803869843 0.014298914 -0.594633400 -203.188400269 -0.008717051 0.999886870 0.012259524 5.007801533 0.594741464 -0.004671613 0.803903520 301.830444336
0.802568972 0.015181130 -0.596366167 -203.760314941 -0.009252109 0.999872684 0.013001645 5.025707245 0.596487641 -0.004917072 0.802607238 302.602233887
0.801468253 0.017423851 -0.597783387 -204.348388672 -0.011238239 0.999837756 0.014075219 5.037652969 0.597931683 -0.004562809 0.801534057 303.361572266
0.800131559 0.018402148 -0.599542260 -204.923385620 -0.011993132 0.999820292 0.014682463 5.050473690 0.599704742 -0.004557514 0.800208449 304.124389648
0.799048007 0.019536007 -0.600949824 -205.513412476 -0.012915435 0.999799073 0.015329118 5.065453529 0.601128519 -0.004487174 0.799139798 304.888427734
0.798064351 0.020582603 -0.602220654 -206.117523193 -0.014110916 0.999780774 0.015470528 5.081872940 0.602407038 -0.003848592 0.798179805 305.693450928
0.796957433 0.020992821 -0.603670597 -206.706283569 -0.014557946 0.999773145 0.015548208 5.096371174 0.603860080 -0.003603057 0.797082245 306.460113525
0.796162009 0.021621391 -0.604697108 -207.300521851 -0.015377890 0.999761581 0.015500230 5.118409157 0.604888082 -0.003041730 0.796304703 307.218353271
0.795157731 0.021213125 -0.606031537 -207.889328003 -0.014406205 0.999766707 0.016093176 5.130290031 0.606231511 -0.004065998 0.795277834 307.998596191
0.794027925 0.020812353 -0.607524872 -208.486389160 -0.013757492 0.999773026 0.016268956 5.151855946 0.607725561 -0.004559987 0.794134021 308.772277832
0.792754829 0.020753574 -0.609187245 -209.072799683 -0.014217859 0.999777853 0.015557924 5.167039871 0.609374762 -0.003672282 0.792873800 309.540466309
0.792359769 0.019389834 -0.609745920 -209.680221558 -0.013722741 0.999808371 0.013961179 5.185675621 0.609899759 -0.002694892 0.792473972 310.313293457
0.791305125 0.020037223 -0.611093104 -210.280487061 -0.014647941 0.999797285 0.013814867 5.204253197 0.611245990 -0.001980521 0.791438222 311.083618164
0.791402102 0.021555457 -0.610915720 -210.884017944 -0.015992742 0.999766111 0.014558025 5.216657639 0.611086667 -0.001751034 0.791561782 311.843292236
0.791574717 0.022922382 -0.610642314 -211.483093262 -0.019019090 0.999736249 0.012873829 5.235219955 0.610776365 0.001423262 0.791801929 312.601013184
0.792096496 0.023313256 -0.609950542 -212.079971313 -0.020963680 0.999719858 0.010986904 5.245356560 0.610035777 0.004084120 0.792363346 313.367248535
0.792892456 0.024933351 -0.608851254 -212.666488647 -0.024397193 0.999660313 0.009165672 5.257726669 0.608873010 0.007586870 0.793231487 314.121704102
0.794678926 0.025614683 -0.606489301 -213.261444092 -0.024568368 0.999647856 0.010027709 5.270929337 0.606532574 0.006931641 0.795028448 314.891326904
0.796407998 0.026025031 -0.604199469 -213.841842651 -0.023804251 0.999648392 0.011681545 5.285177231 0.604291022 0.005079241 0.796747506 315.651885986
0.798015654 0.027120119 -0.602026165 -214.419723511 -0.022679063 0.999630749 0.014969210 5.291064262 0.602209806 0.001707724 0.798336029 316.417358398
0.800458193 0.025409134 -0.598849773 -214.997589111 -0.019845871 0.999676764 0.015889011 5.309713364 0.599059939 -0.000833794 0.800703764 317.185943604
0.802413762 0.024488654 -0.596265435 -215.561431885 -0.018412564 0.999697924 0.016279263 5.327061653 0.596484005 -0.002083930 0.802622259 317.953216553
0.805186749 0.022727642 -0.592585623 -216.134872437 -0.017668322 0.999741137 0.014336257 5.338382244 0.592758060 -0.001073372 0.805379868 318.712890625
0.807683408 0.020233950 -0.589269102 -216.692687988 -0.016726354 0.999795079 0.011404304 5.351031303 0.589379132 0.000645255 0.807856321 319.485473633
0.809875131 0.020187765 -0.586254954 -217.246704102 -0.018150169 0.999791503 0.009354608 5.362852573 0.586321533 0.003064560 0.810072660 320.241699219
0.811865568 0.020801466 -0.583473802 -217.796173096 -0.020314721 0.999766409 0.007376140 5.374118805 0.583490968 0.005864671 0.812098503 321.009155273
0.813921511 0.021194862 -0.580588102 -218.353927612 -0.022541320 0.999733925 0.004895652 5.380282402 0.580537379 0.009102545 0.814182699 321.759063721
0.815226018 0.021493474 -0.578743994 -218.890884399 -0.022432286 0.999733090 0.005529827 5.388779640 0.578708351 0.008474492 0.815490544 322.521057129
0.817048073 0.022451442 -0.576132298 -219.438079834 -0.021640627 0.999731600 0.008268906 5.397903919 0.576163352 0.005711770 0.817314625 323.282806396
0.818675935 0.023328707 -0.573781788 -219.988998413 -0.020158900 0.999726176 0.011883806 5.401589394 0.573901892 0.001837822 0.818922043 324.054565430
0.819555283 0.023153050 -0.572532177 -220.518081665 -0.017885074 0.999730110 0.014827103 5.416032791 0.572720945 -0.001911849 0.819748163 324.815399170
0.820470691 0.021087054 -0.571299553 -221.052658081 -0.014405858 0.999764800 0.016213054 5.426522255 0.571507096 -0.005072276 0.820581496 325.573150635
0.820962250 0.018562637 -0.570680678 -221.580612183 -0.011517718 0.999806404 0.015951885 5.439879417 0.570866287 -0.006522954 0.821017146 326.341857910
0.821175814 0.017315317 -0.570412517 -222.101730347 -0.010968191 0.999833822 0.014560737 5.455936432 0.570569873 -0.005700533 0.821229279 327.092895508
0.821417332 0.016971868 -0.570075095 -222.627548218 -0.011352948 0.999845624 0.013408305 5.469228268 0.570214629 -0.004541781 0.821483195 327.841369629
0.821228147 0.016860524 -0.570350885 -223.159820557 -0.011553945 0.999849737 0.012921110 5.483086109 0.570483029 -0.004021376 0.821299553 328.603820801
0.821097493 0.017609440 -0.570516348 -223.690963745 -0.012735927 0.999840379 0.012531089 5.500667572 0.570645928 -0.003023191 0.821190655 329.345062256
0.820597053 0.019251084 -0.571182966 -224.208068848 -0.014588784 0.999812424 0.012738407 5.504430771 0.571321011 -0.002120236 0.820723951 330.077575684
0.819910169 0.018709430 -0.572186470 -224.738403320 -0.014177182 0.999822915 0.012377263 5.514420033 0.572316706 -0.002036252 0.820030153 330.827209473
0.818857431 0.017199580 -0.573739231 -225.265808105 -0.011132997 0.999838829 0.014083875 5.533229828 0.573889017 -0.005145249 0.818916917 331.588043213
0.817482710 0.018326955 -0.575661480 -225.798721313 -0.011876692 0.999817491 0.014964730 5.551583767 0.575830698 -0.005396456 0.817551196 332.320617676
0.814653754 0.023421139 -0.579474568 -226.338867188 -0.017741263 0.999723017 0.015465157 5.566624165 0.579676211 -0.002318138 0.814843595 333.067169189
0.811800659 0.017571785 -0.583670199 -226.870407104 -0.013925383 0.999845445 0.010732831 5.576985836 0.583768606 -0.000585088 0.811919868 333.808227539
0.809030771 0.009340062 -0.587692082 -227.405746460 -0.008706655 0.999954462 0.003906270 5.584298611 0.587701797 0.001956539 0.809075236 334.537597656
0.805377722 0.009262999 -0.592689574 -227.952651978 -0.012717474 0.999917746 -0.001653705 5.594472885 0.592625499 0.008869371 0.805429339 335.269714355
0.801804602 0.010509701 -0.597493887 -228.502044678 -0.014061341 0.999900341 -0.001281678 5.596367836 0.597420812 0.009429220 0.801872492 335.990936279
0.797722757 0.013441817 -0.602874577 -229.053222656 -0.013041794 0.999902248 0.005037146 5.601622581 0.602883399 0.003844320 0.797820091 336.722991943
0.794862151 0.014878334 -0.606607616 -229.611862183 -0.010813417 0.999887943 0.010355113 5.609580994 0.606693685 -0.001671388 0.794933975 337.460968018
0.792211354 0.016320471 -0.610028565 -230.169708252 -0.011053240 0.999862075 0.012395681 5.626096249 0.610146701 -0.003077208 0.792282522 338.186462402
0.790560961 0.017687514 -0.612127841 -230.728454590 -0.011169154 0.999832988 0.014465382 5.635370255 0.612281501 -0.004598817 0.790626526 338.898712158
0.788703799 0.018754356 -0.614487290 -231.298049927 -0.012345437 0.999816179 0.014669165 5.654850006 0.614649475 -0.003983513 0.788790345 339.616729736
0.787216663 0.018908460 -0.616386652 -231.869674683 -0.012948817 0.999816298 0.014133113 5.672681332 0.616540611 -0.003144344 0.787316859 340.324768066
0.785996795 0.017618524 -0.617979467 -232.446105957 -0.012330052 0.999841750 0.012823007 5.680058956 0.618107617 -0.002459125 0.786089659 341.058013916
0.785320461 0.016426213 -0.618871570 -233.009429932 -0.011189478 0.999861240 0.012339571 5.696999550 0.618988395 -0.002765668 0.785395265 341.777648926
0.785164773 0.017738370 -0.619032860 -233.611679077 -0.011895404 0.999837279 0.013562499 5.715407372 0.619172692 -0.003285150 0.785247982 342.520202637
0.785297632 0.019085230 -0.618824244 -234.191879272 -0.012741991 0.999811292 0.014665511 5.727290154 0.618987381 -0.003631739 0.785392582 343.255004883
0.786064982 0.020175355 -0.617814481 -234.770812988 -0.014484605 0.999793947 0.014220055 5.741653442 0.617974102 -0.002229090 0.786195278 343.990570068
0.787804604 0.020799007 -0.615573943 -235.360656738 -0.016584400 0.999783635 0.012556151 5.759975433 0.615701914 0.000317131 0.787979126 344.718811035
0.789429545 0.021575047 -0.613461912 -235.937286377 -0.017688233 0.999766648 0.012399138 5.778239250 0.613586247 0.001062809 0.789627016 345.463562012
0.791082680 0.022078803 -0.611310661 -236.507293701 -0.018021304 0.999755800 0.012787391 5.794020653 0.611443758 0.000900730 0.791287422 346.213073730
