1.000000000 0.000000000 0.000000000 0.000000000 0.000000000 1.000000000 0.000000000 0.000000000 0.000000000 0.000000000 1.000000000 0.000000000
1.000000000 0.000061367 -0.000007184 0.000006754 -0.000061368 1.000000000 -0.000043944 0.000299397 0.000007181 0.000043945 1.000000000 0.000008308
1.000000000 0.000091743 -0.000008132 0.000177746 -0.000091743 1.000000000 0.000002304 -0.000010264 0.000008132 -0.000002303 1.000000000 -0.000028211
1.000000000 0.000076588 -0.000023246 0.000125158 -0.000076588 1.000000000 -0.000013316 0.000020892 0.000023245 0.000013318 1.000000000 -0.000590512
1.000000000 -0.000000011 -0.000034181 0.000735231 0.000000010 1.000000000 -0.000023143 -0.000254289 0.000034181 0.000023143 1.000000000 -0.000027121
1.000000000 -0.000018893 -0.000037580 0.000529731 0.000018892 1.000000000 -0.000032342 0.000154544 0.000037581 0.000032341 1.000000000 -0.000546400
1.000000000 -0.000026547 -0.000021867 0.000605599 0.000026546 1.000000000 -0.000022574 0.000134717 0.000021867 0.000022574 1.000000000 -0.000949823
1.000000000 -0.000010706 -0.000021348 0.000234368 0.000010706 1.000000000 -0.000025566 -0.000314650 0.000021349 0.000025565 1.000000000 -0.000228337
1.000000000 -0.000050569 0.000001520 -0.000035078 0.000050569 1.000000000 -0.000011134 -0.000050345 -0.000001520 0.000011134 1.000000000 0.000635683
1.000000000 0.000002369 0.000018130 0.000123705 -0.000002368 1.000000000 -0.000035869 -0.000144852 -0.000018130 0.000035869 1.000000000 0.000456600
1.000000000 -0.000047039 0.000012849 -0.000047019 0.000047039 1.000000000 -0.000024523 -0.000046533 -0.000012848 0.000024524 1.000000000 0.000158683
1.000000000 -0.000099692 -0.000012209 -0.000005717 0.000099692 1.000000000 -0.000015284 -0.000166489 0.000012210 0.000015283 1.000000000 -0.000001210
1.000000000 -0.000011193 0.000008847 0.000226254 0.000011194 1.000000000 -0.000010708 0.000042917 -0.000008846 0.000010708 1.000000000 0.000679106
1.000000000 0.000001472 -0.000027139 0.000639813 -0.000001472 1.000000000 -0.000002877 0.000015394 0.000027139 0.000002877 1.000000000 0.000651116
1.000000000 -0.000004302 0.000013856 0.000011534 0.000004302 1.000000000 0.000005181 -0.000286981 -0.000013856 -0.000005181 1.000000000 0.000461000
1.000000000 -0.000075987 -0.000027554 0.000366374 0.000075986 1.000000000 -0.000037219 -0.000028411 0.000027557 0.000037217 1.000000000 -0.000257362
1.000000000 -0.000033655 0.000019690 -0.000074243 0.000033655 1.000000000 -0.000024358 0.000251667 -0.000019689 0.000024359 1.000000000 -0.000272199
1.000000000 -0.000035829 -0.000005011 0.000328152 0.000035829 1.000000000 -0.000044666 0.000267570 0.000005013 0.000044666 1.000000000 -0.000637324
1.000000000 -0.000029163 -0.000000794 0.000122793 0.000029163 1.000000000 -0.000027228 0.000019674 0.000000794 0.000027227 1.000000000 -0.000640850
1.000000000 0.000006384 -0.000015985 0.000378990 -0.000006384 1.000000000 -0.000031668 -0.000140914 0.000015985 0.000031668 1.000000000 -0.000121934
1.000000000 -0.000019777 -0.000013310 -0.000184365 0.000019777 1.000000000 -0.000048525 0.000144771 0.000013311 0.000048525 1.000000000 -0.000316512
1.000000000 0.000013630 -0.000049496 0.000551242 -0.000013632 1.000000000 -0.000053122 0.000365896 0.000049495 0.000053123 1.000000000 -0.000062438
1.000000000 -0.000045738 -0.000001695 0.000288277 0.000045738 1.000000000 -0.000027875 -0.000114998 0.000001696 0.000027875 1.000000000 0.000150974
1.000000000 -0.000065727 -0.000034680 0.000478685 0.000065727 1.000000000 -0.000019239 -0.000076380 0.000034681 0.000019237 1.000000000 -0.001161453
1.000000000 -0.000012218 -0.000029300 0.000339943 0.000012216 1.000000000 -0.000058748 0.000302087 0.000029301 0.000058748 1.000000000 -0.000778302
1.000000000 -0.000035225 -0.000056179 0.000415705 0.000035229 1.000000000 0.000059197 -0.000532600 0.000056177 -0.000059199 1.000000000 -0.001639158
1.000000000 -0.000021997 -0.000025933 0.000341634 0.000021996 1.000000000 -0.000025914 -0.000043902 0.000025934 0.000025913 1.000000000 -0.000190486
1.000000000 0.000026393 -0.000051493 0.000313263 -0.000026393 1.000000000 -0.000002298 -0.000077081 0.000051493 0.000002299 1.000000000 -0.000656013
1.000000000 0.000000531 -0.000032864 0.000196209 -0.000000531 1.000000000 -0.000017083 -0.000110904 0.000032864 0.000017083 1.000000000 0.000042344
1.000000000 0.000005769 -0.000010050 0.000412658 -0.000005770 1.000000000 -0.000024687 -0.000179532 0.000010050 0.000024687 1.000000000 -0.000835356
1.000000000 0.000005408 -0.000009238 0.000127226 -0.000005408 1.000000000 0.000010650 -0.000002760 0.000009238 -0.000010649 1.000000000 -0.000267627
1.000000000 -0.000007647 -0.000049338 0.000454290 0.000007647 1.000000000 -0.000000775 -0.000515898 0.000049338 0.000000774 1.000000000 -0.000431485
1.000000000 0.000004344 -0.000020405 0.000122064 -0.000004344 1.000000000 -0.000000672 -0.000057659 0.000020405 0.000000672 1.000000000 0.000257376
1.000000000 0.000007132 0.000025672 0.000169692 -0.000007132 1.000000000 0.000002736 0.000154367 -0.000025672 -0.000002736 1.000000000 0.000002313
1.000000000 -0.000035505 -0.000082059 0.000585000 0.000035500 1.000000000 -0.000058265 0.000270457 0.000082061 0.000058263 1.000000000 -0.000943451
1.000000000 -0.000019751 -0.000032596 0.000475824 0.000019750 1.000000000 -0.000029651 0.000209252 0.000032597 0.000029650 1.000000000 -0.000352240
1.000000000 0.000039421 -0.000034523 0.000408267 -0.000039421 1.000000000 0.000020951 0.000085887 0.000034524 -0.000020949 1.000000000 -0.000071662
1.000000000 0.000006317 -0.000028216 0.000420097 -0.000006316 1.000000000 0.000025207 -0.000152307 0.000028216 -0.000025207 1.000000000 0.000332869
1.000000000 -0.000050251 -0.000057942 0.000610909 0.000050251 1.000000000 -0.000007980 -0.000324762 0.000057943 0.000007978 1.000000000 -0.000521029
1.000000000 0.000030383 -0.000016294 0.000220944 -0.000030383 1.000000000 -0.000028799 0.000068060 0.000016293 0.000028800 1.000000000 0.000100832
1.000000000 -0.000002433 -0.000006542 -0.000027379 0.000002433 1.000000000 0.000033504 -0.000234981 0.000006542 -0.000033504 1.000000000 0.000545763
1.000000000 0.000010114 -0.000034575 0.000314113 -0.000010116 1.000000000 -0.000060320 0.000141683 0.000034574 0.000060321 1.000000000 -0.000317448
1.000000000 -0.000038079 -0.000001975 0.000160360 0.000038079 1.000000000 -0.000008796 0.000072735 0.000001975 0.000008796 1.000000000 -0.000044932
1.000000000 0.000024316 -0.000030858 0.000165860 -0.000024315 1.000000000 0.000027149 0.000093167 0.000030859 -0.000027148 1.000000000 -0.000626745
1.000000000 0.000025349 0.000002046 -0.000051343 -0.000025349 1.000000000 -0.000005679 0.000188524 -0.000002046 0.000005679 1.000000000 0.000222204
1.000000000 -0.000122980 -0.000026540 0.000815236 0.000122981 1.000000000 0.000031449 -0.000540188 0.000026536 -0.000031452 1.000000000 0.000154207
1.000000000 -0.000038151 -0.000031192 0.000257685 0.000038150 1.000000000 -0.000012190 0.000092001 0.000031192 0.000012189 1.000000000 0.000112138
1.000000000 -0.000080832 -0.000052471 0.000926605 0.000080835 1.000000000 0.000055809 -0.000323289 0.000052466 -0.000055813 1.000000000 0.000972193
1.000000000 -0.000055940 -0.000008789 0.000241314 0.000055940 1.000000000 -0.000043947 0.000065759 0.000008791 0.000043947 1.000000000 -0.000690240
1.000000000 0.000005236 -0.000028151 0.000284344 -0.000005236 1.000000000 0.000010520 0.000135379 0.000028152 -0.000010520 1.000000000 -0.000514189
1.000000000 0.000010610 -0.000019151 0.000166298 -0.000010610 1.000000000 0.000009556 -0.000030942 0.000019151 -0.000009556 1.000000000 0.000343851
1.000000000 0.000047963 0.000003773 0.000190176 -0.000047963 1.000000000 -0.000000494 0.000005206 -0.000003773 0.000000494 1.000000000 -0.000720599
1.000000000 -0.000026632 -0.000047128 0.000915847 0.000026633 1.000000000 0.000030207 -0.000260804 0.000047127 -0.000030208 1.000000000 0.000193330
1.000000000 0.000026037 -0.000018937 0.000241562 -0.000026037 1.000000000 0.000003225 0.000027971 0.000018937 -0.000003224 1.000000000 -0.000792859
1.000000000 -0.000008336 -0.000036782 0.001030121 0.000008336 1.000000000 -0.000014826 0.000515430 0.000036782 0.000014826 1.000000000 -0.000089215
1.000000000 0.000002478 -0.000021776 0.000531194 -0.000002478 1.000000000 0.000013940 0.000090867 0.000021776 -0.000013940 1.000000000 0.000587701
1.000000000 0.000048625 -0.000055109 0.000107526 -0.000048626 1.000000000 -0.000023879 0.000138327 0.000055108 0.000023882 1.000000000 -0.000852890
1.000000000 0.000065050 -0.000029590 0.000919986 -0.000065050 1.000000000 0.000002283 0.000037552 0.000029590 -0.000002281 1.000000000 0.000371449
1.000000000 0.000019460 0.000003388 0.000358906 -0.000019460 1.000000000 0.000004197 0.000261190 -0.000003388 -0.000004197 1.000000000 0.000111793
1.000000000 0.000054309 -0.000020200 0.000756924 -0.000054308 1.000000000 0.000016070 0.000142814 0.000020201 -0.000016069 1.000000000 0.000715672
1.000000000 0.000037116 0.000003964 0.000608029 -0.000037116 1.000000000 -0.000035522 0.000480593 -0.000003966 0.000035522 1.000000000 0.001098242
1.000000000 0.000116849 -0.000048203 0.000259706 -0.000116847 1.000000000 0.000036044 -0.000176591 0.000048207 -0.000036038 1.000000000 0.000720723
1.000000000 0.000026766 -0.000023682 0.001149831 -0.000026765 1.000000000 0.000028951 0.000070166 0.000023683 -0.000028950 1.000000000 0.000430564
1.000000000 0.000010335 -0.000037267 0.000882423 -0.000010334 1.000000000 0.000028431 -0.000021465 0.000037267 -0.000028431 1.000000000 0.000208524
1.000000000 0.000036167 -0.000019618 0.000539426 -0.000036166 1.000000000 0.000055494 -0.000582473 0.000019620 -0.000055493 1.000000000 0.000565426
1.000000000 0.000025412 -0.000074688 0.001019239 -0.000025407 1.000000000 0.000058329 -0.000165569 0.000074689 -0.000058327 1.000000000 -0.000402695
1.000000000 0.000037036 0.000021545 0.000028377 -0.000037036 1.000000000 0.000006455 -0.000157408 -0.000021545 -0.000006456 1.000000000 0.000369770
1.000000000 -0.000029060 -0.000011355 0.000233019 0.000029061 1.000000000 0.000027847 -0.000146050 0.000011354 -0.000027847 1.000000000 -0.000451489
1.000000000 0.000027929 -0.000010678 0.000532556 -0.000027930 1.000000000 -0.000020264 0.000041151 0.000010678 0.000020265 1.000000000 -0.000213533
1.000000000 0.000067399 -0.000016281 0.000437974 -0.000067400 1.000000000 -0.000044595 0.000156612 0.000016278 0.000044597 1.000000000 -0.000586305
1.000000000 0.000005849 -0.000029477 0.000158806 -0.000005850 1.000000000 -0.000044034 0.000267012 0.000029477 0.000044034 1.000000000 -0.000668478
1.000000000 -0.000052843 0.000009209 0.000129265 0.000052843 1.000000000 -0.000031320 -0.000109679 -0.000009207 0.000031321 1.000000000 -0.000243558
1.000000000 -0.000011053 -0.000017350 0.000419919 0.000011052 1.000000000 -0.000066456 0.000154133 0.000017350 0.000066456 1.000000000 -0.000789549
1.000000000 0.000069350 0.000015671 -0.000104323 -0.000069350 1.000000000 0.000007449 -0.000169928 -0.000015671 -0.000007450 1.000000000 -0.000227255
1.000000000 0.000026649 0.000021905 0.000280798 -0.000026649 1.000000000 0.000011899 0.000078202 -0.000021905 -0.000011900 1.000000000 0.000395441
1.000000000 -0.000050001 0.000012169 0.000564488 0.000050002 1.000000000 -0.000059180 0.000085957 -0.000012166 0.000059180 1.000000000 0.001041647
1.000000000 -0.000000065 -0.000039264 0.000054458 0.000000063 1.000000000 -0.000053497 0.000176746 0.000039264 0.000053497 1.000000000 -0.000737204
1.000000000 0.000027359 0.000009155 0.000433863 -0.000027359 1.000000000 0.000025281 -0.000184733 -0.000009154 -0.000025281 1.000000000 0.000126480
1.000000000 0.000029683 0.000009750 0.000580194 -0.000029684 1.000000000 0.000017211 -0.000047216 -0.000009750 -0.000017211 1.000000000 0.002313607
1.000000000 -0.000000539 0.000010478 0.000470226 0.000000540 1.000000000 -0.000024015 0.000081705 -0.000010478 0.000024015 1.000000000 0.000941033
1.000000000 0.000015032 0.000025245 0.000173966 -0.000015033 1.000000000 0.000023987 -0.000084005 -0.000025244 -0.000023987 1.000000000 0.001209586
1.000000000 0.000099710 0.000024822 -0.000163448 -0.000099711 1.000000000 0.000015429 -0.000110593 -0.000024821 -0.000015431 1.000000000 0.000270108
1.000000000 0.000035298 -0.000002135 0.000143449 -0.000035298 1.000000000 -0.000037344 -0.000154484 0.000002134 0.000037344 1.000000000 0.000609579
1.000000000 -0.000039378 -0.000016004 0.000297582 0.000039377 1.000000000 -0.000044432 0.000226262 0.000016005 0.000044432 1.000000000 0.000654160
1.000000000 -0.000048733 -0.000031733 0.000147539 0.000048731 1.000000000 -0.000064385 0.000434932 0.000031736 0.000064384 1.000000000 0.000217103
1.000000000 0.000064101 -0.000059557 0.001345328 -0.000064101 1.000000000 -0.000005444 -0.000186817 0.000059557 0.000005448 1.000000000 0.001461134
1.000000000 0.000009869 -0.000033617 0.000614648 -0.000009870 1.000000000 -0.000028072 0.000341925 0.000033617 0.000028073 1.000000000 0.000333433
1.000000000 0.000027457 -0.000013398 0.000177671 -0.000027457 1.000000000 -0.000013175 0.000258734 0.000013397 0.000013176 1.000000000 -0.000230721
1.000000000 0.000061248 -0.000048679 0.000248625 -0.000061248 1.000000000 0.000001676 0.000194797 0.000048679 -0.000001673 1.000000000 -0.000502390
1.000000000 0.000020618 -0.000017795 0.000328191 -0.000020618 1.000000000 -0.000002515 0.000027236 0.000017795 0.000002515 1.000000000 -0.000134446
1.000000000 -0.000015231 -0.000080648 0.001148143 0.000015233 1.000000000 0.000022097 -0.000203218 0.000080647 -0.000022098 1.000000000 0.000715460
1.000000000 -0.000028693 -0.000008580 0.000407119 0.000028693 1.000000000 -0.000053253 0.000050221 0.000008581 0.000053252 1.000000000 -0.001359038
1.000000000 0.000073140 -0.000060977 0.000613954 -0.000073143 1.000000000 -0.000045274 -0.000377509 0.000060974 0.000045278 1.000000000 -0.001398757
1.000000000 -0.000001144 -0.000054262 0.000264458 0.000001142 1.000000000 -0.000022880 0.000030807 0.000054262 0.000022880 1.000000000 -0.000642430
1.000000000 0.000007356 -0.000006932 0.000114841 -0.000007356 1.000000000 -0.000025093 0.000158972 0.000006932 0.000025093 1.000000000 0.000151870
1.000000000 0.000021895 -0.000007958 0.000154969 -0.000021895 1.000000000 -0.000046674 0.000421040 0.000007957 0.000046674 1.000000000 -0.000088522
1.000000000 0.000036201 0.000024993 0.000012270 -0.000036199 1.000000000 -0.000059876 0.000272224 -0.000024996 0.000059876 1.000000000 0.001371998
1.000000000 -0.000015969 -0.000012289 0.000168131 0.000015969 1.000000000 -0.000048980 0.000463267 0.000012290 0.000048980 1.000000000 -0.000670884
1.000000000 0.000002898 -0.000003968 0.000283386 -0.000002898 1.000000000 -0.000048872 -0.000060751 0.000003968 0.000048872 1.000000000 -0.000280427
1.000000000 -0.000024736 -0.000021631 0.000138130 0.000024736 1.000000000 -0.000021131 0.000100061 0.000021632 0.000021131 1.000000000 -0.001152651
1.000000000 0.000004573 -0.000018941 0.000540823 -0.000004574 1.000000000 -0.000041270 0.000063309 0.000018941 0.000041270 1.000000000 -0.000685973
1.000000000 -0.000025139 0.000002789 0.000079559 0.000025139 1.000000000 -0.000047393 0.000169407 -0.000002788 0.000047393 1.000000000 0.000504477
1.000000000 -0.000003717 -0.000017647 0.000626973 0.000003717 1.000000000 0.000009270 0.000213822 0.000017647 -0.000009270 1.000000000 0.000600690
1.000000000 0.000023959 -0.000013573 -0.000013732 -0.000023959 1.000000000 -0.000036159 0.000318230 0.000013572 0.000036159 1.000000000 -0.000513248
1.000000000 -0.000048943 -0.000032829 0.000337356 0.000048942 1.000000000 -0.000032385 0.000036857 0.000032831 0.000032383 1.000000000 0.000103837
1.000000000 -0.000047168 -0.000056275 0.001186228 0.000047168 1.000000000 -0.000003381 -0.000244664 0.000056275 0.000003378 1.000000000 0.000552300
1.000000000 0.000024362 -0.000017717 0.000619226 -0.000024362 1.000000000 -0.000023954 0.000280834 0.000017716 0.000023954 1.000000000 0.000413878
1.000000000 0.000006921 -0.000000313 0.000381928 -0.000006921 1.000000000 -0.000025172 0.000322139 0.000000313 0.000025172 1.000000000 0.000995202
1.000000000 0.000004480 -0.000018331 0.000414839 -0.000004480 1.000000000 0.000002674 0.000065786 0.000018331 -0.000002674 1.000000000 0.000915360
1.000000000 0.000044982 -0.000024637 0.000365427 -0.000044983 1.000000000 -0.000074373 0.000254124 0.000024633 0.000074374 1.000000000 -0.000312356
1.000000000 0.000043317 -0.000012632 0.000128613 -0.000043317 1.000000000 -0.000029276 0.000082605 0.000012631 0.000029276 1.000000000 -0.001118967
1.000000000 0.000012019 -0.000047685 0.000283120 -0.000012019 1.000000000 -0.000007686 -0.000119165 0.000047685 0.000007686 1.000000000 -0.000134396
1.000000000 0.000019877 -0.000029135 0.000134596 -0.000019877 1.000000000 -0.000000807 0.000081744 0.000029135 0.000000807 1.000000000 -0.000081214
1.000000000 0.000034247 -0.000034603 0.000214176 -0.000034249 1.000000000 -0.000043184 -0.000123907 0.000034602 0.000043185 1.000000000 -0.000155534
1.000000000 -0.000058001 -0.000007021 0.000005808 0.000058001 1.000000000 -0.000044833 0.000212654 0.000007023 0.000044832 1.000000000 -0.000131443
1.000000000 0.000030048 -0.000022033 0.000387344 -0.000030049 1.000000000 -0.000033943 0.000203273 0.000022032 0.000033944 1.000000000 0.000660954
1.000000000 0.000114427 -0.000012525 0.000408261 -0.000114428 1.000000000 -0.000023555 0.000055908 0.000012522 0.000023557 1.000000000 -0.000293362
1.000000000 0.000122274 -0.000005105 0.000266247 -0.000122274 1.000000000 -0.000006107 -0.000094353 0.000005104 0.000006108 1.000000000 -0.000378543
1.000000000 -0.000023350 -0.000016981 0.000221689 0.000023350 1.000000000 0.000014933 -0.000376498 0.000016980 -0.000014933 1.000000000 -0.000766846
1.000000000 0.000045164 -0.000038439 0.000465975 -0.000045166 1.000000000 -0.000044143 0.000106073 0.000038437 0.000044145 1.000000000 -0.000601428
1.000000000 0.000000427 -0.000029947 0.000931503 -0.000000428 1.000000000 -0.000020063 0.000369064 0.000029947 0.000020063 1.000000000 0.001862220
1.000000000 -0.000002623 -0.000020872 0.000524343 0.000002622 1.000000000 -0.000031221 -0.000170148 0.000020872 0.000031221 1.000000000 -0.001005224
1.000000000 0.000052885 -0.000001784 0.000050883 -0.000052885 1.000000000 0.000014825 0.000007327 0.000001784 -0.000014825 1.000000000 0.000353979
1.000000000 0.000000265 -0.000052692 0.000812144 -0.000000265 1.000000000 0.000000373 -0.000395920 0.000052692 -0.000000373 1.000000000 0.001360747
1.000000000 0.000028436 -0.000013887 0.000365358 -0.000028435 1.000000000 0.000005185 -0.000078857 0.000013888 -0.000005185 1.000000000 -0.000182879
1.000000000 -0.000043756 0.000008491 0.000293341 0.000043756 1.000000000 -0.000027803 -0.000084839 -0.000008490 0.000027803 1.000000000 0.000496266
1.000000000 0.000003217 0.000001134 0.000339495 -0.000003217 1.000000000 -0.000051385 0.000133217 -0.000001134 0.000051385 1.000000000 0.001109852
1.000000000 0.000072803 -0.000035227 0.000797498 -0.000072803 1.000000000 -0.000018063 0.000130582 0.000035226 0.000018065 1.000000000 0.001089037
1.000000000 0.000012864 -0.000001772 0.000414518 -0.000012864 1.000000000 -0.000028627 0.000329117 0.000001772 0.000028627 1.000000000 0.000159829
1.000000000 0.000069868 0.000021773 0.000358324 -0.000069867 1.000000000 -0.000033478 0.000190204 -0.000021775 0.000033476 1.000000000 0.001268217
1.000000000 -0.000028336 -0.000015519 0.000282129 0.000028336 1.000000000 -0.000004659 0.000113756 0.000015519 0.000004659 1.000000000 -0.000203120
1.000000000 0.000061312 -0.000058404 0.000501859 -0.000061314 1.000000000 -0.000039899 0.000238759 0.000058402 0.000039902 1.000000000 -0.000224297
1.000000000 -0.000093680 -0.000054201 0.000821404 0.000093678 1.000000000 -0.000041924 -0.000060921 0.000054205 0.000041919 1.000000000 0.000622640
1.000000000 -0.000014099 -0.000003058 0.000076923 0.000014099 1.000000000 0.000023997 0.000022594 0.000003057 -0.000023997 1.000000000 0.000677289
1.000000000 0.000053830 -0.000033539 0.000334834 -0.000053830 1.000000000 -0.000000922 0.000008228 0.000033539 0.000000924 1.000000000 -0.000023503
1.000000000 0.000008916 -0.000045701 0.000879091 -0.000008915 1.000000000 0.000017133 -0.000573526 0.000045701 -0.000017133 1.000000000 0.000420126
1.000000000 0.000017574 0.000019688 0.000005622 -0.000017573 1.000000000 -0.000038579 0.000165815 -0.000019689 0.000038579 1.000000000 0.000190927
1.000000000 0.000059438 -0.000058629 0.001181258 -0.000059438 1.000000000 0.000011318 -0.000246925 0.000058630 -0.000011314 1.000000000 0.000539167
1.000000000 0.000040310 -0.000024043 0.000130983 -0.000040310 1.000000000 -0.000002500 0.000128109 0.000024043 0.000002501 1.000000000 -0.000010731
1.000000000 0.000022794 -0.000024682 0.000363462 -0.000022794 1.000000000 -0.000015600 -0.000041919 0.000024681 0.000015600 1.000000000 -0.000297497
1.000000000 -0.000017505 -0.000003101 0.000286811 0.000017505 1.000000000 0.000003742 0.000039998 0.000003100 -0.000003742 1.000000000 0.000584784
1.000000000 0.000004245 -0.000049251 0.000490451 -0.000004246 1.000000000 -0.000025071 0.000032631 0.000049251 0.000025071 1.000000000 -0.000542200
1.000000000 0.000088874 0.000008134 0.000371333 -0.000088874 1.000000000 -0.000014981 0.000109272 -0.000008135 0.000014980 1.000000000 0.000159687
1.000000000 0.000005350 -0.000044873 0.000672057 -0.000005352 1.000000000 -0.000051776 -0.000009306 0.000044873 0.000051776 1.000000000 -0.000903250
1.000000000 0.000074505 -0.000040934 0.000441523 -0.000074506 1.000000000 -0.000024130 -0.000045241 0.000040932 0.000024133 1.000000000 -0.000006313
1.000000000 -0.000028248 -0.000032926 0.000473416 0.000028250 1.000000000 0.000058601 -0.000572995 0.000032925 -0.000058602 1.000000000 -0.000821547
1.000000000 0.000055922 0.000018721 -0.000187069 -0.000055922 1.000000000 -0.000008754 -0.000149709 -0.000018721 0.000008753 1.000000000 -0.000037308
1.000000000 0.000003950 -0.000005183 0.000824749 -0.000003949 1.000000000 0.000025698 -0.000246434 0.000005183 -0.000025698 1.000000000 0.000958487
1.000000000 0.000081299 0.000029687 -0.000116898 -0.000081300 1.000000000 0.000021819 -0.000021591 -0.000029685 -0.000021821 1.000000000 0.000468267
1.000000000 0.000024541 -0.000032159 0.001038376 -0.000024540 1.000000000 0.000054674 -0.000645173 0.000032160 -0.000054674 1.000000000 0.001525781
1.000000000 0.000089828 -0.000044791 0.000673317 -0.000089828 1.000000000 -0.000003518 -0.000223540 0.000044791 0.000003522 1.000000000 -0.000421442
1.000000000 0.000030981 -0.000016742 0.000385509 -0.000030981 1.000000000 -0.000047797 0.000202327 0.000016740 0.000047798 1.000000000 -0.000854100
1.000000000 -0.000044023 -0.000038731 0.000379311 0.000044023 1.000000000 -0.000004625 -0.000128955 0.000038731 0.000004623 1.000000000 0.000069561
1.000000000 0.000022099 -0.000014380 0.000142380 -0.000022099 1.000000000 -0.000034519 -0.000165483 0.000014380 0.000034519 1.000000000 0.000014362
1.000000000 0.000014267 -0.000036303 0.000248525 -0.000014266 1.000000000 0.000018068 -0.000433492 0.000036303 -0.000018068 1.000000000 0.000730413
1.000000000 -0.000010491 -0.000009536 -0.000003457 0.000010491 1.000000000 0.000002677 0.000207293 0.000009536 -0.000002677 1.000000000 0.001055767
1.000000000 -0.000103941 -0.000056784 0.000762535 0.000103942 1.000000000 0.000011500 -0.000259903 0.000056783 -0.000011506 1.000000000 0.000378825
1.000000000 0.000044143 -0.000019033 0.000625380 -0.000044143 1.000000000 0.000004401 0.000053590 0.000019033 -0.000004400 1.000000000 0.002734016
1.000000000 0.000037254 -0.000045643 0.000536915 -0.000037256 1.000000000 -0.000059325 0.000252033 0.000045641 0.000059327 1.000000000 -0.000817618
1.000000000 0.000060989 -0.000015537 0.000158447 -0.000060988 1.000000000 0.000024890 0.000140223 0.000015539 -0.000024889 1.000000000 0.000789982
1.000000000 0.000097900 -0.000006358 0.000034048 -0.000097900 1.000000000 -0.000002560 0.000014442 0.000006358 0.000002560 1.000000000 0.001412187
1.000000000 -0.000014968 -0.000013324 -0.000064563 0.000014968 1.000000000 0.000028716 -0.000320276 0.000013324 -0.000028716 1.000000000 0.000000583
1.000000000 0.000017325 -0.000028000 0.000419706 -0.000017325 1.000000000 -0.000008549 0.000067561 0.000028000 0.000008549 1.000000000 0.001002504
1.000000000 0.000096782 -0.000065079 0.000926479 -0.000096781 1.000000000 0.000016385 -0.000281766 0.000065081 -0.000016378 1.000000000 0.000452558
1.000000000 0.000048269 0.000003714 0.000609238 -0.000048269 1.000000000 -0.000008650 -0.000523290 -0.000003715 0.000008650 1.000000000 0.001069237
1.000000000 0.000005774 -0.000032507 0.000294517 -0.000005775 1.000000000 -0.000014371 -0.000112369 0.000032507 0.000014372 1.000000000 0.000680777
1.000000000 0.000047766 0.000006246 0.000055298 -0.000047766 1.000000000 0.000009219 0.000106532 -0.000006245 -0.000009219 1.000000000 0.000548738
1.000000000 0.000106968 0.000000875 0.000475347 -0.000106968 1.000000000 0.000002006 -0.000070666 -0.000000875 -0.000002006 1.000000000 0.000284050
1.000000000 0.000050975 0.000003469 0.000091446 -0.000050975 1.000000000 -0.000026788 0.000277669 -0.000003471 0.000026788 1.000000000 0.000878528
1.000000000 -0.000092726 -0.000024527 0.000430622 0.000092728 1.000000000 0.000051971 -0.000722206 0.000024523 -0.000051973 1.000000000 0.000158727
1.000000000 0.000077837 0.000005026 0.000450418 -0.000077837 1.000000000 0.000010734 -0.000286421 -0.000005025 -0.000010734 1.000000000 -0.000578091
1.000000000 0.000119615 0.000034738 0.000108111 -0.000119615 1.000000000 -0.000004954 0.000242390 -0.000034739 0.000004949 1.000000000 0.000173344
1.000000000 0.000059499 -0.000006799 0.000294278 -0.000059499 1.000000000 0.000031738 -0.000118495 0.000006800 -0.000031738 1.000000000 0.000859325
1.000000000 0.000067776 -0.000020703 0.000070543 -0.000067776 1.000000000 -0.000000193 -0.000056088 0.000020703 0.000000195 1.000000000 -0.000295881
1.000000000 0.000081501 -0.000027325 0.000476732 -0.000081501 1.000000000 0.000000849 0.000119253 0.000027326 -0.000000847 1.000000000 -0.000236271
1.000000000 0.000066707 -0.000010203 0.000404519 -0.000066707 1.000000000 -0.000037313 0.000283226 0.000010200 0.000037314 1.000000000 0.000073226
1.000000000 0.000027426 -0.000009965 0.000390579 -0.000027426 1.000000000 -0.000001292 -0.000083173 0.000009965 0.000001292 1.000000000 -0.000775164
1.000000000 0.000095935 0.000025105 0.000179232 -0.000095936 1.000000000 0.000017204 -0.000081218 -0.000025104 -0.000017207 1.000000000 0.000550629
1.000000000 0.000061613 -0.000017115 0.000119569 -0.000061612 1.000000000 0.000010070 0.000078655 0.000017116 -0.000010069 1.000000000 -0.000296306
1.000000000 0.000015456 -0.000020696 0.000426197 -0.000015455 1.000000000 0.000042617 -0.000563287 0.000020696 -0.000042616 1.000000000 -0.000315565
1.000000000 0.000076571 -0.000050642 0.000595151 -0.000076571 1.000000000 0.000008532 0.000052879 0.000050643 -0.000008528 1.000000000 -0.000865970
1.000000000 0.000040871 0.000001751 0.000479445 -0.000040871 1.000000000 -0.000023715 -0.000071293 -0.000001752 0.000023715 1.000000000 -0.000315179
1.000000000 0.000077553 0.000005350 0.000244896 -0.000077553 1.000000000 -0.000006211 -0.000016085 -0.000005351 0.000006211 1.000000000 -0.000756123
1.000000000 0.000048130 -0.000001002 0.000081023 -0.000048130 1.000000000 -0.000048998 0.000043186 0.000000999 0.000048998 1.000000000 -0.000586032
1.000000000 0.000035498 0.000004513 -0.000041018 -0.000035498 1.000000000 0.000015000 -0.000097923 -0.000004512 -0.000015000 1.000000000 -0.000396283
1.000000000 0.000044420 -0.000047939 0.000670333 -0.000044420 1.000000000 -0.000008409 -0.000080123 0.000047938 0.000008411 1.000000000 -0.000866760
1.000000000 -0.000017661 -0.000030277 0.000369702 0.000017661 1.000000000 -0.000012630 -0.000023971 0.000030277 0.000012630 1.000000000 -0.000018197
1.000000000 0.000014391 -0.000013404 0.000604452 -0.000014391 1.000000000 -0.000012600 -0.000184912 0.000013404 0.000012600 1.000000000 0.000130626
1.000000000 0.000020699 -0.000022183 0.000242983 -0.000020700 1.000000000 -0.000019941 0.000052380 0.000022182 0.000019941 1.000000000 -0.000667647
1.000000000 0.000019714 -0.000039112 0.000762090 -0.000019713 1.000000000 0.000023497 -0.000232041 0.000039112 -0.000023496 1.000000000 0.001901081
1.000000000 0.000028616 -0.000045534 0.000830570 -0.000028617 1.000000000 -0.000013071 0.000179747 0.000045534 0.000013073 1.000000000 0.000200899
1.000000000 0.000015337 0.000003892 -0.000126847 -0.000015337 1.000000000 -0.000024159 -0.000244781 -0.000003892 0.000024159 1.000000000 -0.000411384
1.000000000 -0.000014858 -0.000013136 0.000485313 0.000014858 1.000000000 -0.000001383 -0.000037722 0.000013136 0.000001383 1.000000000 0.000045578
1.000000000 0.000036554 -0.000019166 0.000276988 -0.000036554 1.000000000 -0.000021746 0.000213771 0.000019165 0.000021747 1.000000000 -0.000402495
1.000000000 0.000026982 -0.000053267 0.000774048 -0.000026983 1.000000000 -0.000010891 0.000061445 0.000053266 0.000010893 1.000000000 0.000298643
1.000000000 0.000106253 0.000009442 0.000231907 -0.000106253 1.000000000 0.000012572 -0.000159971 -0.000009440 -0.000012573 1.000000000 -0.000130519
1.000000000 0.000051400 -0.000037217 0.000357722 -0.000051400 1.000000000 -0.000008184 -0.000055491 0.000037217 0.000008185 1.000000000 -0.000196914
1.000000000 0.000085080 0.000003312 0.000490435 -0.000085080 1.000000000 -0.000025434 0.000112774 -0.000003314 0.000025433 1.000000000 -0.000553731
1.000000000 -0.000058374 -0.000035162 0.000571985 0.000058373 1.000000000 -0.000044601 0.000249606 0.000035164 0.000044599 1.000000000 -0.000229465
1.000000000 0.000071146 0.000017006 0.000114237 -0.000071145 1.000000000 -0.000043130 0.000197022 -0.000017009 0.000043129 1.000000000 0.000326629
1.000000000 0.000032468 -0.000003763 0.000075420 -0.000032468 1.000000000 -0.000006522 0.000230036 0.000003763 0.000006522 1.000000000 0.001105044
1.000000000 0.000007766 -0.000014680 0.000565092 -0.000007767 1.000000000 -0.000043158 0.000354110 0.000014680 0.000043158 1.000000000 -0.000229361
1.000000000 0.000082616 0.000027908 0.000013984 -0.000082616 1.000000000 -0.000018269 -0.000091851 -0.000027909 0.000018266 1.000000000 0.000590408
1.000000000 -0.000012373 -0.000009643 -0.000084410 0.000012373 1.000000000 -0.000003427 -0.000003645 0.000009644 0.000003427 1.000000000 0.000760179
1.000000000 0.000122978 0.000008581 0.000307896 -0.000122978 1.000000000 -0.000024767 0.000018427 -0.000008584 0.000024766 1.000000000 -0.000588766
1.000000000 0.000054065 -0.000036270 0.000761420 -0.000054067 1.000000000 -0.000044654 0.000259681 0.000036268 0.000044656 1.000000000 -0.000075464
1.000000000 0.000041199 -0.000016926 0.000128090 -0.000041200 1.000000000 -0.000035407 0.000050134 0.000016925 0.000035408 1.000000000 0.000070137
1.000000000 0.000074807 0.000011329 -0.000019711 -0.000074807 1.000000000 -0.000018510 0.000091757 -0.000011331 0.000018509 1.000000000 0.001120868
1.000000000 0.000105890 -0.000005772 0.000284565 -0.000105890 1.000000000 -0.000010187 0.000016247 0.000005771 0.000010188 1.000000000 0.000336701
1.000000000 0.000008830 -0.000025152 0.000130901 -0.000008830 1.000000000 -0.000003370 0.000056262 0.000025152 0.000003370 1.000000000 0.000018035
1.000000000 0.000057427 -0.000008574 0.000235005 -0.000057427 1.000000000 -0.000005961 0.000050089 0.000008573 0.000005961 1.000000000 -0.000506978
1.000000000 -0.000002397 -0.000014627 0.000334377 0.000002398 1.000000000 0.000038285 -0.000034094 0.000014627 -0.000038285 1.000000000 0.000102641
1.000000000 0.000160239 0.000029596 -0.000019306 -0.000160239 1.000000000 -0.000014126 0.000576998 -0.000029599 0.000014122 1.000000000 0.001448184
1.000000000 0.000015183 -0.000006338 0.000246406 -0.000015183 1.000000000 -0.000032557 0.000093905 0.000006337 0.000032557 1.000000000 0.000026399
1.000000000 0.000037789 -0.000002043 -0.000004342 -0.000037789 1.000000000 0.000007116 0.000002076 0.000002043 -0.000007116 1.000000000 -0.000235292
1.000000000 0.000079458 0.000024023 0.000282531 -0.000079458 1.000000000 -0.000006990 0.000243224 -0.000024024 0.000006988 1.000000000 0.000238404
1.000000000 0.000094785 -0.000013421 0.000408436 -0.000094784 1.000000000 0.000012564 -0.000115976 0.000013422 -0.000012563 1.000000000 0.000229728
1.000000000 0.000064214 0.000000220 0.000332711 -0.000064214 1.000000000 0.000024035 -0.000045510 -0.000000219 -0.000024035 1.000000000 0.000305905
1.000000000 0.000042616 -0.000042295 0.000319394 -0.000042618 1.000000000 -0.000030200 0.000242786 0.000042293 0.000030202 1.000000000 -0.000491016
1.000000000 -0.000005649 -0.000016877 0.000861000 0.000005649 1.000000000 -0.000004606 0.000138789 0.000016877 0.000004606 1.000000000 0.001563025
1.000000000 0.000014060 -0.000010494 0.000722975 -0.000014061 1.000000000 -0.000036289 0.000118562 0.000010493 0.000036289 1.000000000 0.002113376
1.000000000 0.000024237 -0.000021096 0.000475515 -0.000024237 1.000000000 -0.000000529 0.000156396 0.000021096 0.000000530 1.000000000 0.001008329
1.000000000 0.000074116 -0.000033932 0.000618305 -0.000074117 1.000000000 -0.000025784 0.000312806 0.000033930 0.000025786 1.000000000 0.000755867
1.000000000 0.000034550 -0.000009187 0.000173317 -0.000034551 1.000000000 -0.000034929 0.000146406 0.000009185 0.000034929 1.000000000 -0.000347129
1.000000000 0.000020597 -0.000018212 0.000324870 -0.000020597 1.000000000 -0.000022383 0.000185896 0.000018211 0.000022384 1.000000000 -0.000650300
1.000000000 0.000067331 -0.000041837 0.001046917 -0.000067332 1.000000000 -0.000011199 -0.000043500 0.000041836 0.000011202 1.000000000 0.002761961
1.000000000 0.000089647 -0.000024686 0.000368091 -0.000089647 1.000000000 0.000011851 0.000062275 0.000024687 -0.000011849 1.000000000 0.000275522
1.000000000 0.000085337 -0.000030741 0.000615790 -0.000085338 1.000000000 -0.000021109 0.000308340 0.000030739 0.000021112 1.000000000 -0.000968341
1.000000000 -0.000015740 0.000018265 0.000241004 0.000015740 1.000000000 0.000004361 -0.000049980 -0.000018265 -0.000004361 1.000000000 -0.000617253
1.000000000 0.000072267 0.000007002 0.000016977 -0.000072267 1.000000000 -0.000032241 0.000067091 -0.000007005 0.000032241 1.000000000 -0.000793942
1.000000000 0.000033606 -0.000049102 0.000465074 -0.000033605 1.000000000 0.000021143 -0.000178679 0.000049103 -0.000021141 1.000000000 0.000370874
1.000000000 0.000011885 -0.000038177 0.000378186 -0.000011886 1.000000000 -0.000022859 0.000279658 0.000038177 0.000022859 1.000000000 -0.000894741
1.000000000 0.000077017 0.000021182 -0.000289214 -0.000077017 1.000000000 0.000004446 0.000044970 -0.000021182 -0.000004448 1.000000000 -0.000220422
1.000000000 0.000127979 -0.000023252 0.000392462 -0.000127980 1.000000000 -0.000032342 0.000424961 0.000023248 0.000032345 1.000000000 0.000031744
1.000000000 0.000070038 -0.000002939 0.000098042 -0.000070038 1.000000000 -0.000011668 0.000209779 0.000002938 0.000011668 1.000000000 0.000320743
1.000000000 0.000071927 -0.000016725 0.000408752 -0.000071927 1.000000000 -0.000052198 0.000384221 0.000016721 0.000052199 1.000000000 -0.000268116
1.000000000 0.000039439 -0.000028106 0.000891363 -0.000039438 1.000000000 0.000032727 0.000230296 0.000028107 -0.000032726 1.000000000 0.001328804
1.000000000 0.000016751 0.000044521 0.000145973 -0.000016750 1.000000000 -0.000027549 0.000187202 -0.000044522 0.000027548 1.000000000 0.000013843
1.000000000 0.000105775 -0.000026655 0.000055927 -0.000105775 1.000000000 -0.000011594 0.000256208 0.000026654 0.000011596 1.000000000 -0.000459397
1.000000000 0.000063163 0.000033810 -0.000018961 -0.000063163 1.000000000 0.000001151 0.000224157 -0.000033810 -0.000001153 1.000000000 -0.000373102
1.000000000 0.000026324 -0.000019414 0.000128012 -0.000026324 1.000000000 0.000004888 0.000247932 0.000019414 -0.000004888 1.000000000 -0.000158775
1.000000000 0.000090473 0.000008598 0.000252235 -0.000090473 1.000000000 0.000009468 -0.000216354 -0.000008597 -0.000009469 1.000000000 0.001011600
1.000000000 0.000001017 -0.000028462 0.000197433 -0.000001017 1.000000000 0.000014714 -0.000072864 0.000028462 -0.000014714 1.000000000 -0.001018799
1.000000000 0.000076858 -0.000011693 0.000306326 -0.000076858 1.000000000 -0.000026064 -0.000060468 0.000011691 0.000026065 1.000000000 -0.000385143
1.000000000 0.000077203 -0.000019202 0.000111556 -0.000077204 1.000000000 -0.000054678 0.000313495 0.000019198 0.000054679 1.000000000 -0.000223618
1.000000000 0.000001604 -0.000026484 0.000567308 -0.000001606 1.000000000 -0.000048728 -0.000102276 0.000026484 0.000048728 1.000000000 -0.001191836
1.000000000 0.000104878 0.000020594 0.000022129 -0.000104878 1.000000000 -0.000029345 -0.000025265 -0.000020597 0.000029342 1.000000000 -0.000328949
1.000000000 0.000022446 0.000001990 0.000109501 -0.000022446 1.000000000 0.000048421 -0.000598722 -0.000001989 -0.000048421 1.000000000 -0.000603521
1.000000000 0.000013268 -0.000025608 0.000190195 -0.000013268 1.000000000 0.000003475 0.000178503 0.000025608 -0.000003475 1.000000000 -0.000598880
1.000000000 0.000019528 0.000005142 0.000030980 -0.000019528 1.000000000 -0.000013188 0.000018277 -0.000005142 0.000013188 1.000000000 -0.000145700
1.000000000 0.000026762 0.000009218 -0.000119388 -0.000026762 1.000000000 -0.000002600 0.000102434 -0.000009218 0.000002599 1.000000000 -0.000200076
1.000000000 -0.000025132 -0.000015995 0.000071694 0.000025132 1.000000000 -0.000009135 0.000197084 0.000015995 0.000009134 1.000000000 0.000172042
1.000000000 0.000064724 -0.000020627 0.000139921 -0.000064725 1.000000000 -0.000022552 -0.000005927 0.000020626 0.000022553 1.000000000 0.000290128
1.000000000 0.000021453 0.000017231 0.000471101 -0.000021453 1.000000000 -0.000027242 0.000085035 -0.000017232 0.000027242 1.000000000 0.000930760
1.000000000 0.000046270 0.000000554 0.000383500 -0.000046270 1.000000000 -0.000009308 0.000033302 -0.000000554 0.000009308 1.000000000 0.001408023
1.000000000 0.000028882 0.000002830 -0.000339697 -0.000028882 1.000000000 -0.000047752 0.000118189 -0.000002832 0.000047752 1.000000000 0.000433284
1.000000000 0.000049276 -0.000004409 0.000208473 -0.000049276 1.000000000 -0.000024905 -0.000152510 0.000004408 0.000024905 1.000000000 -0.000118693
1.000000000 0.000075285 -0.000022764 0.000449823 -0.000075286 1.000000000 -0.000027094 0.000299667 0.000022762 0.000027096 1.000000000 -0.001473411
1.000000000 0.000033168 0.000008095 0.000726589 -0.000033168 1.000000000 -0.000023566 0.000331191 -0.000008096 0.000023566 1.000000000 0.000433172
1.000000000 0.000104166 0.000022435 0.000276835 -0.000104165 1.000000000 -0.000039162 0.000217172 -0.000022439 0.000039160 1.000000000 -0.000234113
1.000000000 0.000005658 -0.000006030 0.000287003 -0.000005657 1.000000000 0.000016350 -0.000048158 0.000006030 -0.000016350 1.000000000 0.000287247
1.000000000 0.000072297 -0.000021901 0.000360299 -0.000072297 1.000000000 -0.000009754 0.000395533 0.000021900 0.000009755 1.000000000 -0.000143237
1.000000000 0.000037979 -0.000037387 0.001071136 -0.000037979 1.000000000 -0.000004078 0.000202874 0.000037387 0.000004080 1.000000000 0.000710420
1.000000000 0.000084279 0.000004942 0.000327424 -0.000084279 1.000000000 -0.000007806 -0.000072324 -0.000004943 0.000007806 1.000000000 -0.000053500
1.000000000 0.000033099 -0.000014492 0.000578555 -0.000033099 1.000000000 -0.000002498 0.000425204 0.000014492 0.000002498 1.000000000 0.000734773
1.000000000 0.000004001 0.000006397 0.000395170 -0.000004001 1.000000000 -0.000039882 0.000128644 -0.000006397 0.000039882 1.000000000 -0.000263049
1.000000000 -0.000008654 -0.000023310 0.000511934 0.000008655 1.000000000 0.000023895 -0.000013919 0.000023310 -0.000023895 1.000000000 0.000636581
1.000000000 0.000074546 -0.000017743 0.000515681 -0.000074547 1.000000000 -0.000036395 0.000239342 0.000017740 0.000036396 1.000000000 0.000034563
1.000000000 0.000038473 0.000037528 -0.000090229 -0.000038473 1.000000000 -0.000010226 0.000109006 -0.000037529 0.000010225 1.000000000 -0.000506645
1.000000000 0.000062347 -0.000027070 0.000402737 -0.000062346 1.000000000 0.000010250 0.000188614 0.000027070 -0.000010248 1.000000000 -0.000262987
1.000000000 0.000052115 -0.000000247 0.000244339 -0.000052115 1.000000000 -0.000013807 0.000278822 0.000000246 0.000013807 1.000000000 0.000710915
1.000000000 0.000026816 -0.000004117 0.000261269 -0.000026816 1.000000000 -0.000038502 0.000347336 0.000004116 0.000038502 1.000000000 -0.000211535
1.000000000 0.000089713 0.000009147 0.000574368 -0.000089713 1.000000000 -0.000009094 0.000105328 -0.000009148 0.000009093 1.000000000 -0.000498914
1.000000000 0.000069956 0.000027854 0.000372344 -0.000069956 1.000000000 0.000002765 0.000321750 -0.000027854 -0.000002767 1.000000000 0.000292192
1.000000000 0.000039281 -0.000003389 0.000364591 -0.000039281 1.000000000 -0.000057080 0.000434365 0.000003386 0.000057080 1.000000000 0.000658267
1.000000000 0.000096207 0.000037047 -0.000405964 -0.000096206 1.000000000 -0.000032439 0.000072195 -0.000037050 0.000032435 1.000000000 0.000500707
1.000000000 0.000067110 0.000049355 -0.000066393 -0.000067111 1.000000000 0.000013654 0.000186475 -0.000049354 -0.000013657 1.000000000 0.000844786
1.000000000 0.000107361 0.000037544 0.000295145 -0.000107360 1.000000000 -0.000008755 0.000314117 -0.000037545 0.000008751 1.000000000 0.000457552
1.000000000 0.000057996 0.000020556 0.000047864 -0.000057996 1.000000000 -0.000011295 0.000625408 -0.000020557 0.000011294 1.000000000 -0.000192241
1.000000000 0.000034416 0.000044385 -0.000514644 -0.000034415 1.000000000 -0.000042979 0.001048422 -0.000044386 0.000042978 1.000000000 0.000362527
1.000000000 0.000027427 0.000020006 -0.000169859 -0.000027427 1.000000000 -0.000033454 0.000774521 -0.000020007 0.000033453 1.000000000 0.000618864
1.000000000 0.000070501 0.000015694 0.000711665 -0.000070500 1.000000000 -0.000053191 0.000454036 -0.000015698 0.000053190 1.000000000 0.001654115
1.000000000 -0.000096955 0.000033794 0.000523786 0.000096970 0.999999881 -0.000466071 0.000414656 -0.000033749 0.000466074 0.999999881 -0.000414509
1.000000000 0.000175024 -0.000066646 -0.000993698 -0.000175114 0.999999106 -0.001344686 0.000506556 0.000066411 0.001344698 0.999999106 -0.002881188
1.000000000 -0.000022935 -0.000058922 0.001084816 0.000022840 0.999998689 -0.001619721 -0.000970634 0.000058959 0.001619719 0.999998689 0.015966807
1.000000000 -0.000063401 -0.000133944 0.002201352 0.000063183 0.999998689 -0.001626700 -0.002039194 0.000134047 0.001626692 0.999998689 0.031865049
0.999999940 -0.000264581 -0.000258688 0.005063650 0.000264208 0.999998927 -0.001440337 -0.003784387 0.000259068 0.001440269 0.999998927 0.060946822
0.999999881 -0.000176308 -0.000397582 0.009694948 0.000175814 0.999999225 -0.001241932 -0.005759796 0.000397800 0.001241862 0.999999166 0.093645640
0.999999940 0.000084123 -0.000232884 0.002611835 -0.000084509 0.999998629 -0.001660499 0.002281390 0.000232744 0.001660519 0.999998569 0.127800629
0.999999881 0.000242252 -0.000408123 0.002705467 -0.000242969 0.999998450 -0.001758887 0.001065477 0.000407696 0.001758986 0.999998391 0.171236649
0.999999821 0.000309293 -0.000495098 0.001855676 -0.000310723 0.999995768 -0.002890493 0.003488021 0.000494202 0.002890646 0.999995708 0.222718418
0.999999881 0.000260576 -0.000405892 0.000522826 -0.000262617 0.999987304 -0.005035620 0.003486254 0.000404575 0.005035726 0.999987245 0.281873584
0.999999821 0.000209088 -0.000587438 -0.000797101 -0.000213280 0.999974430 -0.007146032 0.004134282 0.000585929 0.007146156 0.999974310 0.365303725
0.999999821 -0.000018968 -0.000587741 -0.002540692 0.000013911 0.999962986 -0.008601922 0.002968323 0.000587882 0.008601911 0.999962807 0.460529774
0.999999702 -0.000264567 -0.000754110 0.001235782 0.000257414 0.999955118 -0.009469323 0.008231057 0.000756581 0.009469126 0.999954879 0.588732958
0.999999464 -0.000576497 -0.000875487 0.003382505 0.000568133 0.999954462 -0.009523622 0.007317588 0.000880938 0.009523119 0.999954283 0.731492460
0.999999106 -0.000645323 -0.001170989 0.005206283 0.000633275 0.999947131 -0.010260738 0.005556288 0.001177549 0.010259987 0.999946654 0.898405850
0.999998987 -0.000163021 -0.001404789 -0.000515030 0.000148122 0.999943793 -0.010599410 0.007300659 0.001406438 0.010599191 0.999942839 1.077907205
0.999998510 -0.000569800 -0.001631369 -0.005074139 0.000552627 0.999944627 -0.010507517 0.008981217 0.001637265 0.010506600 0.999943435 1.286298275
0.999998271 -0.000000974 -0.001864815 -0.011781909 -0.000019703 0.999938548 -0.011088129 0.008696193 0.001864711 0.011088146 0.999936759 1.510532022
0.999996305 -0.000025809 -0.002713274 -0.009562913 -0.000006367 0.999929667 -0.011858345 0.008988493 0.002713389 0.011858319 0.999926031 1.766043544
0.999994516 0.000174412 -0.003311928 -0.012884546 -0.000213806 0.999929190 -0.011897881 0.011408452 0.003309618 0.011898523 0.999923706 2.037499905
0.999991894 -0.000742761 -0.003962316 -0.014228262 0.000697004 0.999933183 -0.011537096 0.010579351 0.003970621 0.011534241 0.999925613 2.327299595
0.999989450 -0.001106015 -0.004458194 -0.017704790 0.001053032 0.999929011 -0.011869231 0.012056016 0.004471004 0.011864412 0.999919593 2.660517693
0.999987066 -0.000767413 -0.005022388 -0.022887934 0.000707904 0.999929667 -0.011839747 0.013057356 0.005031121 0.011836040 0.999917269 2.997566462
0.999984026 -0.000566316 -0.005622636 -0.030230956 0.000497732 0.999925554 -0.012191750 0.011413171 0.005629121 0.012188757 0.999909878 3.359474897
0.999976516 -0.000457533 -0.006836781 -0.032950658 0.000369246 0.999916613 -0.012909254 0.015201450 0.006842118 0.012906427 0.999893308 3.745233774
0.999972224 -0.000235363 -0.007448749 -0.037554748 0.000140731 0.999919295 -0.012702487 0.018818788 0.007451138 0.012701087 0.999891579 4.160389900
0.999969065 0.000509642 -0.007847199 -0.045707848 -0.000609226 0.999919236 -0.012693220 0.015210728 0.007840096 0.012697607 0.999888659 4.595366001
0.999966502 0.000149022 -0.008180887 -0.050521698 -0.000261532 0.999905407 -0.013753366 0.014266236 0.008178064 0.013755045 0.999871969 5.051872253
0.999966025 -0.000258727 -0.008236405 -0.056044057 0.000141581 0.999898851 -0.014220418 0.016206723 0.008239252 0.014218770 0.999864936 5.528640747
0.999971986 0.000020473 -0.007486645 -0.063539319 -0.000125062 0.999902427 -0.013969970 0.015293227 0.007485628 0.013970515 0.999874413 6.028619766
0.999973297 0.001555478 -0.007136340 -0.069554396 -0.001655087 0.999900997 -0.013973422 0.013969061 0.007113898 0.013984861 0.999876916 6.565724373
0.999976993 0.002906401 -0.006124821 -0.079300731 -0.002993537 0.999893785 -0.014265927 0.017062347 0.006082708 0.014283934 0.999879479 7.108319759
0.999982655 0.003229612 -0.004927476 -0.081871338 -0.003296491 0.999901712 -0.013625383 0.012299952 0.004882987 0.013641391 0.999895036 7.674653053
0.999987483 0.003044152 -0.003971011 -0.082903333 -0.003094719 0.999913394 -0.012790617 0.015296065 0.003931731 0.012802745 0.999910295 8.259099007
0.999994159 0.002744030 -0.002047513 -0.089038819 -0.002771029 0.999907672 -0.013302041 0.009685600 0.002010823 0.013307638 0.999909401 8.853145599
0.999994755 0.003167118 -0.000694174 -0.090794198 -0.003176190 0.999904037 -0.013482723 0.014122500 0.000651406 0.013484857 0.999908864 9.467974663
0.999994755 0.003189254 0.000536859 -0.093799166 -0.003181855 0.999907017 -0.013259852 0.010041396 -0.000579098 0.013258075 0.999911964 10.127162933
0.999996841 0.001399031 0.002081836 -0.089520127 -0.001371884 0.999914765 -0.012984456 0.017693222 -0.002099824 0.012981560 0.999913514 10.778388023
0.999991715 -0.000206071 0.004064154 -0.097986817 0.000252888 0.999933600 -0.011522270 0.009169374 -0.004061510 0.011523202 0.999925375 11.461349487
0.999985814 -0.000894105 0.005252768 -0.093617812 0.000945687 0.999951303 -0.009825763 0.012854808 -0.005243727 0.009830591 0.999937952 12.155779839
0.999976814 -0.002082132 0.006482810 -0.090638854 0.002141418 0.999955833 -0.009151721 0.012444714 -0.006463469 0.009165391 0.999937117 12.866843224
0.999963522 -0.003685923 0.007707263 -0.087606996 0.003761809 0.999944389 -0.009854887 0.008974046 -0.007670510 0.009883520 0.999921739 13.606202126
0.999957323 -0.003969123 0.008343409 -0.083457462 0.004062828 0.999928534 -0.011244315 0.011586367 -0.008298183 0.011277732 0.999901950 14.355878830
0.999950945 -0.003343937 0.009324092 -0.081027083 0.003457626 0.999919534 -0.012203609 0.008144398 -0.009282534 0.012235249 0.999882042 15.121755600
0.999951184 0.000048498 0.009881366 -0.076899074 0.000089708 0.999902189 -0.013985599 0.006116177 -0.009881077 0.013985803 0.999853373 15.910296440
0.999945104 0.001541152 0.010366348 -0.070738956 -0.001390579 0.999893665 -0.014516696 0.003776707 -0.010387618 0.014501484 0.999840915 16.707609177
0.999935746 0.000750866 0.011313598 -0.061741628 -0.000586405 0.999894202 -0.014532875 0.002675205 -0.011323313 0.014525307 0.999830365 17.534006119
0.999926388 0.000588382 0.012118875 -0.052346516 -0.000426707 0.999910951 -0.013339021 -0.000130686 -0.012125645 0.013332868 0.999837577 18.372673035
0.999909222 0.000491130 0.013466260 -0.047674160 -0.000336387 0.999933898 -0.011491059 -0.005664862 -0.013471014 0.011485486 0.999843299 19.216951370
0.999898851 -0.000411548 0.014217348 -0.039433029 0.000552678 0.999950588 -0.009924134 -0.003910454 -0.014212561 0.009930988 0.999849677 20.090879440
0.999888241 -0.003654506 0.014495202 -0.023463817 0.003794074 0.999946594 -0.009612761 -0.005397220 -0.014459299 0.009666683 0.999848723 20.992382050
0.999875844 -0.005843951 0.014635073 -0.011978394 0.005993732 0.999929905 -0.010211462 -0.001474088 -0.014574372 0.010297913 0.999840736 21.876493454
0.999871552 -0.007145804 0.014345204 0.004706528 0.007301653 0.999914587 -0.010841355 -0.003933993 -0.014266508 0.010944706 0.999838352 22.836549759
0.999879718 -0.007118908 0.013780052 0.016327960 0.007266148 0.999916732 -0.010664621 -0.001145846 -0.013702984 0.010763466 0.999848187 23.777410507
0.999879122 -0.007411885 0.013667846 0.021612702 0.007538677 0.999928832 -0.009248631 -0.006781640 -0.013598324 0.009350550 0.999863803 24.749885559
0.999884665 -0.007553593 0.013177002 0.034728888 0.007646814 0.999945998 -0.007038543 -0.000333772 -0.013123124 0.007138493 0.999888420 25.712591171
0.999883771 -0.007994427 0.012981739 0.036648378 0.008051441 0.999958158 -0.004345526 -0.001483738 -0.012946456 0.004449543 0.999906301 26.684528351
0.999881625 -0.009349704 0.012219882 0.049603082 0.009384026 0.999952197 -0.002754453 -0.006358217 -0.012193544 0.002868798 0.999921560 27.659545898
0.999890506 -0.009738030 0.011140486 0.059350125 0.009771291 0.999947965 -0.002935125 -0.003179358 -0.011111324 0.003043660 0.999933660 28.643014908
0.999909103 -0.008204298 0.010697657 0.052688554 0.008251977 0.999956191 -0.004420436 0.000471697 -0.010660922 0.004508311 0.999933004 29.608734131
0.999918103 -0.008856594 0.009236827 0.068862371 0.008907279 0.999945402 -0.005460711 -0.007280230 -0.009187960 0.005542539 0.999942422 30.599758148
0.999933779 -0.008048922 0.008225087 0.075201698 0.008099152 0.999948621 -0.006091928 -0.003520667 -0.008175631 0.006158141 0.999947608 31.586791992
0.999949217 -0.006551248 0.007657963 0.075403757 0.006594843 0.999962091 -0.005681450 -0.007031238 -0.007620452 0.005731665 0.999954522 32.575042725
0.999954522 -0.006032922 0.007386103 0.073438212 0.006065015 0.999972224 -0.004330378 -0.011426161 -0.007359773 0.004374978 0.999963343 33.615951538
0.999959290 -0.005519808 0.007138559 0.076259553 0.005539958 0.999980688 -0.002805947 -0.006127949 -0.007122932 0.002845380 0.999970555 34.618179321
0.999965370 -0.005008594 0.006645219 0.079667851 0.005027222 0.999983490 -0.002789641 -0.011126827 -0.006631137 0.002822951 0.999974012 35.623703003
0.999969721 -0.005007673 0.005953884 0.085655533 0.005035525 0.999976397 -0.004672178 -0.009706486 -0.005930347 0.004702018 0.999971390 36.670288086
0.999973893 -0.004547869 0.005615484 0.086413875 0.004590095 0.999961138 -0.007529750 -0.005154573 -0.005581022 0.007555329 0.999955893 37.681621552
0.999971211 -0.004857129 0.005832915 0.089931406 0.004901079 0.999959528 -0.007544205 -0.007877565 -0.005796036 0.007572575 0.999954522 38.715499878
0.999979556 -0.002994247 0.005646368 0.087640107 0.003033083 0.999971747 -0.006881929 -0.013358586 -0.005625601 0.006898915 0.999960363 39.733806610
0.999967217 -0.005330923 0.006091646 0.090437636 0.005368134 0.999966919 -0.006108661 -0.014283973 -0.006058881 0.006141162 0.999962807 40.779727936
0.999956787 -0.007101780 0.005999052 0.096651904 0.007127884 0.999965191 -0.004341228 -0.013129283 -0.005968012 0.004383801 0.999972582 41.817077637
0.999922037 -0.010790302 0.006283065 0.106273822 0.010802138 0.999939919 -0.001852739 -0.016555835 -0.006262696 0.001920465 0.999978542 42.875011444
0.999902010 -0.012624701 0.006044583 0.113584131 0.012627942 0.999920130 -0.000498171 -0.014616781 -0.006037812 0.000574453 0.999981582 43.912979126
0.999894440 -0.013210375 0.006048825 0.116369538 0.013227054 0.999908805 -0.002725787 -0.015652344 -0.006012265 0.002805508 0.999978006 44.962226868
0.999910414 -0.011512263 0.006829230 0.108832099 0.011567131 0.999900699 -0.008049966 -0.008186212 -0.006735879 0.008128239 0.999944270 46.027462006
0.999926627 -0.009968053 0.006882997 0.114641555 0.010051762 0.999874592 -0.012236105 -0.007568832 -0.006760164 0.012304394 0.999901474 47.094318390
0.999938130 -0.008168314 0.007547460 0.115469038 0.008261908 0.999888301 -0.012453890 -0.016196117 -0.007444889 0.012515477 0.999893963 48.179347992
0.999948382 -0.004801483 0.008955097 0.105926462 0.004903999 0.999922276 -0.011461179 -0.033140391 -0.008899370 0.011504503 0.999894202 49.265033722
