1.000000000 0.000000000 0.000000000 0.000000000 0.000000000 1.000000000 0.000000000 0.000000000 0.000000000 0.000000000 1.000000000 0.000000000
1.000000000 0.000017378 0.000028167 0.000014918 -0.000017379 1.000000000 0.000012406 -0.000097296 -0.000028167 -0.000012407 1.000000000 0.000681815
1.000000000 -0.000008891 0.000022247 0.000562152 0.000008891 1.000000000 -0.000008913 0.000354411 -0.000022247 0.000008913 1.000000000 0.000653713
1.000000000 -0.000005034 0.000010033 0.000772567 0.000005034 1.000000000 -0.000001642 -0.000099596 -0.000010033 0.000001642 1.000000000 0.001232318
1.000000000 -0.000040106 0.000018065 0.000407071 0.000040107 1.000000000 -0.000007670 0.000193735 -0.000018065 0.000007670 1.000000000 0.001154761
1.000000000 -0.000051225 -0.000007426 0.000493305 0.000051225 1.000000000 0.000014697 0.000204342 0.000007425 -0.000014697 1.000000000 0.001663801
1.000000000 -0.000102120 0.000015309 0.000592259 0.000102120 1.000000000 -0.000018673 0.000254041 -0.000015307 0.000018675 1.000000000 0.000839421
1.000000000 -0.000058397 0.000034519 0.000061220 0.000058396 1.000000000 0.000027284 -0.000251027 -0.000034521 -0.000027282 1.000000000 0.000271133
1.000000000 -0.000063747 0.000000651 0.000406608 0.000063747 1.000000000 0.000015261 -0.000339071 -0.000000652 -0.000015261 1.000000000 -0.000275386
1.000000000 -0.000048702 0.000019032 0.000575071 0.000048701 1.000000000 0.000030979 -0.000021767 -0.000019034 -0.000030978 1.000000000 0.001229240
1.000000000 -0.000033622 0.000031997 -0.000111034 0.000033623 1.000000000 -0.000012388 0.000102611 -0.000031996 0.000012389 1.000000000 0.000825593
1.000000000 -0.000028333 -0.000000426 0.000504866 0.000028333 1.000000000 -0.000016204 0.000083788 0.000000427 0.000016204 1.000000000 0.000916690
1.000000000 -0.000053573 0.000025653 0.000190849 0.000053573 1.000000000 0.000021254 -0.000249587 -0.000025654 -0.000021252 1.000000000 0.000538029
1.000000000 -0.000050817 0.000028700 -0.000038702 0.000050817 1.000000000 0.000018468 0.000005186 -0.000028700 -0.000018466 1.000000000 0.000451586
1.000000000 -0.000032116 0.000029411 0.000295203 0.000032117 1.000000000 -0.000012562 0.000176505 -0.000029411 0.000012563 1.000000000 0.000935418
1.000000000 -0.000121521 0.000013676 0.000297746 0.000121520 1.000000000 0.000039999 -0.000214659 -0.000013681 -0.000039997 1.000000000 0.000675097
1.000000000 -0.000007874 0.000044223 -0.000184647 0.000007875 1.000000000 -0.000029309 0.000185848 -0.000044223 0.000029309 1.000000000 0.000817297
1.000000000 -0.000070431 0.000003222 0.000437146 0.000070431 1.000000000 0.000027934 -0.000371657 -0.000003224 -0.000027933 1.000000000 0.000433100
1.000000000 -0.000051776 0.000001232 0.000383372 0.000051776 1.000000000 -0.000008502 -0.000053457 -0.000001231 0.000008502 1.000000000 -0.000286365
1.000000000 -0.000036566 -0.000012541 0.000725472 0.000036566 1.000000000 -0.000002215 -0.000113354 0.000012541 0.000002214 1.000000000 0.000747896
1.000000000 -0.000013523 0.000040195 -0.000029944 0.000013520 1.000000000 0.000068795 -0.000615112 -0.000040196 -0.000068794 1.000000000 0.000124694
1.000000000 -0.000066816 0.000017578 0.000687192 0.000066816 1.000000000 0.000026586 -0.000238055 -0.000017580 -0.000026585 1.000000000 0.000493298
1.000000000 -0.000025470 0.000042799 0.000203791 0.000025468 1.000000000 0.000037893 -0.000523265 -0.000042800 -0.000037892 1.000000000 0.001068354
1.000000000 -0.000039692 0.000017295 0.000323018 0.000039692 1.000000000 -0.000005410 0.000004377 -0.000017295 0.000005411 1.000000000 0.000562112
1.000000000 -0.000033165 0.000020231 0.000326928 0.000033164 1.000000000 0.000016568 -0.000038125 -0.000020232 -0.000016567 1.000000000 0.000543366
1.000000000 -0.000018574 0.000035654 0.000448672 0.000018574 1.000000000 -0.000007143 -0.000073621 -0.000035654 0.000007144 1.000000000 0.001192092
1.000000000 -0.000056888 0.000037608 -0.000431307 0.000056888 1.000000000 0.000001083 -0.000398782 -0.000037608 -0.000001080 1.000000000 -0.000374909
1.000000000 -0.000029606 0.000014620 0.000506223 0.000029606 1.000000000 0.000039099 -0.000129829 -0.000014621 -0.000039098 1.000000000 0.000755909
1.000000000 -0.000030752 0.000019772 0.000413656 0.000030752 1.000000000 -0.000030087 0.000348495 -0.000019771 0.000030088 1.000000000 0.000926578
1.000000000 -0.000061286 0.000012291 0.000729726 0.000061286 1.000000000 -0.000003978 -0.000244076 -0.000012291 0.000003979 1.000000000 0.001349132
1.000000000 -0.000078137 0.000007987 0.000595519 0.000078137 1.000000000 0.000011821 0.000146145 -0.000007988 -0.000011821 1.000000000 0.001336951
1.000000000 -0.000040092 0.000004586 0.000517525 0.000040092 1.000000000 -0.000016833 0.000224805 -0.000004586 0.000016833 1.000000000 0.000460260
1.000000000 -0.000024859 0.000011886 0.000800262 0.000024859 1.000000000 0.000004000 0.000148486 -0.000011886 -0.000004000 1.000000000 0.001287475
1.000000000 -0.000017999 0.000013546 0.000408752 0.000017999 1.000000000 -0.000046666 0.000480194 -0.000013545 0.000046667 1.000000000 0.000578696
1.000000000 -0.000095324 -0.000016375 0.000740639 0.000095324 1.000000000 -0.000002026 0.000018691 0.000016375 0.000002024 1.000000000 0.000871983
1.000000000 -0.000034020 0.000014506 0.000239871 0.000034019 1.000000000 0.000014770 0.000085681 -0.000014507 -0.000014770 1.000000000 0.001448817
1.000000000 0.000003295 0.000019283 0.000465682 -0.000003294 1.000000000 -0.000047436 0.000580514 -0.000019283 0.000047436 1.000000000 0.000808561
1.000000000 -0.000029194 0.000028373 0.000501837 0.000029194 1.000000000 -0.000005198 0.000342699 -0.000028373 0.000005199 1.000000000 0.000714884
1.000000000 -0.000029121 0.000022784 -0.000140244 0.000029121 1.000000000 0.000005544 -0.000151333 -0.000022784 -0.000005543 1.000000000 0.000415897
1.000000000 -0.000004695 0.000008870 0.000766685 0.000004696 1.000000000 -0.000045586 0.000637164 -0.000008869 0.000045586 1.000000000 0.001706396
1.000000000 -0.000059702 0.000018349 0.000429474 0.000059701 1.000000000 0.000034959 -0.000237846 -0.000018351 -0.000034958 1.000000000 0.000880965
1.000000000 -0.000025348 0.000030349 0.000128051 0.000025349 1.000000000 -0.000040222 0.000360170 -0.000030348 0.000040223 1.000000000 0.000561095
1.000000000 -0.000007183 0.000034688 0.000027737 0.000007184 1.000000000 -0.000024484 0.000306477 -0.000034688 0.000024485 1.000000000 0.001140660
1.000000000 -0.000050579 0.000022270 0.000331680 0.000050579 1.000000000 0.000016432 -0.000139301 -0.000022270 -0.000016431 1.000000000 0.000610956
1.000000000 -0.000058959 -0.000015361 0.000677896 0.000058959 1.000000000 -0.000025372 0.000265424 0.000015362 0.000025371 1.000000000 0.001028274
1.000000000 -0.000034513 0.000028090 0.000197463 0.000034514 1.000000000 -0.000033399 0.000305810 -0.000028089 0.000033400 1.000000000 0.000960258
1.000000000 -0.000059873 -0.000008043 0.000886837 0.000059873 1.000000000 -0.000010387 0.000151249 0.000008043 0.000010387 1.000000000 0.000930129
1.000000000 -0.000073620 -0.000126340 0.001816009 0.000073562 0.999999881 -0.000465219 0.000959710 0.000126374 0.000465210 0.999999881 0.002524697
1.000000000 -0.000026991 -0.000102654 -0.000124008 0.000026850 0.999999046 -0.001377698 0.001866133 0.000102691 0.001377695 0.999999046 0.012045137
1.000000000 0.000108713 -0.000146255 0.000400244 -0.000108938 0.999998808 -0.001544510 0.002535325 0.000146087 0.001544526 0.999998808 0.028080871
0.999999940 -0.000027561 -0.000354384 0.001623463 0.000027079 0.999999046 -0.001359060 0.002440963 0.000354421 0.001359050 0.999998987 0.047929157
0.999999881 -0.000207452 -0.000403450 0.000477542 0.000207000 0.999999344 -0.001119323 0.000780730 0.000403682 0.001119239 0.999999285 0.073211968
0.999999821 -0.000347709 -0.000529846 0.001897152 0.000347302 0.999999642 -0.000766462 0.001477107 0.000530112 0.000766277 0.999999583 0.105014712
0.999999702 -0.000312870 -0.000743766 0.000606951 0.000312342 0.999999702 -0.000709937 0.000712717 0.000743987 0.000709704 0.999999464 0.140526682
0.999999464 -0.000349392 -0.000988834 0.001608341 0.000348677 0.999999702 -0.000723652 0.000375608 0.000989087 0.000723307 0.999999225 0.183723778
0.999999225 -0.000234595 -0.001200461 0.000090384 0.000232889 0.999998987 -0.001420994 0.001765444 0.001200794 0.001420713 0.999998271 0.233463451
0.999998748 -0.000238459 -0.001551617 -0.000446311 0.000234986 0.999997497 -0.002238160 0.001767175 0.001552147 0.002237793 0.999996305 0.297610551
0.999998271 -0.000360850 -0.001810999 -0.003506228 0.000355768 0.999996006 -0.002806210 0.003885435 0.001812004 0.002805561 0.999994397 0.371071011
0.999996305 -0.001208456 -0.002435390 0.001602836 0.001201738 0.999995470 -0.002757929 0.003348690 0.002438712 0.002754992 0.999993205 0.467044145
0.999994099 -0.001973914 -0.002816808 -0.002097316 0.001967489 0.999995470 -0.002282088 0.001967125 0.002821300 0.002276533 0.999993443 0.572635591
0.999992788 -0.002022862 -0.003209853 -0.004915236 0.002016357 0.999995887 -0.002028363 0.003806448 0.003213943 0.002021876 0.999992788 0.695542693
0.999990880 -0.002117200 -0.003704614 -0.007160531 0.002111818 0.999996722 -0.001456036 0.004279332 0.003707684 0.001448200 0.999992073 0.839019060
0.999987662 -0.002028927 -0.004536123 -0.009205819 0.002024977 0.999997556 -0.000875172 0.004612745 0.004537888 0.000865975 0.999989331 1.001037836
0.999983907 -0.001719604 -0.005411412 -0.010068347 0.001716770 0.999998391 -0.000528379 0.003315964 0.005412311 0.000519081 0.999985218 1.178632736
0.999979377 -0.001515113 -0.006244246 -0.013646990 0.001510935 0.999998629 -0.000673819 0.006269988 0.006245259 0.000664371 0.999980271 1.375769138
0.999972284 -0.001038454 -0.007375441 -0.018143516 0.001028560 0.999998569 -0.001345111 0.007209723 0.007376827 0.001337487 0.999971867 1.578096151
0.999961495 -0.001801184 -0.008589433 -0.018812498 0.001774765 0.999993682 -0.003082361 0.006176625 0.008594930 0.003066998 0.999958336 1.811302423
0.999951303 -0.002598532 -0.009518663 -0.021519784 0.002556464 0.999986947 -0.004429020 0.005494332 0.009530048 0.004404470 0.999944866 2.055429697
0.999937832 -0.003714923 -0.010512427 -0.023947649 0.003667788 0.999983132 -0.004499436 0.006487542 0.010528965 0.004460599 0.999934614 2.315775394
0.999921501 -0.005388149 -0.011313798 -0.023562243 0.005340511 0.999976754 -0.004236616 0.008983903 0.011336363 0.004175862 0.999927044 2.601660013
0.999911189 -0.005938286 -0.011930403 -0.026996588 0.005896389 0.999976337 -0.003543931 0.013056932 0.011951166 0.003473270 0.999922574 2.907342672
0.999903738 -0.006777486 -0.012105002 -0.029887034 0.006748603 0.999974310 -0.002425264 0.017522920 0.012121128 0.002343339 0.999923766 3.235331059
0.999889851 -0.008847759 -0.011916032 -0.033596311 0.008821453 0.999958515 -0.002258386 0.022126723 0.011935520 0.002153021 0.999926448 3.573672295
0.999845803 -0.013428581 -0.011314839 -0.026649335 0.013386691 0.999903262 -0.003769880 0.025570745 0.011364369 0.003617831 0.999928892 3.950504541
0.999831378 -0.015413205 -0.009981223 -0.026590301 0.015382482 0.999876738 -0.003147643 0.025820935 0.010028508 0.002993576 0.999945223 4.335236073
0.999857605 -0.014926810 -0.007873353 -0.033666082 0.014923920 0.999888539 -0.000425615 0.023910368 0.007878829 0.000308053 0.999968886 4.738602161
0.999911845 -0.011812332 -0.006059088 -0.043180812 0.011799470 0.999928057 -0.002154280 0.017509962 0.006084099 0.002082597 0.999979317 5.168573856
0.999964416 -0.007565812 -0.003727138 -0.048366129 0.007536069 0.999940157 -0.007930459 0.016275341 0.003786915 0.007902089 0.999961615 5.606540203
0.999991357 -0.004130532 -0.000498227 -0.052696306 0.004122572 0.999878347 -0.015041211 0.021868138 0.000560295 0.015039026 0.999886751 6.044905186
0.999969125 -0.007126602 0.003308013 -0.047231521 0.007195011 0.999750435 -0.021150172 0.022394160 -0.003156459 0.021173321 0.999770820 6.504663944
0.999836862 -0.016095985 0.008196545 -0.029837169 0.016292041 0.999568462 -0.024442473 0.023385866 -0.007799582 0.024572024 0.999667645 6.967996120
0.999608934 -0.024482355 0.013511753 -0.002947402 0.024819963 0.999368906 -0.025411401 0.019840268 -0.012881095 0.025736826 0.999585748 7.455228806
0.999545395 -0.022853244 0.019664183 0.007971991 0.023323622 0.999439061 -0.024033250 0.016354272 -0.019103914 0.024480965 0.999517739 7.944463730
0.999564826 -0.011703735 0.027078325 0.007655720 0.012203272 0.999757051 -0.018356744 0.005264824 -0.026856903 0.018679200 0.999464750 8.455067635
0.999328017 -0.002592056 0.036562756 0.010220728 0.003076331 0.999908209 -0.013194988 -0.003869297 -0.036525197 0.013298601 0.999244273 8.965938568
0.998880148 -0.002494094 0.047246456 0.044479549 0.003067837 0.999922395 -0.012075015 -0.006966118 -0.047212671 0.012206437 0.998810291 9.493302345
0.998177469 -0.009557470 0.059585001 0.091228694 0.010432885 0.999841928 -0.014398125 -0.018912299 -0.059437975 0.014993527 0.998119414 10.010301590
0.997152567 -0.014452155 0.074012950 0.149070933 0.015834384 0.999710381 -0.018122887 -0.026216064 -0.073729597 0.019243233 0.997092605 10.542488098
0.995875478 -0.011875208 0.089950144 0.194422260 0.013887214 0.999666452 -0.021775264 -0.034113258 -0.089661554 0.022934608 0.995708168 11.083577156
0.994332969 -0.005316764 0.106177337 0.251704454 0.008047200 0.999647439 -0.025303960 -0.035836447 -0.106005363 0.026014993 0.994025171 11.640506744
0.992188811 -0.003334710 0.124700494 0.333258033 0.006550704 0.999656200 -0.025388606 -0.044010222 -0.124572955 0.026007166 0.991869569 12.209490776
0.989340544 -0.001581966 0.145611629 0.412564963 0.004978141 0.999723971 -0.022962097 -0.054419495 -0.145535111 0.023442209 0.989075303 12.782680511
0.985728979 -0.003004019 0.168313295 0.519494593 0.006695742 0.999749184 -0.021370396 -0.066173732 -0.168206885 0.022192402 0.985501885 13.350153923
0.981551886 -0.005144833 0.191126883 0.649873078 0.009525553 0.999712408 -0.022008792 -0.078151941 -0.190958679 0.023423359 0.981318593 13.931516647
0.976562917 -0.006294307 0.215140164 0.786526382 0.011373888 0.999684811 -0.022380730 -0.088696994 -0.214931488 0.024303170 0.976326704 14.509062767
0.970933020 -0.003879145 0.239319831 0.939366221 0.009613344 0.999693871 -0.022797760 -0.098513350 -0.239158124 0.024435762 0.970673084 15.083373070
0.964465618 0.000031024 0.264208406 1.099484801 0.006554923 0.999689400 -0.024045456 -0.103688642 -0.264127076 0.024922881 0.964165807 15.670129776
0.957319736 0.001016074 0.289029151 1.281948447 0.006352789 0.999678254 -0.024555996 -0.116705939 -0.288961112 0.025344081 0.957005322 16.260307312
0.949102104 0.000037397 0.314968556 1.487041235 0.008039407 0.999671340 -0.024344027 -0.130635872 -0.314865947 0.025637127 0.948789835 16.846902847
0.940008342 0.000569745 0.341151059 1.705115438 0.008497311 0.999649286 -0.025082989 -0.142340809 -0.341045707 0.026477085 0.939673781 17.427425385
0.930255175 0.004116538 0.366890162 1.948704481 0.005895253 0.999640286 -0.026163541 -0.151712537 -0.366865903 0.026501680 0.929896295 18.021865845
0.919653177 0.006812035 0.392672479 2.206037998 0.004175307 0.999623477 -0.027120071 -0.162774652 -0.392709374 0.026580587 0.919278443 18.606540680
0.908311188 0.007803330 0.418222368 2.496373892 0.004002999 0.999618053 -0.027345067 -0.176109090 -0.418275982 0.026511973 0.907932997 19.198188782
0.896517456 0.006205213 0.442964971 2.789951324 0.005822242 0.999650478 -0.025787113 -0.192444995 -0.442970186 0.025697647 0.896167994 19.787788391
0.884639502 0.005751516 0.466240168 3.117294788 0.006170599 0.999691963 -0.024040187 -0.199920326 -0.466234803 0.024143880 0.884331465 20.355049133
0.872631669 0.005670249 0.488346010 3.456258774 0.006537923 0.999707341 -0.023290431 -0.203462273 -0.488335162 0.023516735 0.872339249 20.942466736
0.861523569 0.004778685 0.507695079 3.810709000 0.007055149 0.999746501 -0.021382224 -0.222158819 -0.507668555 0.022003153 0.861271441 21.516378403
0.851269960 0.002760422 0.524720788 4.189342499 0.009808914 0.999727726 -0.021172604 -0.233521521 -0.524636328 0.023170540 0.851011097 22.101387024
0.841702998 0.001611823 0.539938390 4.569756508 0.011740723 0.999704480 -0.021286780 -0.243426204 -0.539813101 0.024256414 0.841435313 22.678022385
0.834407210 -0.000207749 0.551148474 4.967502594 0.014881513 0.999643803 -0.022152958 -0.250353187 -0.550947607 0.026686510 0.834113121 23.251207352
0.828604162 -0.001745275 0.559832215 5.363276005 0.017069610 0.999608934 -0.022148345 -0.265840918 -0.559574664 0.027908327 0.828309894 23.833259583
0.824699879 -0.003398537 0.565560460 5.775156498 0.019110397 0.999578357 -0.021860158 -0.270177096 -0.565247715 0.028836153 0.824417114 24.423204422
0.822298348 -0.005009949 0.569034576 6.195998192 0.020260293 0.999585032 -0.020477025 -0.275623441 -0.568695843 0.028367030 0.822058558 25.019035339
0.820005953 -0.008257741 0.572295427 6.624119759 0.021632822 0.999628603 -0.016572505 -0.291239411 -0.571946025 0.025969919 0.819880068 25.631734848
0.818240047 -0.009503114 0.574798226 7.056845665 0.021854438 0.999654770 -0.014583106 -0.300686151 -0.574461222 0.024494370 0.818165243 26.229972839
0.815612793 -0.008952673 0.578528881 7.491885662 0.021622399 0.999653459 -0.015013828 -0.306652844 -0.578194022 0.024754653 0.815523684 26.850065231
0.813127756 -0.008210366 0.582027316 7.925913811 0.022407770 0.999600887 -0.017204164 -0.331620216 -0.581653774 0.027031118 0.812987208 27.477493286
0.811078310 -0.006501624 0.584901452 8.384166718 0.023546103 0.999490678 -0.021541102 -0.331243277 -0.584463477 0.031243671 0.810818315 28.096216202
0.808537185 -0.006543167 0.588408768 8.835231781 0.024278738 0.999457657 -0.022247536 -0.342606455 -0.587944031 0.032273781 0.808257520 28.727231979
0.805927396 -0.007360155 0.591968656 9.290609360 0.023905344 0.999511778 -0.020118311 -0.364413083 -0.591531575 0.030365113 0.805709839 29.363365173
0.803920388 -0.006423724 0.594702303 9.768604279 0.022075644 0.999574900 -0.019044934 -0.373415679 -0.594327152 0.028439045 0.803720415 30.002496719
0.801312923 -0.004993601 0.598224640 10.240497589 0.021227870 0.999572754 -0.020090617 -0.389255941 -0.597868741 0.028797904 0.801076591 30.645568848
0.799327791 -0.002381084 0.600890577 10.719347000 0.020220840 0.999532402 -0.022937804 -0.402601361 -0.600555003 0.030485336 0.799002171 31.291704178
0.796803951 -0.000911109 0.604237258 11.195621490 0.020343283 0.999472380 -0.025319489 -0.413252831 -0.603895366 0.032466836 0.796402037 31.938714981
0.795046329 -0.000715497 0.606548309 11.691377640 0.019863363 0.999493659 -0.024857311 -0.425405771 -0.606223404 0.031810801 0.794657946 32.580337524
0.793202519 -0.002358329 0.608953357 12.181694031 0.019527458 0.999576747 -0.021564702 -0.439072043 -0.608644724 0.028996488 0.792912841 33.225494385
0.791326344 -0.003865969 0.611381769 12.686398506 0.019282365 0.999640346 -0.018636577 -0.449797690 -0.611089885 0.026536500 0.791116297 33.885070801
0.789757550 -0.004771883 0.613400578 13.204050064 0.020775748 0.999604106 -0.018972611 -0.472125322 -0.613067210 0.027727619 0.789544046 34.568027496
0.789012849 -0.003878218 0.614364445 13.720148087 0.021935018 0.999520361 -0.021861052 -0.485715985 -0.613985002 0.030724747 0.788719475 35.217975616
0.788403869 -0.002567769 0.615152657 14.232938766 0.022783168 0.999427080 -0.025027998 -0.496722937 -0.614735961 0.033747297 0.788010716 35.870094299
0.787479818 -0.001526338 0.616338551 14.744396210 0.022499425 0.999401629 -0.026271952 -0.510181725 -0.615929663 0.034555897 0.787042916 36.548141479
0.787177622 -0.001924102 0.616723418 15.266191483 0.022002731 0.999446154 -0.024965851 -0.528950751 -0.616333783 0.033222158 0.786783934 37.211139679
0.786747456 -0.002632514 0.617269397 15.787332535 0.021854656 0.999482751 -0.023592526 -0.549758792 -0.616887987 0.032051571 0.786398053 37.884880066
0.786579728 -0.003320248 0.617479861 16.330411911 0.022525400 0.999474287 -0.023319824 -0.565949559 -0.617077768 0.032251880 0.786240935 38.565021515
0.786741376 -0.003295180 0.617274046 16.873945236 0.022567658 0.999470770 -0.023427969 -0.577495337 -0.616870165 0.032362182 0.786399364 39.249919891
0.786848545 -0.003308672 0.617137313 17.421401978 0.022822073 0.999457657 -0.023739671 -0.598201096 -0.616724074 0.032763876 0.786497295 39.940814972
0.786723077 -0.002609776 0.617300630 17.952980042 0.022915995 0.999425232 -0.024980158 -0.615590572 -0.616880596 0.033798523 0.786330700 40.635219574
0.787017763 -0.002550407 0.616925120 18.493999481 0.023145458 0.999409497 -0.025395283 -0.631235778 -0.616496027 0.034265552 0.786612034 41.329303741
0.787175715 -0.002366542 0.616724193 19.029098511 0.022669930 0.999427855 -0.025100410 -0.651380658 -0.616311967 0.033739530 0.786778986 42.025524139
0.787613928 -0.003006736 0.616161704 19.608816147 0.022772167 0.999446988 -0.024231631 -0.675829887 -0.615748107 0.033116508 0.787246823 42.756683350
0.787790060 -0.003675924 0.615932941 20.152259827 0.023214016 0.999448955 -0.023726407 -0.692883730 -0.615506291 0.032989703 0.787441254 43.464565277
0.788549483 -0.003547493 0.614961147 20.713830948 0.022536058 0.999478400 -0.023131795 -0.713028729 -0.614558280 0.032099362 0.788218081 44.180320740
0.789030552 -0.001674671 0.614351690 21.297948837 0.021984527 0.999432802 -0.025511028 -0.728493154 -0.613960505 0.033635210 0.788619816 44.930175781
0.789800882 -0.000052505 0.613363385 21.846961975 0.022077432 0.999354422 -0.028342588 -0.749597192 -0.612965941 0.035926487 0.789292157 45.647644043
0.790241599 0.000378519 0.612795353 22.406646729 0.023078911 0.999271989 -0.030379087 -0.771965802 -0.612360716 0.038149465 0.789657533 46.373298645
0.790809453 -0.001789550 0.612059772 23.001426697 0.023932613 0.999321401 -0.028000211 -0.795565188 -0.611594319 0.036791023 0.790315628 47.140773773
0.791623414 -0.003728171 0.610997975 23.561656952 0.023162998 0.999445677 -0.023912141 -0.811237752 -0.610570133 0.033081956 0.791270971 47.875152588
0.792154491 -0.009838420 0.610241354 24.149656296 0.027360855 0.999437273 -0.019404031 -0.843763113 -0.609707057 0.032067716 0.791977882 48.631507874
0.793030560 -0.011181978 0.609079242 24.716386795 0.028921571 0.999395192 -0.019308612 -0.863379478 -0.608494937 0.032927845 0.792874336 49.370510101
0.793641686 -0.008504994 0.608326077 25.274511337 0.027838569 0.999362588 -0.022347026 -0.881532729 -0.607748270 0.034670457 0.793372571 50.107574463
0.794132054 -0.007796345 0.607695222 25.850790024 0.028450290 0.999298394 -0.024358284 -0.897186458 -0.607078969 0.036632799 0.793796659 50.867134094
0.794691622 -0.005106976 0.606991887 26.408681870 0.026299875 0.999315262 -0.026024753 -0.916780353 -0.606443346 0.036645465 0.794281840 51.614124298
0.794988275 -0.002275992 0.606620491 26.970968246 0.024470624 0.999299347 -0.028319949 -0.940637529 -0.606131017 0.037358411 0.794487000 52.361732483
0.795229912 0.001288141 0.606306732 27.531026840 0.021802427 0.999290228 -0.030719059 -0.970645010 -0.605915964 0.037647672 0.794637382 53.109146118
0.795215249 0.004244566 0.606312335 28.099359512 0.019434733 0.999283254 -0.032485437 -0.992929816 -0.606015623 0.037616432 0.794562817 53.866210938
0.794944108 0.005737413 0.606655598 28.651180267 0.016487179 0.999381661 -0.031055929 -1.019478202 -0.606458664 0.034689765 0.794357955 54.613113403
0.794723749 0.006201176 0.606939614 29.210447311 0.013742635 0.999507666 -0.028206630 -1.046050310 -0.606815696 0.030757427 0.794247270 55.356468201
0.794043303 0.006388864 0.607827604 29.772790909 0.012450115 0.999564052 -0.026770769 -1.071503401 -0.607733667 0.028824674 0.793617666 56.107986450
0.793211281 0.007563651 0.608899534 30.326301575 0.010526124 0.999603152 -0.026129253 -1.096138835 -0.608855546 0.027135372 0.792816877 56.837753296
0.791437149 0.009682473 0.611173868 30.886291504 0.007564709 0.999642789 -0.025632650 -1.118288040 -0.611203790 0.024909984 0.791081190 57.578704834
0.788650155 0.013157239 0.614701450 31.450365067 0.003174098 0.999670565 -0.025469532 -1.147354841 -0.614834011 0.022037674 0.788348556 58.310779572
0.785950840 0.016248140 0.618075550 32.014873505 0.000295809 0.999644637 -0.026655091 -1.173137426 -0.618288994 0.021132424 0.785666704 59.037780762
0.783034861 0.019160643 0.621682703 32.562355042 -0.001693416 0.999587357 -0.028674973 -1.194346428 -0.621975601 0.021400737 0.782744169 59.755912781
0.780225694 0.020536005 0.625160933 33.143558502 -0.002306007 0.999548554 -0.029956333 -1.222420692 -0.625493884 0.021931075 0.779920816 60.468360901
0.777722716 0.021794621 0.628229618 33.708534241 -0.004469170 0.999565244 -0.029144397 -1.243107200 -0.628591657 0.019858595 0.777481973 61.176773071
0.774852097 0.021424098 0.631779492 34.260951996 -0.006377399 0.999639571 -0.026076881 -1.266083121 -0.632110476 0.016176617 0.774709463 61.884887695
0.772553623 0.020356549 0.634623110 34.849494934 -0.007825713 0.999715269 -0.022540890 -1.286347389 -0.634901285 0.012447668 0.772493005 62.593879700
0.770559609 0.018963993 0.637085795 35.432296753 -0.009456715 0.999787390 -0.018322492 -1.302176118 -0.637297809 0.008093834 0.770575106 63.293178558
0.768027127 0.018319238 0.640155256 36.001476288 -0.013186487 0.999831259 -0.012791532 -1.315024257 -0.640281558 0.001382845 0.768139064 63.997016907
0.765019417 0.013544654 0.643864810 36.593765259 -0.013783704 0.999894142 -0.004656909 -1.328988433 -0.643859744 -0.005312216 0.765125155 64.712677002
0.762599170 0.009318096 0.646804273 37.181091309 -0.012122053 0.999926507 -0.000113084 -1.329916716 -0.646757782 -0.007754356 0.762656093 65.405738831
0.760622859 0.010755822 0.649104953 37.766452789 -0.011195531 0.999931395 -0.003450147 -1.347954988 -0.649097562 -0.004642814 0.760691047 66.082138062
0.757676959 0.016740941 0.652415037 38.338165283 -0.010444857 0.999853969 -0.013526158 -1.348938465 -0.652546167 0.003434078 0.757741213 66.772689819
0.755654812 0.019787718 0.654671133 38.933395386 -0.006566860 0.999722183 -0.022637233 -1.353893757 -0.654937208 0.012806803 0.755574822 67.444297791
0.753009200 0.018720938 0.657743573 39.532207489 -0.002405884 0.999666870 -0.025698537 -1.370322227 -0.658005536 0.017768780 0.752803385 68.116310120
0.749579489 0.017279517 0.661688745 40.122123718 -0.001525785 0.999701619 -0.024378024 -1.389579773 -0.661912620 0.017263673 0.749382257 68.792716980
0.746243358 0.014241479 0.665520906 40.721397400 -0.000451474 0.999781728 -0.020888090 -1.408998728 -0.665673137 0.015287132 0.746086836 69.458137512
0.742214322 0.012580807 0.670044541 41.319389343 -0.000060820 0.999825060 -0.018705422 -1.426710725 -0.670162618 0.013842680 0.742085218 70.115875244
0.737976491 0.011094395 0.674735188 41.945262909 0.001538396 0.999834597 -0.018122457 -1.444458365 -0.674824655 0.014411957 0.737837374 70.790222168
0.733902574 0.010880601 0.679167569 42.550201416 0.000675729 0.999859512 -0.016748430 -1.458030343 -0.679254413 0.012750650 0.733792186 71.438049316
0.729289353 0.011176881 0.684114158 43.159599304 -0.001367697 0.999888361 -0.014877910 -1.469774246 -0.684204102 0.009914640 0.729223251 72.099082947
0.724964857 0.010460136 0.688706517 43.785968781 -0.001845686 0.999910593 -0.013243876 -1.480495930 -0.688783467 0.008330209 0.724919319 72.750534058
0.720717311 0.008687248 0.693174720 44.407257080 -0.000815541 0.999931395 -0.011683747 -1.492988348 -0.693228662 0.007855367 0.720674932 73.395385742
0.715674222 0.008038703 0.698388040 45.014492035 -0.000914769 0.999943674 -0.010572310 -1.500517130 -0.698433697 0.006927466 0.715641260 74.029724121
0.711168289 0.008916510 0.702965319 45.628368378 -0.002605211 0.999946117 -0.010047846 -1.509935856 -0.703017056 0.005314338 0.711153209 74.657424927
0.706486106 0.008099084 0.707680583 46.257694244 0.000641794 0.999926746 -0.012084420 -1.515972733 -0.707726598 0.008991661 0.706429183 75.283004761
0.702195942 0.007107780 0.711948276 46.892402649 0.006209353 0.999850988 -0.016106373 -1.527238846 -0.711956680 0.015730567 0.702047169 75.898483276
0.697862625 0.010253764 0.716158211 47.544296265 0.006468993 0.999766469 -0.020618126 -1.533468604 -0.716202438 0.019021444 0.697633386 76.522041321
0.693383753 0.011071058 0.720483482 48.185173035 0.006735802 0.999738693 -0.021844583 -1.547719955 -0.720537066 0.019999713 0.693127990 77.144271851
0.689324856 0.008160185 0.724406481 48.841270447 0.010230305 0.999727190 -0.020996450 -1.566112280 -0.724380195 0.021884274 0.689053297 77.762809753
0.685304284 0.007861757 0.728214502 49.500877380 0.010576733 0.999728799 -0.020746510 -1.580327272 -0.728180110 0.021919802 0.685035288 78.376525879
0.680984378 0.008536672 0.732248247 50.177234650 0.011152798 0.999695182 -0.022026619 -1.598315477 -0.732213020 0.023166399 0.680681586 79.003860474
0.676305413 0.008661587 0.736570477 50.842311859 0.011111343 0.999697149 -0.021958020 -1.612156391 -0.736537576 0.023034614 0.676004350 79.611724854
0.670650303 0.007518779 0.741735578 51.527477264 0.011228691 0.999731123 -0.020286586 -1.623704672 -0.741688669 0.021933924 0.670385599 80.243835449
0.664954782 0.005253198 0.746865153 52.227241516 0.011859596 0.999774933 -0.017591011 -1.637189865 -0.746789455 0.020554746 0.664742827 80.855957031
0.659113169 0.003342591 0.752036393 52.933620453 0.013382327 0.999779642 -0.016172521 -1.649925947 -0.751924753 0.020723518 0.658923209 81.464744568
0.653485894 0.002441310 0.756934822 53.633022308 0.014391328 0.999773979 -0.015649024 -1.661508560 -0.756801963 0.021119714 0.653303027 82.070190430
0.647845864 0.001654001 0.761769712 54.346004486 0.015624231 0.999758422 -0.015458341 -1.673339844 -0.761611283 0.021916687 0.647663474 82.675422668
0.642085075 0.000172873 0.766633451 55.057315826 0.018245466 0.999713302 -0.015506714 -1.684855700 -0.766416311 0.023944212 0.641897798 83.267753601
0.636918306 -0.000072526 0.770931363 55.787025452 0.018776014 0.999704838 -0.015418082 -1.693804145 -0.770702660 0.024295077 0.636731625 83.867706299
0.632540405 -0.002026014 0.774524748 56.514289856 0.021618111 0.999653161 -0.015040215 -1.705576420 -0.774225652 0.026257306 0.632364810 84.458114624
0.629282355 -0.003720101 0.777167916 57.240856171 0.024551125 0.999584615 -0.015094597 -1.714573264 -0.776788890 0.028579108 0.629112303 85.036987305
0.626069903 -0.003243242 0.779760182 57.993377686 0.025986006 0.999522686 -0.016706886 -1.729110956 -0.779333830 0.030722532 0.625855386 85.637054443
0.623380005 -0.002834211 0.781913877 58.737457275 0.027146287 0.999469042 -0.018019566 -1.736298323 -0.781447649 0.032459095 0.623125970 86.229530334
0.621184707 -0.005253220 0.783646643 59.494972229 0.030936621 0.999362409 -0.017823711 -1.749016762 -0.783053398 0.035315193 0.620951176 86.818595886
0.619699538 -0.003444796 0.784831583 60.265281677 0.029997170 0.999363661 -0.019299207 -1.758231759 -0.784265697 0.035502438 0.619408548 87.428344727
0.617851555 -0.002847881 0.786289632 61.027664185 0.030614316 0.999322295 -0.020436686 -1.771042705 -0.785698593 0.036698557 0.617520094 88.038696289
0.616587520 -0.000671350 0.787286103 61.810569763 0.029985324 0.999294102 -0.022631800 -1.784547567 -0.786715209 0.037561513 0.616172373 88.649070740
0.615221739 -0.000578003 0.788353980 62.586666107 0.029801873 0.999302030 -0.022524355 -1.805988669 -0.787790716 0.037351895 0.614809513 89.256187439
0.614342451 -0.000733098 0.789039195 63.381240845 0.031425953 0.999228835 -0.023539724 -1.825989723 -0.788413465 0.039257761 0.613891721 89.871597290
0.613484681 -0.001477321 0.789705276 64.181274414 0.033271294 0.999158680 -0.023977747 -1.842805982 -0.789005458 0.040984496 0.613017678 90.486991882
0.612557828 -0.002032189 0.790423214 64.971183777 0.036041249 0.999028385 -0.025362531 -1.851973772 -0.789603710 0.044023853 0.612035871 91.096946716
0.612448514 -0.004842361 0.790495694 65.790077209 0.038045384 0.999002993 -0.023356620 -1.871183634 -0.789594471 0.044379439 0.612022161 91.723152161
0.611943722 -0.007198027 0.790868640 66.599075317 0.038549148 0.999041557 -0.020735150 -1.893663168 -0.789961398 0.043176055 0.611634612 92.350540161
0.610896468 -0.008420127 0.791665733 67.437347412 0.040721413 0.998954058 -0.020798231 -1.908362508 -0.790662527 0.044943310 0.610600352 93.006866455
0.610350013 -0.007556448 0.792095840 68.246871948 0.039168436 0.999019206 -0.020650806 -1.925995469 -0.791162908 0.043629374 0.610047340 93.639541626
0.609806180 -0.005956660 0.792528272 69.052291870 0.036913920 0.999099970 -0.020893943 -1.942801952 -0.791690528 0.041996580 0.609477222 94.276092529
0.609609246 -0.006653095 0.792674243 69.929664612 0.037457343 0.999089539 -0.020421136 -1.957048416 -0.791816652 0.042140380 0.609303415 94.937248230
0.609016776 -0.006342574 0.793132067 70.764472961 0.035997421 0.999158680 -0.019650949 -1.973640561 -0.792340100 0.040518463 0.608732700 95.589897156
0.608321249 -0.006332889 0.793665648 71.616943359 0.035508033 0.999184132 -0.019243076 -1.989256263 -0.792896211 0.039887477 0.608049750 96.256301880
0.608646631 -0.008264911 0.793398380 72.486709595 0.036913354 0.999157965 -0.017909339 -2.004517078 -0.792582273 0.040187452 0.608439207 96.912902832
0.609032869 -0.009124515 0.793092489 73.340545654 0.037162680 0.999163866 -0.017042667 -2.020501852 -0.792273879 0.039852988 0.608862758 97.570175171
0.609967053 -0.007220018 0.792393923 74.199409485 0.038411591 0.999052405 -0.020465367 -2.038273335 -0.791495323 0.042920310 0.609666407 98.228866577
0.610416412 -0.004750340 0.792066455 75.043266296 0.038718447 0.998965561 -0.023847679 -2.055549860 -0.791133761 0.045224596 0.609968901 98.884918213
0.611164808 -0.005246682 0.791486025 75.888305664 0.038979847 0.998964131 -0.023477189 -2.074884892 -0.790542960 0.045200434 0.610736251 99.542373657
0.611827374 -0.006857101 0.790961623 76.773239136 0.038975094 0.999009132 -0.021487422 -2.103533506 -0.790030539 0.043974396 0.611488402 100.214447021
0.612253547 -0.007997159 0.790621161 77.625030518 0.038757812 0.999050319 -0.019908460 -2.119991541 -0.789711058 0.042831767 0.611981988 100.879135132
0.612576008 -0.010237891 0.790345371 78.478607178 0.040428739 0.999013066 -0.018394351 -2.139979839 -0.789377034 0.043220606 0.612385392 101.542846680
0.612842083 -0.010148026 0.790140331 79.333106995 0.039470010 0.999062538 -0.017782122 -2.157110929 -0.789219081 0.042084474 0.612668037 102.208938599
0.612629950 -0.009351375 0.790314555 80.219223022 0.040420923 0.998992205 -0.019512633 -2.176244974 -0.789335608 0.043899268 0.612390518 102.892425537
0.611724973 -0.006897294 0.791040421 81.056861877 0.037552860 0.999087870 -0.020328946 -2.197312832 -0.790178657 0.042141553 0.611425996 103.561370850
0.610269070 -0.006917256 0.792164028 81.919067383 0.037173316 0.999110401 -0.019913331 -2.209637403 -0.791321576 0.041599851 0.609983325 104.230010986
0.608708620 -0.007001963 0.793363035 82.792457581 0.034202453 0.999263048 -0.017422704 -2.225576639 -0.792656362 0.037740309 0.608499527 104.910812378
0.607218266 -0.008164644 0.794493139 83.673858643 0.034253802 0.999286532 -0.015910421 -2.249099970 -0.793796360 0.036875509 0.607064724 105.581054688
0.605462909 -0.007545610 0.795837820 84.524940491 0.033222388 0.999323070 -0.015800230 -2.262506962 -0.795179844 0.036006086 0.605303705 106.249031067
0.604418516 -0.006691699 0.796638906 85.398643494 0.031604175 0.999378979 -0.015583738 -2.277487040 -0.796039939 0.034596212 0.604254663 106.907234192
0.603500485 -0.006528271 0.797335982 86.276756287 0.031779815 0.999368846 -0.015871584 -2.294911385 -0.796729147 0.034917694 0.603327036 107.566093445
0.602807224 -0.005831181 0.797865570 87.120697021 0.031186394 0.999381363 -0.016258141 -2.312960625 -0.797277153 0.034683075 0.602616191 108.217567444
0.602777243 -0.006126899 0.797886014 87.981781006 0.032157268 0.999344647 -0.016619902 -2.327166319 -0.797261298 0.035675932 0.602579236 108.864379883
0.603039742 -0.006649154 0.797683418 88.840499878 0.032438051 0.999342561 -0.016192704 -2.339852810 -0.797051311 0.035640139 0.602858961 109.523147583
0.604086280 -0.006773605 0.796890199 89.708206177 0.032981679 0.999319613 -0.016507652 -2.356298685 -0.796236157 0.036254819 0.603898644 110.176437378
0.604810476 -0.006313251 0.796344399 90.561996460 0.033688862 0.999276280 -0.017664084 -2.373484135 -0.795656502 0.037511360 0.604585469 110.826232910
0.605674982 -0.006054444 0.795689106 91.414237976 0.035344470 0.999188781 -0.019301169 -2.389473438 -0.794926763 0.039813444 0.605397701 111.472686768
0.606938720 -0.006358426 0.794723213 92.267250061 0.035129875 0.999205232 -0.018834621 -2.405105591 -0.793971837 0.039349988 0.606679738 112.130081177
0.608542740 -0.008894188 0.793471277 93.125480652 0.039639443 0.999029517 -0.019202635 -2.423527718 -0.792530417 0.043138381 0.608304739 112.785987854
0.610979319 -0.010706508 0.791574180 93.975006104 0.042675979 0.998900056 -0.019428894 -2.447784901 -0.790495455 0.045651857 0.610764146 113.437347412
0.613773227 -0.010222198 0.789416194 94.821693420 0.042344145 0.998903155 -0.019987836 -2.460899115 -0.788345993 0.045695152 0.613532901 114.091880798
0.616044402 -0.010313939 0.787643909 95.674285889 0.040075112 0.999029756 -0.018262208 -2.483043194 -0.786691308 0.042815246 0.615860105 114.765884399
0.617510021 -0.012624720 0.786461771 96.507408142 0.037825625 0.999190986 -0.013660168 -2.494909286 -0.785653055 0.038183697 0.617487967 115.438781738
0.619151592 -0.014631687 0.785135210 97.366554260 0.033677679 0.999401271 -0.007933239 -2.508025646 -0.784548998 0.031353407 0.619273663 116.112884521
0.620671928 -0.008982631 0.784018934 98.215850830 0.030017501 0.999473512 -0.012312354 -2.520536900 -0.783495545 0.031176221 0.620614767 116.801681519
0.621863842 -0.004410446 0.783113003 99.045227051 0.030622113 0.999356329 -0.018688468 -2.530076504 -0.782526493 0.035602257 0.621598601 117.472976685
0.622926593 -0.004477107 0.782267511 99.883056641 0.032941815 0.999246716 -0.020512935 -2.549272299 -0.781586409 0.038547363 0.622604847 118.139236450
0.623350263 -0.007314260 0.781908572 100.762115479 0.035640996 0.999182761 -0.019066859 -2.566461086 -0.781130075 0.039753329 0.623101473 118.820617676
0.623085499 -0.009326043 0.782098174 101.613891602 0.036484875 0.999186993 -0.017152244 -2.583478928 -0.781302333 0.039222065 0.622919202 119.496078491
0.622598767 -0.009398242 0.782484770 102.456268311 0.034943473 0.999264359 -0.015801502 -2.598122120 -0.781760633 0.037180729 0.622469187 120.176223755
0.622034013 -0.007528763 0.782953978 103.323448181 0.034498855 0.999246240 -0.017799735 -2.612805843 -0.782229841 0.038083058 0.621824861 120.860519409
0.621119022 -0.007024153 0.783684790 104.156562805 0.034332987 0.999243736 -0.018254826 -2.632208586 -0.782963872 0.038244657 0.620890379 121.534820557
0.620262742 -0.008147703 0.784351826 105.002075195 0.033110064 0.999326766 -0.015802501 -2.652997732 -0.783694983 0.035771638 0.620114923 122.205871582
0.619216204 -0.008244632 0.785177231 105.866256714 0.033468731 0.999313235 -0.015901396 -2.668589354 -0.784506917 0.036125287 0.619066954 122.892997742
0.618549109 -0.006559091 0.785718799 106.722564697 0.034119263 0.999246180 -0.018518448 -2.681326389 -0.785005093 0.038262714 0.618306637 123.554893494
0.617417216 -0.006159674 0.786611795 107.577354431 0.034936741 0.999197364 -0.019597746 -2.703206778 -0.785859704 0.039581634 0.617136836 124.237945557
0.616387188 -0.006274685 0.787418246 108.446449280 0.035045061 0.999196053 -0.019470831 -2.717867613 -0.786663055 0.039596692 0.616111517 124.919967651
0.615199149 -0.007869179 0.788332522 109.322883606 0.035748068 0.999200106 -0.017923018 -2.736636639 -0.787560880 0.039207589 0.614988327 125.601402283
0.613954425 -0.009177350 0.789288104 110.156768799 0.036205620 0.999207377 -0.016544685 -2.759684086 -0.788510680 0.038734347 0.613800049 126.259422302
0.612708628 -0.009639597 0.790250123 111.004127502 0.034983762 0.999276280 -0.014934807 -2.770009756 -0.789534211 0.036796607 0.612602413 126.923690796
0.611807764 -0.011333207 0.790925324 111.866569519 0.035326913 0.999291182 -0.013007686 -2.792858601 -0.790217221 0.035899151 0.611774445 127.587593079
0.610685229 -0.011274481 0.791793168 112.719764709 0.034502026 0.999327958 -0.012380728 -2.809494019 -0.791121483 0.034879196 0.610663831 128.252212524
0.609747767 -0.008915298 0.792545378 113.557701111 0.032455396 0.999378920 -0.013727725 -2.825392723 -0.791930735 0.034092825 0.609658420 128.904907227
0.608429670 -0.007218338 0.793575048 114.409851074 0.031802066 0.999377191 -0.015292164 -2.836167336 -0.792970419 0.034541529 0.608280301 129.570739746
0.607368886 -0.005910730 0.794397950 115.241508484 0.030240590 0.999419570 -0.015684702 -2.848472834 -0.793844163 0.033549462 0.607195139 130.214950562
0.606181622 -0.005826911 0.795304894 116.105056763 0.029119676 0.999465287 -0.014872307 -2.869725704 -0.794793010 0.032174338 0.606027186 130.886688232
0.605047464 -0.005312779 0.796171665 116.937988281 0.029805006 0.999427974 -0.015981106 -2.886271477 -0.795631289 0.033399228 0.604859710 131.526580811
0.604790568 -0.007750359 0.796346903 117.792671204 0.031937532 0.999384284 -0.014528760 -2.901611805 -0.795743942 0.034220207 0.604665756 132.168075562
0.604554653 -0.009719112 0.796504438 118.638160706 0.031920753 0.999417961 -0.012033061 -2.912498951 -0.795923889 0.032699663 0.604512990 132.802764893
0.603648424 -0.010652773 0.797179520 119.477821350 0.030704284 0.999479532 -0.009894087 -2.934555292 -0.796659231 0.030449376 0.603661299 133.466735840
0.602637589 -0.008388808 0.797970951 120.306373596 0.034663521 0.999276161 -0.015673263 -2.947402477 -0.797261834 0.037105780 0.602492094 134.097198486
0.602107942 -0.005203649 0.798397720 121.137420654 0.035360064 0.999171376 -0.020154411 -2.963132143 -0.797631323 0.040366523 0.601793051 134.725006104
0.601819396 -0.004704938 0.798618376 121.961570740 0.032787111 0.999285161 -0.018820435 -2.976662636 -0.797958970 0.037510891 0.601543427 135.349441528
0.602093160 -0.010669896 0.798354626 122.788421631 0.036473949 0.999234378 -0.014152846 -2.997110605 -0.797592342 0.037640475 0.602021337 135.968338013
0.602167428 -0.013794560 0.798250735 123.591079712 0.036413394 0.999284744 -0.010200142 -3.018444538 -0.797539115 0.035209209 0.602239013 136.577255249
0.602229536 -0.012802079 0.798220336 124.369087219 0.034397814 0.999358952 -0.009923962 -3.030736446 -0.797581613 0.033433538 0.602283835 137.179702759
0.602500916 -0.012183712 0.798025250 125.141632080 0.032976095 0.999409676 -0.009638303 -3.043088675 -0.797436714 0.032122839 0.602546990 137.772460938
0.602950454 -0.012647470 0.797678351 125.906066895 0.033388067 0.999398351 -0.009391619 -3.062133312 -0.797079682 0.032295618 0.603009939 138.347320557
0.603643537 -0.013815429 0.797134697 126.646080017 0.034393612 0.999370277 -0.008724689 -3.069161892 -0.796512187 0.032682940 0.603738546 138.910339355
0.604224086 -0.013471447 0.796700656 127.366493225 0.032478519 0.999442518 -0.007732352 -3.076098919 -0.796152353 0.030547729 0.604324758 139.465881348
0.604790866 -0.015159825 0.796240091 128.073913574 0.033575524 0.999415219 -0.006474443 -3.085366011 -0.795676291 0.030649858 0.604946196 140.003143311
0.605313897 -0.016554277 0.795814693 128.770767212 0.033737700 0.999418855 -0.004872039 -3.100966215 -0.795271575 0.029798070 0.605520606 140.539916992
0.606118321 -0.016709078 0.795198977 129.449020386 0.033423595 0.999431252 -0.004475707 -3.108192444 -0.794671893 0.029291216 0.606332064 141.056549072
0.606371045 -0.016089836 0.795019031 130.118865967 0.031923041 0.999481857 -0.004120289 -3.117947340 -0.794540763 0.027877850 0.606570482 141.581848145
0.606683731 -0.014969021 0.794802368 130.773284912 0.030790493 0.999514937 -0.004678313 -3.124284506 -0.794346809 0.027310610 0.606850386 142.091537476
0.607060850 -0.014569743 0.794521749 131.435684204 0.031945873 0.999471128 -0.006080451 -3.132816553 -0.794012964 0.029072894 0.607205272 142.597351074
0.607486725 -0.012975436 0.794223845 132.077575684 0.031251907 0.999482810 -0.007575189 -3.142131805 -0.793714821 0.029422836 0.607578099 143.090362549
0.607818484 -0.011907015 0.793986738 132.723419189 0.030743619 0.999490738 -0.008546227 -3.148214817 -0.793480635 0.029604578 0.607875049 143.587356567
0.608338118 -0.010401294 0.793609858 133.357711792 0.029472793 0.999520540 -0.009492219 -3.153600216 -0.793130577 0.029164376 0.608353019 144.075317383
0.608590841 -0.010951642 0.793408632 133.989532471 0.031157074 0.999463439 -0.010103426 -3.164016724 -0.792872250 0.030869145 0.608605504 144.564483643
0.608238816 -0.009375737 0.793698788 134.612350464 0.030201087 0.999479532 -0.011337572 -3.173532486 -0.793179393 0.030866513 0.608205378 145.053115845
0.608357668 -0.007108574 0.793631196 135.239669800 0.028753981 0.999500811 -0.013088799 -3.177768707 -0.793141961 0.030782728 0.608258367 145.528839111
0.608443558 -0.006087375 0.793573797 135.853027344 0.028140483 0.999507189 -0.013908626 -3.187066555 -0.793098092 0.030794162 0.608314991 145.995971680
0.608183861 -0.006537205 0.793769240 136.473495483 0.029086152 0.999478102 -0.014054380 -3.197105169 -0.793263137 0.031635340 0.608056605 146.460510254
0.607280374 -0.006441707 0.794461489 137.056579590 0.028712954 0.999491811 -0.013843819 -3.213562965 -0.793968558 0.031218417 0.607156754 146.923904419
0.607008815 -0.006288234 0.794670224 137.646499634 0.028114134 0.999512672 -0.013565828 -3.224636555 -0.794197679 0.030576043 0.606889784 147.372756958
0.606651902 -0.006446198 0.794941485 138.246459961 0.028573107 0.999497831 -0.013700344 -3.234585762 -0.794453979 0.031025287 0.606531501 147.822845459
0.605684161 -0.006071592 0.795682013 138.817565918 0.028174639 0.999507487 -0.013820010 -3.246473789 -0.795206249 0.030788615 0.605556965 148.276840210
0.605249763 -0.005376125 0.796017528 139.400650024 0.028225910 0.999493301 -0.014711144 -3.263831854 -0.795535147 0.031372234 0.605094850 148.714233398
0.604841053 -0.003871271 0.796336830 139.959472656 0.026723867 0.999523640 -0.015438524 -3.270331860 -0.795897722 0.030619051 0.604656398 149.140747070
0.604503155 -0.004558404 0.796589792 140.527328491 0.027874442 0.999492288 -0.015433414 -3.280591965 -0.796114981 0.031534042 0.604323268 149.556259155
0.603803039 -0.005054773 0.797117472 141.064605713 0.027976487 0.999498188 -0.014853586 -3.293604851 -0.796642423 0.031269189 0.603641510 149.972778320
0.603475332 -0.005501996 0.797362745 141.593872070 0.027698657 0.999517322 -0.014066515 -3.307732821 -0.796900451 0.030574670 0.603336453 150.388916016
0.603676498 -0.006626237 0.797201872 142.131286621 0.028755529 0.999495745 -0.013467283 -3.317780018 -0.796710670 0.031053843 0.603562653 150.788208008
0.604482412 -0.008036344 0.796578050 142.662979126 0.030294579 0.999457717 -0.012905900 -3.326623917 -0.796042323 0.031933382 0.604398012 151.191986084
0.604957581 -0.009743198 0.796198189 143.181198120 0.031759001 0.999424696 -0.011900629 -3.336971283 -0.795624197 0.032485832 0.604918957 151.594970703
0.605419397 -0.011887437 0.795817912 143.678726196 0.033382997 0.999387801 -0.010467916 -3.349404097 -0.795206249 0.032904264 0.605445623 151.981216431
0.605913520 -0.013642090 0.795413613 144.175811768 0.034146037 0.999377489 -0.008870788 -3.357971430 -0.794797421 0.032535151 0.606002092 152.366439819
0.606625438 -0.017309692 0.794799387 144.679885864 0.040337808 0.999145329 -0.009027493 -3.361142635 -0.793963790 0.037536770 0.606805205 152.742614746
0.608020723 -0.018965539 0.793694615 145.194290161 0.041592266 0.999102712 -0.007988515 -3.367069960 -0.792830944 0.037868742 0.608263969 153.125350952
0.608814836 -0.017517319 0.793118954 145.686386108 0.039739639 0.999174476 -0.008436596 -3.371587038 -0.792316437 0.036654584 0.609008312 153.507049561
0.609260917 -0.013746689 0.792850792 146.169265747 0.035701815 0.999311388 -0.010108460 -3.384027481 -0.792165816 0.034464896 0.609332085 153.892852783
0.609646797 -0.014060519 0.792548478 146.659606934 0.037195802 0.999248743 -0.010884318 -3.394793510 -0.791800022 0.036115065 0.609711766 154.269287109
0.611202478 -0.014847885 0.791334987 147.161895752 0.040193934 0.999116242 -0.012298038 -3.398066521 -0.790453017 0.039323460 0.611259103 154.649032593
0.610933781 -0.011730777 0.791594863 147.644775391 0.037668262 0.999188483 -0.014264314 -3.404027462 -0.790785134 0.038532548 0.610879898 155.025360107
0.610789716 -0.009994254 0.791729808 148.127059937 0.033550117 0.999348998 -0.013267557 -3.411164761 -0.791081786 0.034666315 0.610727429 155.406433105
0.610974133 -0.009553112 0.791592956 148.618911743 0.031161552 0.999442458 -0.011989895 -3.417709351 -0.791037023 0.031992782 0.610931158 155.804168701
0.610800862 -0.009295625 0.791729748 149.101379395 0.030776292 0.999454141 -0.012008689 -3.426016331 -0.791185975 0.031701420 0.610753536 156.179687500
0.610505998 -0.008779616 0.791962981 149.589004517 0.030621508 0.999452591 -0.012525591 -3.431598663 -0.791419446 0.031898048 0.610440612 156.559295654
0.610459328 -0.008311060 0.792004108 150.065536499 0.030190580 0.999462426 -0.012782169 -3.439539671 -0.791472077 0.031714052 0.610382080 156.929672241
0.610704422 -0.008073776 0.791817486 150.557373047 0.029514881 0.999485254 -0.012572657 -3.445020676 -0.791308403 0.031048577 0.610628366 157.306457520
0.610675216 -0.009337219 0.791826129 151.042709351 0.030637547 0.999460399 -0.011842767 -3.453882456 -0.791288257 0.031491693 0.610631824 157.677703857
0.610484004 -0.009856621 0.791967273 151.512802124 0.031324498 0.999440670 -0.011707552 -3.463061094 -0.791408896 0.031955250 0.610451341 158.047790527
0.610219717 -0.009251281 0.792178214 151.970001221 0.030766871 0.999454200 -0.012028002 -3.470100403 -0.791634619 0.031712566 0.610171318 158.405853271
0.610477388 -0.008324394 0.791989923 152.449676514 0.030132050 0.999464989 -0.012721114 -3.477394104 -0.791460276 0.031630233 0.610401630 158.772827148
0.610567451 -0.006501584 0.791937590 152.913772583 0.028683539 0.999491751 -0.013908870 -3.484106064 -0.791444659 0.031207876 0.610443652 159.138732910
0.610146165 -0.005188994 0.792271852 153.389068604 0.027691970 0.999507248 -0.014779918 -3.493100643 -0.791804790 0.030957479 0.609989226 159.504669189
0.609948993 -0.006169888 0.792416692 153.852981567 0.028924268 0.999476671 -0.014481864 -3.502597332 -0.791912675 0.031753268 0.609808207 159.859863281
0.609690070 -0.005481677 0.792620957 154.327117920 0.028490353 0.999481499 -0.015002694 -3.508672714 -0.792127728 0.031729046 0.609530091 160.217468262
0.608549535 -0.003460429 0.793508351 154.775726318 0.025556531 0.999557197 -0.015240569 -3.518922329 -0.793104231 0.029553961 0.608368516 160.579864502
0.607163906 -0.000794156 0.794576228 155.244400024 0.021159125 0.999661028 -0.015169307 -3.528022528 -0.794294834 0.026022794 0.606974900 160.943527222
0.605789423 0.001338732 0.795623958 155.711257935 0.020060746 0.999654949 -0.016956324 -3.536554813 -0.795372128 0.026232770 0.605553508 161.309295654
0.604649246 0.000880850 0.796491385 156.175292969 0.022615386 0.999577224 -0.018273715 -3.539641857 -0.796170771 0.029062148 0.604373693 161.661621094
0.603133082 0.000517490 0.797640443 156.630416870 0.022754574 0.999581635 -0.017854299 -3.551513672 -0.797315955 0.028918486 0.602869034 162.007995605
0.601573706 0.000570984 0.798817098 157.082641602 0.021993889 0.999608815 -0.017277682 -3.560560942 -0.798514485 0.027962893 0.601325870 162.356353760
0.600278139 -0.000585321 0.799791157 157.545028687 0.021601981 0.999646783 -0.015481646 -3.565253258 -0.799499631 0.026570365 0.600078702 162.701934814
0.599031568 -0.003798871 0.800716460 157.993240356 0.021672605 0.999699295 -0.011470786 -3.575806141 -0.800432086 0.024224972 0.598933816 163.038726807
0.598018944 -0.005710009 0.801461697 158.422058105 0.021162085 0.999738455 -0.008667680 -3.583786488 -0.801202595 0.022144036 0.597983360 163.371002197
0.597188473 -0.007206631 0.802068651 158.850021362 0.021652589 0.999740064 -0.007138941 -3.591067791 -0.801808715 0.021630155 0.597189307 163.686584473
0.596729994 -0.007515211 0.802406907 159.268676758 0.021599581 0.999744236 -0.006699631 -3.597762346 -0.802151322 0.021329522 0.596739769 163.996063232
0.596293807 -0.007310970 0.802733064 159.676879883 0.021828923 0.999736428 -0.007109971 -3.600748301 -0.802469492 0.021762427 0.596296191 164.301208496
0.595568478 -0.006801892 0.803275764 160.075637817 0.022050623 0.999725759 -0.007883508 -3.604678154 -0.803001881 0.022407901 0.595555127 164.604949951
0.594769001 -0.006012689 0.803874254 160.459228516 0.022024881 0.999718547 -0.008818197 -3.602221251 -0.803594947 0.022950023 0.594734013 164.897064209
0.594190001 -0.005678628 0.804304719 160.829208374 0.021651084 0.999725640 -0.008936647 -3.607221842 -0.804033279 0.022724135 0.594149947 165.177459717
0.593916059 -0.006417614 0.804501414 161.182159424 0.021497333 0.999737740 -0.007895178 -3.618055344 -0.804239750 0.021983707 0.593898296 165.440979004
0.593687415 -0.006465150 0.804669857 161.516632080 0.020759718 0.999757946 -0.007283980 -3.624565840 -0.804427981 0.021029126 0.593677878 165.686737061
0.593550920 -0.007789660 0.804758787 161.845718384 0.021365793 0.999753237 -0.006081264 -3.632646561 -0.804512858 0.020803850 0.593570888 165.929199219
0.593541384 -0.008043916 0.804763317 162.156250000 0.021703912 0.999746323 -0.006014558 -3.632617950 -0.804510832 0.021036401 0.593565404 166.163360596
0.593581438 -0.008557688 0.804728448 162.454528809 0.022285899 0.999734759 -0.005807024 -3.635618687 -0.804465353 0.021381039 0.593614697 166.384552002
0.593756914 -0.008069144 0.804604053 162.734130859 0.021063786 0.999762893 -0.005517670 -3.635984898 -0.804368794 0.020224161 0.593786120 166.593276978
0.594107509 -0.007909347 0.804346740 162.995269775 0.020141501 0.999784410 -0.005045802 -3.640938282 -0.804133475 0.019198501 0.594138741 166.789733887
0.594344616 -0.008713691 0.804163218 163.245056152 0.020763474 0.999774218 -0.004512685 -3.648722172 -0.803942382 0.019379314 0.594391346 166.969177246
0.594458103 -0.008829563 0.804078162 163.466094971 0.020990670 0.999769390 -0.004540043 -3.651212215 -0.803852618 0.019577002 0.594506383 167.135803223
0.594778776 -0.007459305 0.803854883 163.685577393 0.020330569 0.999776661 -0.005765410 -3.652004719 -0.803632379 0.019771967 0.594797611 167.301818848
0.595045447 -0.006966822 0.803661883 163.888046265 0.019879680 0.999784052 -0.006052293 -3.657076359 -0.803446174 0.019577930 0.595055461 167.450988770
0.595450640 -0.006441085 0.803366065 164.071533203 0.019148728 0.999797583 -0.006176938 -3.657477617 -0.803163648 0.019061500 0.595453501 167.589233398
0.595620155 -0.006661159 0.803238630 164.244598389 0.019610804 0.999788165 -0.006250749 -3.659760475 -0.803026795 0.019475225 0.595624626 167.718811035
0.595879793 -0.006713386 0.803045690 164.405868530 0.019750237 0.999785125 -0.006297058 -3.661575317 -0.802830875 0.019612631 0.595884323 167.840759277
0.596398830 -0.006602076 0.802661121 164.563674927 0.019537298 0.999789298 -0.006293237 -3.661976337 -0.802450418 0.019435108 0.596402168 167.954010010
0.596428394 -0.005743029 0.802645743 164.694946289 0.018559767 0.999805748 -0.006637624 -3.664041281 -0.802451730 0.018855784 0.596419096 168.055999756
0.596661210 -0.005455569 0.802474678 164.819183350 0.018261867 0.999810219 -0.006781041 -3.667033672 -0.802285433 0.018700670 0.596647620 168.149291992
0.597007453 -0.005839923 0.802214444 164.932083130 0.018289100 0.999812663 -0.006332346 -3.671447277 -0.802027166 0.018452238 0.597002387 168.236114502
0.597011924 -0.006063440 0.802209496 165.034347534 0.018626705 0.999806643 -0.006305207 -3.672042370 -0.802016139 0.018706802 0.597009420 168.313751221
0.597170472 -0.005859409 0.802092969 165.130020142 0.018750226 0.999802053 -0.006656127 -3.672247887 -0.801895201 0.019014267 0.597162127 168.387115479
0.597412705 -0.005976491 0.801911771 165.223526001 0.019540943 0.999783814 -0.007106530 -3.674456596 -0.801695883 0.019915642 0.597400308 168.455352783
0.597543240 -0.005065801 0.801820695 165.296249390 0.019548658 0.999774873 -0.008251857 -3.672286510 -0.801598370 0.020605361 0.597507715 168.510421753
0.597758055 -0.005040724 0.801660717 165.371551514 0.020024253 0.999762118 -0.008644725 -3.677057266 -0.801426470 0.021220110 0.597716808 168.567504883
0.597778797 -0.004808568 0.801646709 165.439178467 0.020389540 0.999749720 -0.009207387 -3.677515984 -0.801401794 0.021849189 0.597727239 168.617858887
0.597927213 -0.004917961 0.801535368 165.497924805 0.020650858 0.999743760 -0.009270970 -3.678368092 -0.801284373 0.022095757 0.597875476 168.667877197
0.597995281 -0.004919291 0.801484585 165.548645020 0.020733969 0.999741435 -0.009333676 -3.679605961 -0.801231444 0.022199448 0.597942710 168.707519531
0.598123431 -0.004246165 0.801392734 165.606521606 0.020616956 0.999736547 -0.010090481 -3.680834293 -0.801138759 0.022557631 0.598053336 168.751159668
0.598236561 -0.002409328 0.801315904 165.660171509 0.019909354 0.999731481 -0.011857777 -3.678563118 -0.801072180 0.023047438 0.598123908 168.795196533
0.598463178 -0.001172966 0.801149487 165.725189209 0.019490307 0.999724269 -0.013095671 -3.680881739 -0.800913215 0.023451926 0.598321021 168.841094971
0.598611116 -0.000749178 0.801039398 165.794570923 0.019009646 0.999731243 -0.013270768 -3.681823969 -0.800814152 0.023171505 0.598464489 168.893234253
0.598736763 -0.001060709 0.800945222 165.860092163 0.018846501 0.999740899 -0.012764495 -3.682754517 -0.800724149 0.022737587 0.598601699 168.944763184
0.598947167 -0.001389372 0.800787389 165.936874390 0.018834809 0.999746323 -0.012352888 -3.682964325 -0.800567091 0.022481404 0.598821342 169.001220703
0.599054456 -0.002111392 0.800705552 166.010147095 0.018777447 0.999758542 -0.011412226 -3.685683250 -0.800488114 0.021871749 0.598949492 169.061172485
