1.000000000 0.000000000 0.000000000 0.000000000 0.000000000 1.000000000 0.000000000 0.000000000 0.000000000 0.000000000 1.000000000 0.000000000
0.999999166 -0.000937460 0.000875329 0.001685787 0.000938585 0.999998748 -0.001285831 -0.000893327 -0.000874123 0.001286652 0.999998808 0.669965744
0.999984086 -0.005323096 0.001859860 0.009819810 0.005328613 0.999981403 -0.002974147 -0.003557321 -0.001843994 0.002984010 0.999993861 1.334035993
0.999983490 -0.005061384 0.002730224 0.013681878 0.005074551 0.999975443 -0.004837315 -0.005208845 -0.002705673 0.004851090 0.999984562 1.995966554
0.999985278 -0.003185528 0.004387405 0.008349517 0.003203936 0.999986053 -0.004195007 -0.006001135 -0.004373981 0.004209002 0.999981582 2.663193464
0.999987006 -0.001203443 0.004949382 0.008177935 0.001224065 0.999990582 -0.004165595 -0.007359035 -0.004944323 0.004171600 0.999979079 3.323361635
0.999978304 -0.002992092 0.005868350 0.017501848 0.003010597 0.999990523 -0.003147058 -0.008800753 -0.005858878 0.003164657 0.999977827 3.980078697
0.999973059 -0.000919489 0.007278906 0.017595993 0.000946840 0.999992490 -0.003755012 -0.009717911 -0.007275399 0.003761803 0.999966443 4.637470722
0.999958694 -0.001360898 0.008986250 0.023399232 0.001404788 0.999987125 -0.004879650 -0.009477391 -0.008979493 0.004892073 0.999947727 5.290530205
0.999929905 0.006443025 0.009931271 0.018182285 -0.006410390 0.999973953 -0.003314477 -0.013475676 -0.009952367 0.003250581 0.999945164 5.942087650
0.999905229 0.006874447 0.011927691 0.015537045 -0.006832471 0.999970317 -0.003556384 -0.012720389 -0.011951786 0.003474551 0.999922514 6.601709366
0.999893188 0.006436002 0.013121898 0.023188353 -0.006407822 0.999977052 -0.002188521 -0.016161574 -0.013135683 0.002104205 0.999911487 7.249255180
0.999890029 0.002557969 0.014606135 0.037713751 -0.002519604 0.999993324 -0.002644435 -0.014936106 -0.014612801 0.002607342 0.999889851 7.897132874
0.999865353 0.004154219 0.015873570 0.048890997 -0.004093945 0.999984264 -0.003827680 -0.016502034 -0.015889222 0.003762179 0.999866664 8.540015221
0.999796689 0.007134999 0.018859083 0.052401189 -0.007037285 0.999961495 -0.005242547 -0.022036325 -0.018895762 0.005108764 0.999808431 9.186199188
0.999750376 0.007978488 0.020868301 0.063256226 -0.007879582 0.999957323 -0.004817452 -0.025232308 -0.020905847 0.004651816 0.999770641 9.827720642
0.999710202 0.004174105 0.023708805 0.081481501 -0.004041056 0.999975860 -0.005656970 -0.026436200 -0.023731844 0.005559522 0.999702930 10.465153694
0.999624670 0.000624281 0.027388377 0.103702478 -0.000513092 0.999991596 -0.004066530 -0.026463352 -0.027390685 0.004050951 0.999616623 11.101885796
0.999531209 0.001360646 0.030586055 0.127265900 -0.001228160 0.999989808 -0.004349929 -0.033932656 -0.030591661 0.004310325 0.999522686 11.742009163
0.999407470 0.002432783 0.034333535 0.149943471 -0.002306502 0.999990404 -0.003717195 -0.036620833 -0.034342252 0.003635802 0.999403536 12.363126755
0.999268115 0.002698621 0.038156398 0.168995023 -0.002525858 0.999986351 -0.004575239 -0.040687107 -0.038168225 0.004475513 0.999261320 12.988554001
0.999131620 0.002909481 0.041564133 0.203085348 -0.002665156 0.999978840 -0.005932475 -0.041118417 -0.041580517 0.005816548 0.999118209 13.590372086
0.998914421 0.002528853 0.046514608 0.232262403 -0.002274826 0.999982238 -0.005513367 -0.043371025 -0.046527721 0.005401569 0.998902380 14.204969406
0.998665869 0.004656542 0.051427830 0.263330489 -0.004452093 0.999981701 -0.004089295 -0.046544544 -0.051445935 0.003854878 0.998668313 14.821657181
0.998420477 0.005230067 0.055939540 0.298326999 -0.005006556 0.999978900 -0.004134979 -0.046709374 -0.055959988 0.003848383 0.998425603 15.418821335
0.998160779 0.005138267 0.060403790 0.341332465 -0.004836177 0.999975085 -0.005146303 -0.045835570 -0.060428724 0.004844714 0.998160779 16.011295319
0.997880280 0.003906578 0.064959280 0.379755706 -0.003531553 0.999976456 -0.005887051 -0.052847080 -0.064980745 0.005645165 0.997870564 16.609062195
0.997553587 0.001461633 0.069890901 0.418049216 -0.001014002 0.999978721 -0.006439761 -0.053476673 -0.069898829 0.006353138 0.997533858 17.205123901
0.997243345 -0.002071194 0.074171320 0.474775761 0.002507727 0.999980092 -0.005792832 -0.053095229 -0.074157842 0.005962864 0.997228682 17.806270599
0.996904790 -0.002780185 0.078568950 0.523920357 0.003184393 0.999982357 -0.005019810 -0.059306890 -0.078553602 0.005254467 0.996896029 18.393974304
0.996583760 -0.005260758 0.082420483 0.583924949 0.005584667 0.999977589 -0.003699907 -0.065429643 -0.082399167 0.004147558 0.996590793 18.979654312
0.996208847 -0.005299759 0.086832501 0.634687304 0.005677575 0.999975443 -0.004104705 -0.064143389 -0.086808622 0.004582141 0.996214449 19.559520721
0.995830476 -0.003217521 0.091166079 0.687037230 0.003905455 0.999965250 -0.007368553 -0.068210855 -0.091139205 0.007693875 0.995808423 20.136356354
0.995388627 0.001881537 0.095905602 0.734352291 -0.000872462 0.999943852 -0.010562398 -0.075019598 -0.095920093 0.010430018 0.995334387 20.703605652
0.994959235 0.003479734 0.100219667 0.793564320 -0.002143324 0.999907374 -0.013439396 -0.079778001 -0.100257151 0.013156849 0.994874537 21.275487900
0.994473457 0.006584171 0.104781479 0.847710252 -0.004945900 0.999861538 -0.015887285 -0.085229129 -0.104871579 0.015281245 0.994368374 21.843826294
0.993994236 0.008126396 0.109130174 0.909021914 -0.006262318 0.999828756 -0.017413113 -0.092929490 -0.109252997 0.016625125 0.993874907 22.404960632
0.993533432 0.010712450 0.113033369 0.973842323 -0.009147721 0.999855161 -0.014352680 -0.098833613 -0.113170750 0.013225870 0.993487537 22.971178055
0.993091106 0.012698570 0.116656817 1.039585829 -0.011799471 0.999895155 -0.008394621 -0.104043722 -0.116751187 0.006960135 0.993136823 23.541456223
0.992717087 0.008312706 0.120182082 1.111671448 -0.007907761 0.999961317 -0.003845961 -0.103244103 -0.120209403 0.002867580 0.992744446 24.108667374
0.992333829 0.009850541 0.123192906 1.183016062 -0.009955574 0.999950409 0.000237029 -0.106540874 -0.123184465 -0.001461668 0.992382705 24.667968750
0.991897702 0.012240845 0.126448199 1.253969073 -0.012932857 0.999905527 0.004653155 -0.109174907 -0.126379296 -0.006250790 0.991962314 25.229633331
0.991522253 0.016322464 0.128907844 1.313004971 -0.017602189 0.999806404 0.008794331 -0.104759611 -0.128739342 -0.010988835 0.991617560 25.798446655
0.991318047 0.016649686 0.130427539 1.385485649 -0.018121047 0.999784768 0.010102302 -0.092694074 -0.130231261 -0.012378078 0.991406381 26.377132416
0.991148651 0.016056553 0.131782323 1.462837934 -0.017333580 0.999813199 0.008548958 -0.090616703 -0.131620437 -0.010757548 0.991241813 26.930437088
0.991030812 0.015953464 0.132677808 1.534824252 -0.016763775 0.999846995 0.004992485 -0.093489140 -0.132577851 -0.007171887 0.991146624 27.478359222
0.991042733 0.018453896 0.132263795 1.602458954 -0.018351249 0.999829590 -0.001995094 -0.093384519 -0.132278085 -0.000449982 0.991212547 28.024948120
0.991145015 0.025053106 0.130399168 1.661406994 -0.023790890 0.999653876 -0.011228697 -0.089643754 -0.130635351 0.008026955 0.991397977 28.596162796
0.991215765 0.031572588 0.128430903 1.723712921 -0.029629696 0.999416173 -0.017010968 -0.082909614 -0.128893003 0.013056172 0.991572559 29.150787354
0.991316617 0.033575334 0.127137929 1.790603995 -0.031737641 0.999360800 -0.016453169 -0.082496181 -0.127609089 0.012275243 0.991748571 29.715911865
0.991687894 0.028930234 0.125372335 1.864701390 -0.027625600 0.999544680 -0.012132570 -0.082463272 -0.125666246 0.008568237 0.992035568 30.298515320
0.992085993 0.019668054 0.124010451 1.941229582 -0.019218249 0.999803662 -0.004822472 -0.097273894 -0.124080956 0.002401043 0.992269218 30.888391495
0.992349803 0.017265270 0.122244671 2.025290489 -0.017399330 0.999848604 0.000029157 -0.096689284 -0.122225665 -0.002155908 0.992500007 31.467140198
0.992257118 0.022956250 0.122060619 2.078000307 -0.023587389 0.999714851 0.003728087 -0.092520617 -0.121940225 -0.006578312 0.992515624 32.048793793
0.992125154 0.031953085 0.121106192 2.127768040 -0.032814149 0.999448359 0.005121842 -0.097421959 -0.120875724 -0.009055504 0.992626369 32.625690460
0.992193699 0.034405816 0.119866021 2.185754776 -0.035084888 0.999378026 0.003558907 -0.097859830 -0.119669013 -0.007736610 0.992783725 33.211830139
0.992591083 0.029149951 0.117954135 2.269531488 -0.029274847 0.999571145 -0.000673969 -0.095840409 -0.117923200 -0.002784113 0.993018806 33.791275024
0.992796361 0.023860957 0.117413856 2.336670399 -0.023342811 0.999710798 -0.005786366 -0.096783191 -0.117517963 0.003003914 0.993066192 34.358150482
0.992799997 0.026734259 0.116762295 2.401914835 -0.025539368 0.999605119 -0.011717989 -0.091670096 -0.117029458 0.008651584 0.993090749 34.943386078
0.992471516 0.035052866 0.117352583 2.451286554 -0.033780500 0.999347150 -0.012814353 -0.092395589 -0.117725141 0.008753652 0.993007660 35.538105011
0.992117226 0.041338529 0.118298568 2.504813910 -0.040338021 0.999127269 -0.010840451 -0.093147039 -0.118643455 0.005983069 0.992918909 36.139987946
0.991987050 0.043547627 0.118596978 2.570583820 -0.043053187 0.999050140 -0.006729144 -0.094172329 -0.118777364 0.001569246 0.992919683 36.737606049
0.992266238 0.034109257 0.119349308 2.651389599 -0.033563364 0.999414921 -0.006581596 -0.101694509 -0.119503975 0.002524931 0.992830515 37.339664459
0.992433786 0.028950144 0.119319439 2.727875710 -0.028192433 0.999570251 -0.008033736 -0.106261663 -0.119500734 0.004609046 0.992823422 37.939170837
0.992634952 0.029262321 0.117556497 2.818299055 -0.028204005 0.999545395 -0.010656465 -0.108226016 -0.117814884 0.007262415 0.993009031 38.554950714
0.992785335 0.030275846 0.116019979 2.889195204 -0.028976798 0.999497235 -0.012867491 -0.106063209 -0.116351224 0.009412769 0.993163526 39.159526825
0.993061244 0.029432585 0.113855682 2.953907728 -0.028296778 0.999532521 -0.011579504 -0.108129360 -0.114143267 0.008277408 0.993429840 39.775878906
0.993604839 0.021967554 0.110755824 3.028836727 -0.021444287 0.999752581 -0.005913662 -0.115469813 -0.110858329 0.003500764 0.993830085 40.395889282
0.994101822 0.014502475 0.107476950 3.099699497 -0.014368196 0.999894738 -0.002023684 -0.117658943 -0.107494988 0.000467498 0.994205534 41.035514832
0.994536042 0.010213159 0.103893198 3.167835474 -0.010387366 0.999945402 0.001135861 -0.120567843 -0.103875928 -0.002208832 0.994587839 41.657798767
0.994896829 0.012839478 0.100077063 3.239749193 -0.012603040 0.999916077 -0.002994458 -0.119600222 -0.100107118 0.001717902 0.994975209 42.310798645
0.995242536 0.014424957 0.096354753 3.302622795 -0.013656845 0.999869525 -0.008626480 -0.120869264 -0.096466616 0.007269537 0.995309651 42.940196991
0.995547473 0.012764715 0.093392946 3.359530210 -0.011726845 0.999863327 -0.011653326 -0.122852400 -0.093528934 0.010506234 0.995561123 43.572628021
0.995854080 0.010841526 0.090316869 3.414837837 -0.009671004 0.999863625 -0.013387735 -0.116692826 -0.090449691 0.012458775 0.995823085 44.216449738
0.996085882 0.013430922 0.087364607 3.463944674 -0.012447751 0.999853015 -0.011788753 -0.122520372 -0.087510094 0.010655117 0.996106625 44.878227234
0.996329069 0.015641827 0.084164515 3.508314610 -0.014973802 0.999851227 -0.008562582 -0.129682124 -0.084285930 0.007270887 0.996415079 45.544578552
0.996599913 0.015330561 0.080954559 3.558451653 -0.014757026 0.999861598 -0.007678249 -0.130660146 -0.081061073 0.006457493 0.996688247 46.214096069
0.996850491 0.013481447 0.078149624 3.609582663 -0.013148423 0.999902129 -0.004774369 -0.128514081 -0.078206345 0.003731788 0.996930182 46.874397278
0.997118056 0.009997731 0.075203650 3.659056187 -0.009978361 0.999949992 -0.000633311 -0.128086254 -0.075206220 -0.000118924 0.997168005 47.537689209
0.997376800 0.010452669 0.071625866 3.706306458 -0.010614948 0.999941885 0.001885378 -0.134324223 -0.071601994 -0.002640737 0.997429788 48.196205139
0.997560680 0.013662376 0.068454750 3.744170904 -0.013738984 0.999905407 0.000648410 -0.136983931 -0.068439417 -0.001587327 0.997654021 48.856468201
0.997773945 0.015760796 0.064797901 3.778930187 -0.015530430 0.999871135 -0.004057348 -0.131993502 -0.064853504 0.003041976 0.997890174 49.504440308
0.998021007 0.014005189 0.061302390 3.816228628 -0.013478262 0.999868631 -0.009000645 -0.132816017 -0.061420392 0.008156583 0.998078644 50.160800934
0.998281837 0.009106769 0.057882912 3.871391296 -0.008537548 0.999912798 -0.010073717 -0.129273519 -0.057969604 0.009562231 0.998272538 50.825851440
0.998484433 0.008576421 0.054362547 3.906925201 -0.008132576 0.999931812 -0.008380504 -0.134419471 -0.054430716 0.007925696 0.998486102 51.489276886
0.998614967 0.012842081 0.051021587 3.931884766 -0.012666577 0.999912679 -0.003761647 -0.136838198 -0.051065441 0.003110168 0.998690486 52.154872894
0.998731911 0.013680980 0.048450336 3.956807852 -0.013737239 0.999905288 0.000828362 -0.137504876 -0.048434414 -0.001492886 0.998825252 52.819522858
0.998853624 0.008655587 0.047079831 3.991494417 -0.008852297 0.999952912 0.003971302 -0.142599449 -0.047043238 -0.004383514 0.998883247 53.479614258
0.998949051 0.001705268 0.045802861 4.042335510 -0.001818224 0.999995410 0.002424605 -0.144170448 -0.045798514 -0.002505337 0.998947561 54.137329102
0.998974800 -0.000377597 0.045268673 4.068215847 0.000430635 0.999999225 -0.001161866 -0.141555145 -0.045268200 0.001180169 0.998974144 54.795520782
0.998956680 0.002297294 0.045609545 4.078104019 -0.001921315 0.999963820 -0.008285559 -0.141982436 -0.045626931 0.008189283 0.998924971 55.486995697
0.999013305 0.003333597 0.044286668 4.111543655 -0.002802886 0.999923587 -0.012040242 -0.142113909 -0.044323418 0.011904231 0.998946309 56.140163422
0.998977482 -0.001750194 0.045176510 4.153002262 0.002338116 0.999913216 -0.012964336 -0.147646770 -0.045149900 0.013056708 0.998894870 56.798988342
0.998866796 -0.001920977 0.047554217 4.182344913 0.002498996 0.999923706 -0.012098469 -0.158295915 -0.047527347 0.012203597 0.998795390 57.458442688
0.998708427 0.002685974 0.050737053 4.209120274 -0.002064888 0.999922335 -0.012289735 -0.163659558 -0.050766125 0.012169096 0.998636425 58.116439819
0.998505294 0.007227419 0.054175034 4.240788937 -0.006527753 0.999893129 -0.013080780 -0.168629959 -0.054263785 0.012707587 0.998445749 58.770923615
0.998202920 0.009877317 0.059104383 4.278502941 -0.009062581 0.999860406 -0.014036915 -0.172622919 -0.059234779 0.013476052 0.998153090 59.446937561
0.997890353 0.010895354 0.064000882 4.324607372 -0.009964379 0.999840140 -0.014847506 -0.178938761 -0.064152420 0.014178454 0.997839391 60.100875854
0.997425914 0.014438518 0.070235968 4.369235992 -0.013470022 0.999807835 -0.014243349 -0.188660085 -0.070428126 0.013260606 0.997428715 60.760322571
0.996853232 0.016599160 0.077511966 4.411572933 -0.015645707 0.999794483 -0.012891880 -0.194186270 -0.077710032 0.011638584 0.996908069 61.425689697
0.996287942 0.017218163 0.084343910 4.470161438 -0.016278878 0.999797702 -0.011811525 -0.202243134 -0.084530219 0.010394655 0.996366680 62.083908081
0.995643318 0.016738437 0.091728814 4.532618999 -0.015869971 0.999822140 -0.010189028 -0.208313420 -0.091883048 0.008688904 0.995731890 62.744773865
0.995031059 0.014751152 0.098466352 4.606156826 -0.013845065 0.999855340 -0.009878996 -0.212294742 -0.098597832 0.008466634 0.995091319 63.394325256
0.994401574 0.012317948 0.104946747 4.681332588 -0.010987737 0.999851942 -0.013243867 -0.219340533 -0.105094343 0.012016594 0.994389653 64.064865112
0.993865132 0.010367601 0.110111967 4.764321804 -0.008664571 0.999835491 -0.015933612 -0.228719532 -0.110259049 0.014881789 0.993791461 64.716728210
0.993061364 0.012675397 0.116912365 4.839307308 -0.010613667 0.999777317 -0.018240606 -0.234505683 -0.117117532 0.016873172 0.992974699 65.383445740
0.992196918 0.016794076 0.123544253 4.910277367 -0.014703215 0.999733150 -0.017816368 -0.240646571 -0.123810492 0.015860848 0.992179096 66.048789978
0.991331935 0.018118899 0.130125850 4.993847370 -0.016348204 0.999758840 -0.014662985 -0.247257143 -0.130360156 0.012408561 0.991389036 66.722358704
0.990557194 0.016447529 0.136109963 5.091012001 -0.015016089 0.999820709 -0.011536879 -0.258837610 -0.136275321 0.009384099 0.990626574 67.384399414
0.989750564 0.017299550 0.141755134 5.183400631 -0.016094012 0.999823928 -0.009646546 -0.269867778 -0.141897067 0.007266266 0.989854753 68.049003601
0.988866746 0.015316826 0.148013309 5.281519890 -0.013946322 0.999849796 -0.010292796 -0.277573824 -0.148148730 0.008113964 0.988931835 68.707550049
0.988077402 0.012643956 0.153437838 5.390679359 -0.010938548 0.999868691 -0.011953795 -0.282164872 -0.153568834 0.010132888 0.988085985 69.368087769
0.987247407 0.011616374 0.158769071 5.500651360 -0.009918011 0.999884844 -0.011485270 -0.289857984 -0.158884212 0.009764129 0.987248957 70.045608521
0.986431301 0.013633802 0.163607523 5.610888004 -0.011862293 0.999859989 -0.011799924 -0.294296086 -0.163745493 0.009699054 0.986454964 70.705177307
0.985602140 0.010187056 0.168773949 5.730439186 -0.008445141 0.999903440 -0.011035610 -0.303884685 -0.168870077 0.009451401 0.985593021 71.366920471
0.984929860 0.004727900 0.172889546 5.851995468 -0.003051886 0.999945760 -0.009958673 -0.307038933 -0.172927245 0.009280955 0.984890878 72.034164429
0.984169304 0.005565429 0.177143395 5.978091717 -0.004074402 0.999953151 -0.008779708 -0.310033679 -0.177183956 0.007918967 0.984145880 72.709762573
0.983299911 0.011501796 0.181628868 6.094439507 -0.010387000 0.999920905 -0.007087809 -0.315538108 -0.181696028 0.005082862 0.983341634 73.366706848
0.982396126 0.013347987 0.186332271 6.212053299 -0.012086862 0.999895751 -0.007902601 -0.321401387 -0.186418325 0.005511312 0.982455015 74.020362854
0.981798410 0.013925933 0.189414605 6.345306396 -0.012422717 0.999881208 -0.009121129 -0.322443992 -0.189519137 0.006602066 0.981854856 74.666656494
0.980766833 0.012607946 0.194775358 6.474338055 -0.010727810 0.999885142 -0.010704730 -0.334170818 -0.194887951 0.008409332 0.980789483 75.322113037
0.979770005 0.014457424 0.199603856 6.601743698 -0.011755338 0.999822617 -0.014715810 -0.340329438 -0.199781194 0.012071700 0.979766190 75.969665527
0.978890419 0.013209995 0.203958556 6.740462303 -0.010418600 0.999836862 -0.014753843 -0.347879499 -0.204120189 0.012317432 0.978868365 76.611282349
0.977953613 0.012884516 0.208424404 6.878211021 -0.010261104 0.999854028 -0.013663230 -0.353437811 -0.208570018 0.011223339 0.977943063 77.255836487
0.977040887 0.005051766 0.212992087 7.027223587 -0.003141719 0.999951780 -0.009305202 -0.360135853 -0.213028818 0.008422403 0.977009594 77.894638062
0.976248622 0.002452289 0.216639489 7.176016331 -0.001214143 0.999982178 -0.005848150 -0.364835531 -0.216649964 0.005446217 0.976234138 78.529785156
0.975241125 0.004076861 0.221106663 7.322078705 -0.002364070 0.999965131 -0.008010525 -0.381180078 -0.221131623 0.007289482 0.975216746 79.165344238
0.974417388 0.007035999 0.224635780 7.468149662 -0.004545116 0.999922335 -0.011603729 -0.389504403 -0.224699974 0.010285879 0.974373698 79.790420532
0.973442435 0.004541045 0.228886917 7.625890732 -0.000869686 0.999869406 -0.016138375 -0.389454007 -0.228930309 0.015510718 0.973319232 80.412811279
0.972019315 0.008817253 0.234735429 7.779308319 -0.003855599 0.999759495 -0.021587778 -0.397309244 -0.234869316 0.020078693 0.971819580 81.027481079
0.969675899 0.014911577 0.243939146 7.928853035 -0.009234563 0.999659657 -0.024399405 -0.415288091 -0.244219959 0.021406844 0.969483554 81.641700745
0.966929615 0.021192485 0.254161358 8.062137604 -0.014933491 0.999536455 -0.026530497 -0.435183644 -0.254605800 0.021857606 0.966797888 82.288223267
0.964512825 0.021517511 0.263157785 8.228539467 -0.014274173 0.999465644 -0.029405890 -0.441130280 -0.263649911 0.024605999 0.964304566 82.899726868
0.961964846 0.019299790 0.272490561 8.414917946 -0.012146484 0.999536514 -0.027914191 -0.448624790 -0.272903025 0.023542669 0.961753428 83.497322083
0.958705366 0.016946679 0.283895880 8.603903770 -0.011081844 0.999690950 -0.022251895 -0.467629611 -0.284185231 0.018186921 0.958596885 84.105743408
0.955386639 0.015534428 0.294949204 8.793768883 -0.010904677 0.999790251 -0.017335147 -0.487118721 -0.295156628 0.013345442 0.955355704 84.696708679
0.951565444 0.015555389 0.307052433 8.969355583 -0.010789284 0.999793649 -0.017213576 -0.510462105 -0.307256818 0.013066968 0.951536894 85.295372009
0.948058367 0.016321009 0.317677408 9.171141624 -0.010454343 0.999742031 -0.020163450 -0.524005413 -0.317924559 0.015795020 0.947984457 85.884445190
0.944402039 0.014288270 0.328482270 9.387548447 -0.007025398 0.999704123 -0.023286622 -0.530549228 -0.328717798 0.019684216 0.944223046 86.470001221
0.940606356 0.009828407 0.339356840 9.607385635 -0.001107987 0.999664426 -0.025881108 -0.538652480 -0.339497328 0.023967933 0.940301597 87.022171021
0.937073112 0.004979183 0.349097699 9.838276863 0.004430323 0.999648213 -0.026150182 -0.549330652 -0.349105090 0.026051247 0.936721385 87.584007263
0.933092952 0.003017665 0.359622687 10.062351227 0.006310309 0.999673486 -0.024761468 -0.564112127 -0.359579980 0.025374083 0.932769239 88.142517090
0.928925693 0.006270076 0.370213181 10.282114029 0.003529122 0.999661267 -0.025785808 -0.580080509 -0.370249450 0.025259627 0.928588867 88.704170227
0.925062299 0.012087479 0.379623085 10.502843857 -0.001478959 0.999600530 -0.028224105 -0.600894868 -0.379812598 0.025547607 0.924710631 89.256912231
0.921169937 0.018271741 0.388731450 10.724680901 -0.006133381 0.999454737 -0.032443717 -0.621033192 -0.389112294 0.027501941 0.920779705 89.814636230
0.917128205 0.022977091 0.397929519 10.955263138 -0.010429117 0.999378622 -0.033669222 -0.636878788 -0.398455888 0.026728941 0.916797936 90.350242615
0.912911415 0.026592480 0.407290518 11.188096046 -0.013622753 0.999304533 -0.034711391 -0.657978177 -0.407930315 0.026140006 0.912638783 90.870979309
0.909301758 0.025249805 0.415370673 11.436860085 -0.012631807 0.999372303 -0.033097748 -0.680833519 -0.415945649 0.024848960 0.909049928 91.396415710
0.905628681 0.025470523 0.423305929 11.687280655 -0.014830709 0.999486327 -0.028410478 -0.699458241 -0.423812091 0.019451417 0.905541241 91.924102783
0.902186751 0.026922112 0.430504650 11.937620163 -0.017616987 0.999517381 -0.025586965 -0.710965276 -0.430985719 0.015500029 0.902225614 92.449256897
0.898719788 0.025040314 0.437807828 12.187458992 -0.015835505 0.999570370 -0.024663504 -0.724691033 -0.438237339 0.015232671 0.898730218 92.961967468
0.896661878 0.023574384 0.442087978 12.442742348 -0.013550562 0.999574780 -0.025818590 -0.747791529 -0.442508668 0.017160004 0.896600008 93.458717346
0.895368934 0.016742179 0.445010364 12.704380035 -0.003923577 0.999550819 -0.029710792 -0.769879460 -0.445307881 0.024856089 0.895032406 93.956871033
0.894576311 0.014681927 0.446673930 12.969844818 0.001826781 0.999331772 -0.036506072 -0.784668207 -0.446911424 0.033473443 0.893951714 94.457672119
0.893524945 0.018202635 0.448644519 13.219166756 0.000265093 0.999156415 -0.041066248 -0.798027039 -0.449013561 0.036812652 0.892766297 94.950897217
0.892096996 0.016858816 0.451529324 13.468775749 0.000838763 0.999240160 -0.038965940 -0.816525280 -0.451843172 0.035140123 0.891405046 95.444053650
0.890735984 0.014516559 0.454289258 13.729810715 0.001577255 0.999385118 -0.035027355 -0.837440491 -0.454518408 0.031916652 0.890165329 95.940750122
0.889046431 0.009648490 0.457715422 13.992140770 0.005722618 0.999465585 -0.032183770 -0.850629091 -0.457781315 0.031232195 0.888516068 96.432739258
0.887025416 0.005376096 0.461689353 14.254486084 0.009012269 0.999540091 -0.028953960 -0.871001303 -0.461632669 0.029843766 0.886569023 96.923866272
0.884795249 0.006509344 0.465934545 14.512790680 0.006277874 0.999645174 -0.025887042 -0.886854887 -0.465937734 0.025829809 0.884440422 97.392166138
0.882926524 0.008400030 0.469436020 14.765846252 0.002903601 0.999723136 -0.023350084 -0.893397808 -0.469502181 0.021979462 0.882657707 97.876022339
0.881031334 0.004844901 0.473033100 15.026077271 0.005519545 0.999774218 -0.020520128 -0.904826760 -0.473025709 0.020689804 0.880805671 98.348281860
0.878563821 -0.001885464 0.477621317 15.299459457 0.013937251 0.999667585 -0.021690674 -0.923591495 -0.477421671 0.025713367 0.878298044 98.810417175
0.876073658 -0.003624414 0.482163638 15.561519623 0.018495813 0.999488413 -0.026093081 -0.944297612 -0.481822401 0.031777468 0.875692487 99.269264221
0.873823524 0.003218628 0.486232549 15.828033447 0.012742251 0.999483109 -0.029515596 -0.958535075 -0.486076206 0.031987119 0.873330832 99.745292664
0.870239019 0.013459309 0.492445827 16.075286865 0.004246060 0.999384642 -0.034818277 -0.970689654 -0.492611438 0.032391179 0.869646370 100.226585388
0.868008137 0.021394525 0.496088922 16.333921432 -0.002703346 0.999260187 -0.038364433 -0.980015695 -0.496542692 0.031959541 0.867423773 100.688423157
0.865724444 0.016080264 0.500262558 16.614200592 0.003251871 0.999282002 -0.037748069 -1.002588749 -0.500510335 0.034306217 0.865050554 101.142036438
0.863706708 0.010830125 0.503878415 16.897403717 0.009651415 0.999230325 -0.038020648 -1.017907143 -0.503902376 0.037701830 0.862937450 101.575958252
0.860107243 0.010210130 0.510011137 17.166379929 0.011885017 0.999127150 -0.040045422 -1.041653991 -0.509974837 0.040504847 0.859235168 102.050422668
0.857271194 0.015328356 0.514636934 17.443778992 0.007420985 0.999085009 -0.042119265 -1.057610035 -0.514811695 0.039926745 0.856373072 102.511199951
0.853997827 0.024019353 0.519721866 17.707408905 -0.004166469 0.999217451 -0.039333351 -1.076512933 -0.520259917 0.031425193 0.853429615 102.968696594
0.849516034 0.027308943 0.526855528 17.976726532 -0.008017510 0.999212265 -0.038865358 -1.093968272 -0.527501881 0.028792676 0.849065781 103.417098999
0.845015585 0.028354239 0.533989489 18.256771088 -0.010470195 0.999279082 -0.036491960 -1.120571613 -0.534639239 0.025245301 0.844703257 103.856323242
0.839558840 0.025273116 0.542680621 18.547357559 -0.007554530 0.999363840 -0.034853958 -1.138491750 -0.543216288 0.025162252 0.839215696 104.288101196
0.832991302 0.028014131 0.552576423 18.845336914 -0.010677461 0.999345303 -0.034568176 -1.156143188 -0.553183019 0.022894880 0.832745075 104.722534180
0.824285448 0.037448160 0.564934611 19.131515503 -0.019087553 0.999081016 -0.038376398 -1.171727777 -0.565852582 0.020849887 0.824242771 105.144027710
0.814242125 0.041097872 0.579068899 19.420909882 -0.022877926 0.998987734 -0.038731311 -1.194004059 -0.580074489 0.018288771 0.814358115 105.572669983
0.803454161 0.043224491 0.593795478 19.731552124 -0.026660645 0.998972654 -0.036644738 -1.210296035 -0.594769418 0.013611397 0.803781092 105.986061096
0.790732861 0.041903492 0.610725522 20.056114197 -0.025198121 0.999036908 -0.035921462 -1.229080200 -0.611642540 0.013015146 0.791027188 106.384246826
0.775592566 0.038695861 0.630046725 20.391658783 -0.021238411 0.999153852 -0.035220828 -1.250800967 -0.630876482 0.013935826 0.775758147 106.771751404
0.758515060 0.038243890 0.650532365 20.734315872 -0.020947507 0.999191463 -0.034316465 -1.268528581 -0.651318789 0.012402527 0.758702874 107.157516479
0.740426660 0.038796823 0.671016574 21.089986801 -0.022442421 0.999203086 -0.033008035 -1.285559893 -0.671762407 0.009380795 0.740707278 107.533233643
0.719774127 0.043062586 0.692871451 21.453235626 -0.026692646 0.999052882 -0.034362979 -1.290271997 -0.693695009 0.006239009 0.720241845 107.926940918
0.700062394 0.041026279 0.712902188 21.828123093 -0.024305571 0.999138713 -0.033630881 -1.305762291 -0.713667929 0.006216226 0.700456619 108.272209167
0.680423856 0.032398511 0.732102275 22.224012375 -0.013558738 0.999407768 -0.031626232 -1.321981549 -0.732693374 0.011592862 0.680460215 108.598587036
0.658860326 0.023362624 0.751902461 22.632736206 0.000351679 0.999507964 -0.031364221 -1.335889697 -0.752265275 0.020929068 0.658527851 108.912834167
0.635825515 0.022787472 0.771496415 23.033168793 0.005198572 0.999414980 -0.033803821 -1.359831810 -0.771815360 0.025504012 0.635335088 109.198471069
0.610585690 0.030432221 0.791365325 23.427627563 0.002833925 0.999171078 -0.040610008 -1.368669987 -0.791945219 0.027038561 0.609993339 109.494026184
0.584511280 0.040689785 0.810364664 23.828807831 -0.006242656 0.998937726 -0.045655567 -1.392524600 -0.811361611 0.021627363 0.584144354 109.785804749
0.557387769 0.046710826 0.828937232 24.250148773 -0.012668931 0.998778343 -0.047762670 -1.410441041 -0.830155611 0.016120579 0.557298660 110.061424255
0.529829025 0.047320627 0.846783340 24.676879883 -0.013844207 0.998791754 -0.047153018 -1.439074516 -0.847991526 0.013259996 0.529843926 110.315498352
0.502751589 0.045775749 0.863218129 25.122117996 -0.013840800 0.998895168 -0.044909496 -1.467170477 -0.864320159 0.010630695 0.502829671 110.561645508
0.475243986 0.041709732 0.878864944 25.575189590 -0.010007408 0.999067366 -0.042002901 -1.492574334 -0.879797220 0.011166471 0.475218177 110.783164978
0.449098825 0.042474944 0.892471969 26.034933090 -0.010783774 0.999054313 -0.042120989 -1.513334513 -0.893417060 0.009292277 0.449132204 110.990997314
0.425073445 0.046796933 0.903948426 26.487545013 -0.012488203 0.998870790 -0.045838553 -1.532579422 -0.905072808 0.008196063 0.425177813 111.195480347
0.403559268 0.046939839 0.913748622 26.957311630 -0.011785954 0.998866975 -0.046107128 -1.553616524 -0.914877594 0.007837563 0.403655291 111.389068604
0.384676993 0.041811470 0.922103882 27.403266907 -0.004768535 0.999050260 -0.043311194 -1.579366446 -0.923038960 0.012263739 0.384511054 111.556365967
0.368796229 0.040638130 0.928621531 27.876361847 -0.000702606 0.999055743 -0.043441422 -1.598976374 -0.929509997 0.015368579 0.368476510 111.727203369
0.357220531 0.041917518 0.933079004 28.348144531 -0.001782321 0.999021232 -0.044197552 -1.621597886 -0.934018373 0.014125224 0.356945574 111.897964478
0.348614514 0.039503347 0.936433494 28.822608948 0.001870673 0.999080062 -0.042842511 -1.645889640 -0.937264442 0.016687287 0.348219931 112.064338684
0.341355920 0.038443413 0.939147651 29.292491913 0.001189616 0.999144793 -0.041331753 -1.669647932 -0.939933419 0.015226067 0.341018260 112.229507446
0.333610535 0.041444048 0.941799521 29.765850067 0.001895726 0.999001682 -0.044632751 -1.684878230 -0.942709088 0.016675353 0.333198905 112.399452209
0.328998208 0.044828728 0.943265975 30.247962952 0.006877386 0.998732388 -0.049863514 -1.715409398 -0.944305599 0.022892214 0.328272879 112.550384521
0.323922753 0.046525285 0.944938898 30.714576721 0.011445767 0.998524308 -0.053087216 -1.736611366 -0.946014345 0.028011711 0.322912216 112.703308105
0.319526494 0.047896892 0.946366072 31.204879761 0.011330360 0.998457193 -0.054358821 -1.760509133 -0.947509646 0.028091749 0.318490803 112.859535217
0.316868246 0.048510369 0.947228253 31.681446075 0.009343293 0.998483062 -0.054260820 -1.775400400 -0.948423624 0.026043765 0.315934360 113.014862061
0.313813090 0.046844009 0.948328495 32.160266876 0.006229969 0.998659134 -0.051391736 -1.799073815 -0.949464321 0.022035457 0.313100457 113.175529480
0.311525762 0.040927105 0.949356019 32.639804840 0.004929770 0.998988986 -0.044684481 -1.824164867 -0.950224996 0.018600477 0.311008990 113.331665039
0.308667064 0.035056379 0.950523913 33.132766724 0.007503520 0.999199748 -0.039288245 -1.852701187 -0.951140583 0.019259261 0.308156967 113.492416382
0.306753159 0.034484752 0.951164186 33.632114410 0.009025633 0.999193072 -0.039136849 -1.871469140 -0.951746345 0.020590212 0.306194425 113.657920837
0.305612862 0.036587674 0.951452672 34.112701416 0.011221598 0.999053657 -0.042022601 -1.892663121 -0.952089787 0.023519468 0.304913044 113.810775757
0.304137170 0.037799343 0.951878190 34.598609924 0.009653307 0.999038875 -0.042756472 -1.913978696 -0.952579498 0.022192607 0.303479970 113.970390320
0.302414298 0.038376946 0.952403784 35.082435608 0.008783777 0.999034524 -0.043045018 -1.934427857 -0.953136206 0.021383133 0.301785231 114.125518799
0.300937772 0.043606441 0.952646315 35.562297821 0.003090977 0.998904169 -0.046700280 -1.951512933 -0.953638852 0.016998485 0.300473154 114.295639038
0.299557865 0.045807030 0.952977896 36.051273346 0.006589750 0.998723626 -0.050077319 -1.976584315 -0.954055429 0.021280944 0.298873663 114.447036743
0.299308658 0.045571856 0.953067422 36.552322388 0.011527997 0.998613179 -0.051370010 -2.005280972 -0.954086661 0.026362447 0.298368216 114.588088989
0.298116565 0.044541385 0.953489780 37.048038483 0.016582381 0.998518288 -0.051829476 -2.027506351 -0.954385519 0.031262361 0.296936214 114.729766846
0.296563506 0.045361690 0.953935385 37.536407471 0.018976977 0.998394191 -0.053375464 -2.047126293 -0.954824686 0.033932030 0.295226455 114.881881714
0.295436621 0.043474272 0.954372823 38.031753540 0.018316718 0.998522699 -0.051155575 -2.068159342 -0.955186844 0.032594211 0.294203877 115.036346436
0.293804169 0.040685147 0.954999447 38.530368805 0.018573891 0.998662114 -0.048259512 -2.092951775 -0.955685198 0.031916901 0.292655408 115.196929932
0.293386161 0.035708860 0.955326855 39.043800354 0.020973252 0.998821199 -0.043775622 -2.118987083 -0.955763936 0.032879472 0.292291403 115.340042114
0.292028308 0.034951821 0.955770910 39.542922974 0.019419391 0.998909295 -0.042462811 -2.141786814 -0.956212640 0.030960834 0.291031063 115.500068665
0.291410565 0.035672288 0.955932796 40.040657043 0.012906811 0.999066889 -0.041216485 -2.162459373 -0.956511080 0.024348965 0.290678203 115.663879395
0.290040314 0.037503265 0.956279397 40.549465179 0.009963761 0.999059379 -0.042203028 -2.181163549 -0.956962645 0.021768721 0.289393783 115.822006226
0.289469421 0.037049256 0.956470072 41.053993225 0.013557498 0.998991668 -0.042799443 -2.207280874 -0.957091331 0.025356473 0.288675249 115.968666077
0.289042175 0.037581727 0.956578434 41.558731079 0.018528268 0.998822331 -0.044839941 -2.229378223 -0.957137108 0.030684374 0.288005471 116.111244202
0.288060248 0.039597575 0.956793249 42.050819397 0.019814689 0.998684347 -0.047296844 -2.253077030 -0.957407236 0.032582905 0.286896646 116.261108398
0.285617888 0.043539569 0.957354128 42.555644989 0.013071819 0.998697519 -0.049319692 -2.272728920 -0.958254576 0.026600949 0.284676731 116.423431396
0.283832073 0.044462912 0.957842708 43.066684723 0.009829868 0.998736918 -0.049274053 -2.289672613 -0.958823740 0.023401029 0.283036530 116.581832886
0.283822477 0.042251591 0.957945526 43.578536987 0.014068413 0.998737693 -0.048219018 -2.319405794 -0.958773673 0.027162416 0.282869756 116.730224609
0.282595634 0.041389313 0.958345830 44.076652527 0.020786649 0.998569846 -0.049256064 -2.347178459 -0.959013939 0.033840351 0.281331182 116.870109558
0.281498849 0.040139221 0.958721757 44.578529358 0.021638015 0.998605132 -0.048162371 -2.373443365 -0.959317625 0.034302488 0.280237615 117.012817383
0.280445933 0.039633669 0.959051311 45.081504822 0.018094119 0.998751342 -0.046565402 -2.393711329 -0.959699333 0.030412264 0.279378593 117.162780762
0.279480219 0.038456049 0.959381104 45.581626892 0.014542292 0.998913467 -0.044277038 -2.409497738 -0.960041404 0.026326159 0.278617322 117.314865112
0.279272437 0.037127305 0.959493935 46.064888000 0.019141039 0.998838365 -0.044220965 -2.427161217 -0.960021198 0.030715412 0.278237402 117.458541870
0.279366970 0.033846769 0.959587753 46.568122864 0.022862827 0.998860717 -0.041888125 -2.464138508 -0.959912241 0.033641048 0.278274834 117.591102600
0.279428720 0.030876236 0.959669828 47.076820374 0.023965476 0.998947144 -0.039118007 -2.491858959 -0.959867299 0.033929642 0.278394580 117.728713989
0.279203892 0.033126388 0.959660292 47.539756775 0.018127887 0.999044776 -0.039760035 -2.506091595 -0.960060775 0.028497770 0.278336704 117.876403809
0.279313147 0.035995398 0.959525168 47.984580994 0.016225077 0.998977482 -0.042198446 -2.527205467 -0.960062981 0.027354950 0.278443515 118.009780884
0.280395567 0.036868766 0.959176242 48.410888672 0.016249364 0.998936594 -0.043147247 -2.544366837 -0.959747016 0.027684303 0.279498279 118.139282227
0.281593680 0.035817433 0.958864927 48.838081360 0.016111251 0.998985708 -0.042047556 -2.566616774 -0.959398389 0.027288839 0.280731022 118.261299133
0.282257438 0.036666967 0.958637714 49.230243683 0.016371125 0.998939693 -0.043028727 -2.590771437 -0.959199011 0.027839156 0.281357825 118.376838684
0.284781814 0.037435379 0.957861185 49.598426819 0.019678026 0.998798311 -0.044885773 -2.609061241 -0.958390415 0.031631470 0.283702910 118.485717773
0.287220180 0.036680773 0.957162023 49.958625793 0.019609664 0.998831928 -0.044162028 -2.615747213 -0.957663894 0.031453848 0.286165357 118.599205017
0.291173995 0.029920982 0.956202090 50.316509247 0.024900870 0.998935103 -0.038840748 -2.631744862 -0.956346035 0.035119679 0.290118873 118.699584961
0.296434045 0.026540309 0.954684377 50.662574768 0.025626276 0.999032855 -0.035730273 -2.646052361 -0.954709351 0.035056673 0.295467257 118.808341980
0.302948415 0.031229058 0.952495158 50.989479065 0.023040956 0.998930812 -0.040079881 -2.663997412 -0.952728391 0.034088537 0.301904976 118.920043945
0.310930252 0.036201630 0.949743032 51.311939240 0.018812740 0.998844147 -0.044232212 -2.684825420 -0.950246572 0.031620402 0.309889793 119.039115906
0.321740508 0.034684166 0.946192503 51.625961304 0.010949442 0.999125719 -0.040347736 -2.705476522 -0.946764648 0.023341786 0.321079433 119.168792725
0.333377540 0.028566217 0.942360580 51.948631287 0.010673756 0.999362469 -0.034070183 -2.714455605 -0.942733049 0.021416759 0.332860053 119.298629761
0.345789850 0.027663490 0.937904119 52.273616791 0.015735535 0.999253750 -0.035274431 -2.726610899 -0.938180089 0.026955964 0.345096529 119.410995483
0.359288812 0.028498948 0.932791173 52.578617096 0.024570018 0.998898268 -0.039982457 -2.733158588 -0.932902932 0.037283946 0.358192742 119.529586792
0.375056446 0.034219183 0.926370203 52.888237000 0.029557070 0.998368919 -0.048845418 -2.739476204 -0.926530659 0.045700576 0.373433232 119.664916992
0.391085267 0.037513949 0.919589579 53.166030884 0.030237973 0.998105824 -0.053576633 -2.755116940 -0.919857562 0.048759557 0.389210165 119.800079346
0.408878088 0.036393441 0.911863089 53.449123383 0.021126660 0.998559237 -0.049326744 -2.778254271 -0.912344515 0.039433248 0.407520115 119.956069946
0.429717243 0.030379338 0.902452350 53.727039337 0.020047175 0.998866558 -0.043170728 -2.799043894 -0.902740955 0.036642827 0.428621113 120.115081787
0.451356292 0.031499613 0.891787767 54.004596710 0.021075750 0.998721659 -0.045943696 -2.808879852 -0.892094970 0.039532073 0.450115442 120.277084351
0.474577367 0.035484783 0.879498303 54.255619049 0.024544949 0.998265028 -0.053521082 -2.810292959 -0.879871547 0.046987139 0.472883046 120.428833008
0.501916885 0.035911027 0.864170074 54.503574371 0.026060333 0.998056173 -0.056610789 -2.819487333 -0.864523232 0.050934471 0.500005364 120.588623047
0.528333187 0.028336769 0.848564148 54.754089355 0.034912657 0.997872472 -0.055060070 -2.833997488 -0.848319054 0.058715690 0.526219845 120.757728577
0.556163430 0.020472607 0.830820799 54.994148254 0.040901907 0.997810781 -0.051967818 -2.860392570 -0.830065846 0.062884755 0.554108500 120.924751282
0.586661875 0.017557181 0.809641659 55.204330444 0.039321911 0.997968137 -0.050133508 -2.877728939 -0.808876753 0.061248075 0.584779501 121.110000610
0.619709730 0.015415333 0.784679711 55.411170959 0.038052794 0.998041034 -0.049659532 -2.898318052 -0.783908069 0.060633752 0.617909193 121.307556152
0.651736975 0.015964789 0.758277059 55.596366882 0.037625171 0.997866929 -0.053347852 -2.910171032 -0.757511258 0.063299067 0.649746060 121.511474609
0.684966922 0.019498503 0.728313267 55.772804260 0.035391271 0.997571230 -0.059992038 -2.928557634 -0.727714121 0.066868491 0.682613194 121.718261719
0.720037103 0.021989981 0.693587005 55.933410645 0.033431210 0.997237980 -0.066323258 -2.936375856 -0.693129778 0.070942663 0.717313170 121.926757812
0.754191220 0.020252114 0.656342506 56.082878113 0.032103434 0.997191906 -0.067658842 -2.949526310 -0.655869663 0.072098553 0.751423180 122.137405396
0.785011947 0.020363433 0.619145870 56.210487366 0.026480043 0.997443020 -0.066379383 -2.964802980 -0.618914425 0.068503618 0.782465458 122.373840332
0.815570712 0.019357674 0.578333616 56.336845398 0.022246033 0.997652590 -0.064764433 -2.975169897 -0.578229725 0.065685600 0.813225567 122.618034363
0.843949556 0.017689602 0.536130846 56.451282501 0.019080268 0.997833729 -0.062958643 -2.988935709 -0.536083162 0.063363440 0.841783822 122.860977173
0.869481564 0.015668217 0.493716836 56.552673340 0.015518748 0.998136997 -0.059006073 -3.011217833 -0.493721575 0.058966562 0.867618561 123.113906860
0.892528474 0.017318439 0.450658351 56.627071381 0.008382763 0.998452723 -0.054971788 -3.019756794 -0.450913072 0.052841648 0.891002297 123.379058838
0.913922071 0.018384483 0.405473113 56.690025330 0.001176717 0.998849452 -0.047940936 -3.047313213 -0.405887961 0.044291411 0.912848949 123.646392822
0.933477521 0.015693342 0.358292341 56.735157013 -0.000319953 0.999078214 -0.042926420 -3.057009459 -0.358635724 0.039956212 0.932622075 123.897628784
0.951078594 0.012470888 0.308697194 56.791587830 -0.000255183 0.999216378 -0.039580591 -3.068205833 -0.308948874 0.037565477 0.950336456 124.175743103
0.965867579 0.007919942 0.258915246 56.831295013 0.002530710 0.999196291 -0.040005013 -3.081457853 -0.259023994 0.039294783 0.965071261 124.455169678
0.978290439 0.004915234 0.207180262 56.855190277 0.003412068 0.999201179 -0.039817028 -3.094208956 -0.207210466 0.039659530 0.977492154 124.740074158
0.987588346 0.008597679 0.156829059 56.857803345 -0.002480828 0.999229968 -0.039157424 -3.099979877 -0.157044962 0.038282350 0.986849189 125.030693054
0.993798733 0.018693510 0.109611250 56.831466675 -0.014680057 0.999195933 -0.037308756 -3.108968735 -0.110220551 0.035468295 0.993274093 125.318260193
0.997716188 0.025841277 0.062406708 56.799942017 -0.023739545 0.999133408 -0.034187913 -3.111914635 -0.063236088 0.032628328 0.997465074 125.622428894
0.999582589 0.022426734 0.018213509 56.774444580 -0.021897702 0.999346912 -0.028743898 -3.115504980 -0.018846245 0.028333066 0.999420881 125.928176880
0.999672890 0.013005981 -0.022022411 56.755020142 -0.013547114 0.999605477 -0.024603689 -3.116346359 0.021693729 0.024893980 0.999454677 126.260635376
0.998201311 0.009027018 -0.059267316 56.706890106 -0.010369293 0.999695778 -0.022379471 -3.122497797 0.059047263 0.022953779 0.997991264 126.576484680
0.995365679 0.012022800 -0.095407590 56.645668030 -0.014002499 0.999699771 -0.020107597 -3.119552374 0.095137201 0.021350358 0.995235205 126.915901184
0.991487503 0.016359836 -0.129169837 56.565963745 -0.018239111 0.999744117 -0.013379288 -3.124344826 0.128917903 0.015621340 0.991532207 127.279800415
0.987118781 0.020973606 -0.158608347 56.477661133 -0.021908123 0.999751389 -0.004145610 -3.132270575 0.158481970 0.007567020 0.987332880 127.654563904
0.982885599 0.022955792 -0.182781130 56.377071381 -0.023068776 0.999732733 0.001508296 -3.128114700 0.182766899 0.002734054 0.983152449 128.039550781
0.978389144 0.023234939 -0.205462456 56.271701813 -0.023116969 0.999728322 0.002974920 -3.121224880 0.205475762 0.001839039 0.978660464 128.438583374
0.974067152 0.020928429 -0.225289032 56.166793823 -0.020536829 0.999780774 0.004081820 -3.110688448 0.225325063 0.000650755 0.974283457 128.856140137
0.970115900 0.025039032 -0.241346657 56.045631409 -0.023548555 0.999681652 0.009058485 -3.101619720 0.241496637 -0.003104415 0.970396698 129.299118042
0.966467142 0.030522481 -0.254969865 55.908607483 -0.028058542 0.999517858 0.013296105 -3.093796492 0.255252779 -0.005696167 0.966857553 129.753341675
0.963349700 0.034508139 -0.266019791 55.760528564 -0.031884242 0.999391019 0.014177321 -3.088332891 0.266347021 -0.005175880 0.963863313 130.215332031
0.960439742 0.038048457 -0.275876403 55.601257324 -0.035797454 0.999271989 0.013192351 -3.079186440 0.276177526 -0.002794785 0.961102605 130.687652588
0.958008766 0.033188090 -0.284811884 55.452518463 -0.030958045 0.999444664 0.012329470 -3.073093414 0.285062879 -0.002994522 0.958504140 131.192993164
0.955569506 0.036275078 -0.292525291 55.289363861 -0.034046095 0.999339461 0.012709004 -3.054636955 0.292793095 -0.002184994 0.956173360 131.704116821
0.953650713 0.041987348 -0.297972113 55.109455109 -0.040133279 0.999118149 0.012340724 -3.029116154 0.298227489 0.000189858 0.954494774 132.236511230
0.951615274 0.049140871 -0.303337425 54.919185638 -0.047577109 0.998788774 0.012547886 -3.018036366 0.303586632 0.002491157 0.952800572 132.778793335
0.950286806 0.051646322 -0.307062894 54.725162506 -0.050602548 0.998654187 0.011365354 -3.015666246 0.307236612 0.004737818 0.951621354 133.345520020
0.949483156 0.048710685 -0.310014457 54.536041260 -0.049851067 0.998747647 0.004247962 -3.009259462 0.309833139 0.011421183 0.950722337 133.909805298
0.948392153 0.049267910 -0.313249052 54.339012146 -0.053895704 0.998527765 -0.006125756 -3.003514528 0.312486082 0.022692395 0.949651241 134.488540649
0.947609782 0.048039049 -0.315797418 54.138183594 -0.053960346 0.998492718 -0.010027659 -2.989336967 0.314839691 0.026542846 0.948773623 135.085678101
0.946695924 0.053312354 -0.317686439 53.921607971 -0.057448573 0.998341739 -0.003658888 -2.981672287 0.316964567 0.021714488 0.948188782 135.690856934
0.946275830 0.054035153 -0.318813831 53.716358185 -0.054740340 0.998477757 0.006754527 -2.983059406 0.318693519 0.011060330 0.947793305 136.302185059
0.945590079 0.058866724 -0.319990784 53.502456665 -0.056790829 0.998260677 0.015823873 -2.983553886 0.320365697 0.003209643 0.947288513 136.913177490
0.945172489 0.059736781 -0.321061432 53.295536041 -0.057060797 0.998212993 0.017746551 -2.978539944 0.321547806 0.001546467 0.946892083 137.517425537
0.944871962 0.060323905 -0.321835369 53.079624176 -0.059735946 0.998145521 0.011711626 -2.965840340 0.321945012 0.008159152 0.946723223 138.130752563
0.944319427 0.059511423 -0.323603451 52.876293182 -0.060061488 0.998160183 0.008296266 -2.954098225 0.323501825 0.011601780 0.946156442 138.741470337
0.944115341 0.058519248 -0.324379057 52.666370392 -0.058602359 0.998236001 0.009521684 -2.942578077 0.324364036 0.010019807 0.945879281 139.366653442
0.943965137 0.065035589 -0.323574096 52.426731110 -0.064633198 0.997836888 0.012001656 -2.921474218 0.323654711 0.009584483 0.946126699 139.994094849
0.943934143 0.070659935 -0.322483391 52.200443268 -0.068591505 0.997486234 0.017788360 -2.907715321 0.322929651 0.005328579 0.946407974 140.629547119
0.943974614 0.078421883 -0.320564955 51.979560852 -0.075430296 0.996913612 0.021760195 -2.896912098 0.321282059 0.003639239 0.946976542 141.257141113
0.945072949 0.084995084 -0.315615207 51.749385834 -0.081940100 0.996372700 0.022962788 -2.886322975 0.316422105 0.004160033 0.948609352 141.892822266
0.946630299 0.086150080 -0.310594946 51.540733337 -0.085089177 0.996228456 0.016990514 -2.871546030 0.310887247 0.010344531 0.950390518 142.518310547
0.949561238 0.077141531 -0.303945065 51.352588654 -0.079291426 0.996837497 0.005282200 -2.866099358 0.303391308 0.019084465 0.952674925 143.144821167
0.952184618 0.070419237 -0.297297090 51.159759521 -0.075311996 0.997147381 -0.005020464 -2.859994411 0.296095461 0.027170446 0.954771817 143.772109985
0.954405129 0.069905937 -0.290213794 50.960182190 -0.075942613 0.997066200 -0.009576268 -2.853353500 0.288692921 0.031179233 0.956913948 144.425155640
0.955825329 0.075967155 -0.283948779 50.764728546 -0.080156453 0.996777356 -0.003145733 -2.842485905 0.282794744 0.025767101 0.958834291 145.075042725
0.957554936 0.076889537 -0.277806669 50.585456848 -0.077004388 0.996975303 0.010514645 -2.847140074 0.277774870 0.011323983 0.960579455 145.734024048
0.960360825 0.069997624 -0.269828439 50.395561218 -0.067262992 0.997547030 0.019379647 -2.841042280 0.270523071 -0.000461989 0.962713361 146.410293579
0.962490559 0.063690089 -0.263733864 50.232437134 -0.060366504 0.997961700 0.020695426 -2.832619429 0.264514416 -0.003998460 0.964373469 147.067886353
0.964429796 0.062415112 -0.256864786 50.058631897 -0.059809752 0.998048365 0.017951051 -2.819221497 0.257483900 -0.001949511 0.966280639 147.724029541
0.966075957 0.065136969 -0.249908924 49.876914978 -0.062749669 0.997875571 0.017516958 -2.798341513 0.250519007 -0.001241012 0.968110859 148.395294189
0.967606902 0.063761838 -0.244277135 49.712158203 -0.060147367 0.997941852 0.022235397 -2.781231880 0.245192140 -0.006822496 0.969450474 149.069869995
0.969166219 0.054099143 -0.240395680 49.566585541 -0.049847174 0.998474717 0.023737656 -2.771200180 0.241313204 -0.011022690 0.970384657 149.746292114
0.970126152 0.046670444 -0.238069534 49.413925171 -0.043699648 0.998887122 0.017744116 -2.764051437 0.238632709 -0.006810478 0.971086025 150.421295166
0.970781684 0.038398642 -0.236872151 49.251079559 -0.038018577 0.999257982 0.006173834 -2.753752708 0.236933455 0.003012097 0.971521199 151.095870972
0.971002817 0.031717274 -0.236954808 49.090488434 -0.034202985 0.999394476 -0.006385711 -2.739337921 0.236608788 0.014305104 0.971499681 151.771652222
0.970839262 0.026659777 -0.238244340 48.938060760 -0.029898396 0.999503016 -0.009989787 -2.733762741 0.237859607 0.016821600 0.971153855 152.445922852
0.970920444 0.030708833 -0.237424627 48.753620148 -0.032578982 0.999461353 -0.003956235 -2.737707853 0.237175241 0.011576242 0.971397936 153.139465332
0.970498145 0.033537835 -0.238764733 48.587169647 -0.033928767 0.999421179 0.002473631 -2.739410639 0.238709494 0.005700339 0.971074283 153.850494385
0.970061243 0.031817392 -0.240767255 48.419158936 -0.031359244 0.999491751 0.005735137 -2.747387409 0.240827367 0.001986845 0.970565915 154.516082764
0.969640076 0.029445302 -0.242757231 48.253303528 -0.028858854 0.999565661 0.005972265 -2.738870144 0.242827639 0.001214747 0.970068693 155.201553345
0.969231009 0.023917977 -0.244988188 48.088474274 -0.024413964 0.999701440 0.001012555 -2.740110159 0.244939253 0.004999732 0.969525516 155.887344360
0.968887925 0.017150607 -0.246905014 47.912799835 -0.020363413 0.999737859 -0.010464565 -2.742334366 0.246660814 0.015166818 0.968983173 156.556488037
0.968356431 0.014830984 -0.249130219 47.730678558 -0.020256704 0.999609888 -0.019228943 -2.751011133 0.248747841 0.023667026 0.968279064 157.232833862
0.967338979 0.020701073 -0.252639592 47.546703339 -0.025562484 0.999545574 -0.015975013 -2.740486145 0.252194077 0.021911349 0.967428565 157.917877197
0.966534734 0.029661519 -0.254815191 47.352416992 -0.029976433 0.999547124 0.002648275 -2.723070621 0.254778355 0.005078801 0.966986120 158.617050171
0.965850294 0.036853436 -0.256466538 47.163555145 -0.029893171 0.999072671 0.030986244 -2.720040798 0.257370651 -0.022261474 0.966056287 159.327377319
0.965583682 0.036387730 -0.257534623 46.977657318 -0.025241947 0.998601437 0.046454437 -2.718192101 0.258864820 -0.038354974 0.965151727 160.014053345
0.965106964 0.031265587 -0.259982735 46.797489166 -0.022705117 0.999098659 0.035865989 -2.712602377 0.260869771 -0.028711574 0.964946926 160.684738159
0.964116991 0.023965109 -0.264393836 46.626255035 -0.023019422 0.999712706 0.006674921 -2.680668354 0.264477849 -0.000349212 0.964391708 161.334777832
0.963288426 0.017257117 -0.267913461 46.437923431 -0.022771211 0.999587715 -0.017487895 -2.663826704 0.267501235 0.022946600 0.963284254 161.995178223
0.962730646 0.014153779 -0.270091444 46.242221832 -0.021623939 0.999460936 -0.024702294 -2.667632341 0.269596219 0.029622095 0.962517738 162.659133911
0.962143779 0.007875432 -0.272428632 46.062103271 -0.013370835 0.999742746 -0.018321345 -2.673233747 0.272214264 0.021270366 0.962001562 163.347991943
0.961400390 0.006747542 -0.275070518 45.864204407 -0.008420461 0.999952555 -0.004901333 -2.679350376 0.275024384 0.007028364 0.961411536 164.052047729
0.960985720 0.007974066 -0.276483029 45.662528992 -0.006886450 0.999964237 0.004904463 -2.681717157 0.276512265 -0.002809133 0.961006284 164.752639771
0.960333228 0.011650620 -0.278611541 45.457012177 -0.008778986 0.999894738 0.011552436 -2.679433823 0.278716803 -0.008648261 0.960334420 165.451934814
0.959563613 0.012883103 -0.281196952 45.254718781 -0.008654343 0.999830067 0.016275147 -2.668004751 0.281358868 -0.013183465 0.959512055 166.148910522
0.959058046 0.014003563 -0.282863230 45.042488098 -0.010430980 0.999845743 0.014132223 -2.661499262 0.283017486 -0.010603081 0.959056139 166.837005615
0.958464026 0.014846236 -0.284826726 44.833415985 -0.013537986 0.999886811 0.006561472 -2.656400919 0.284891903 -0.002432955 0.958556592 167.524505615
0.957843363 0.016186068 -0.286834717 44.619697571 -0.017834634 0.999836028 -0.003135506 -2.650782585 0.286736935 0.008118915 0.957974970 168.207977295
0.957487524 0.016598865 -0.287996680 44.397487640 -0.019662667 0.999776661 -0.007748700 -2.635905981 0.287803739 0.013082066 0.957600057 168.921035767
0.957340658 0.018038074 -0.288398176 44.182842255 -0.019678777 0.999802470 -0.002790529 -2.628607750 0.288290858 0.008346810 0.957506537 169.632995605
0.957611740 0.023197033 -0.287126452 43.959175110 -0.021773661 0.999729693 0.008149890 -2.623612165 0.287237912 -0.001552637 0.957858026 170.357482910
0.957787991 0.028150918 -0.286093771 43.731616974 -0.024760842 0.999573827 0.015460954 -2.620532513 0.286407113 -0.007724394 0.958076894 171.082443237
0.958091855 0.028915884 -0.284997970 43.510387421 -0.026291050 0.999569356 0.013032339 -2.613924503 0.285252094 -0.004993282 0.958439529 171.796386719
0.958336651 0.026765300 -0.284384370 43.299968719 -0.026099674 0.999640524 0.006130449 -2.599308729 0.284446239 0.001547307 0.958690763 172.533813477
0.958750069 0.021978192 -0.283399493 43.086769104 -0.023300804 0.999727666 -0.001296549 -2.586084127 0.283293813 0.007846503 0.959001064 173.262023926
0.959157825 0.019675869 -0.282186389 42.874897003 -0.020868219 0.999781489 -0.001220282 -2.579597712 0.282100707 0.007059171 0.959358811 174.005065918
0.959568560 0.018310379 -0.280878872 42.659820557 -0.018116726 0.999830484 0.003286234 -2.571412802 0.280891418 0.001935239 0.959737599 174.747711182
0.960010588 0.019450821 -0.279287279 42.440139771 -0.017929060 0.999807239 0.008002459 -2.570027828 0.279389113 -0.002675087 0.960174263 175.475463867
0.960217655 0.019350888 -0.278581411 42.230133057 -0.017728703 0.999808013 0.008341403 -2.567803144 0.278689355 -0.003070675 0.960376382 176.212402344
0.960227668 0.013639332 -0.278884977 42.026065826 -0.012144992 0.999901116 0.007085452 -2.563657522 0.278954059 -0.003416591 0.960298359 176.945404053
0.960048020 0.008493176 -0.279706419 41.822826385 -0.007299996 0.999959290 0.005307290 -2.555530548 0.279740095 -0.003053398 0.960070908 177.664932251
0.959872246 0.007362863 -0.280341029 41.611057281 -0.005897010 0.999964178 0.006071972 -2.548528910 0.280375689 -0.004175143 0.959881246 178.403152466
0.959639013 0.010721242 -0.281030327 41.394515991 -0.008198615 0.999914885 0.010150571 -2.541396141 0.281115234 -0.007436825 0.959645212 179.126693726
0.959390879 0.012619023 -0.281797647 41.187225342 -0.008829912 0.999852777 0.014712075 -2.532908916 0.281941801 -0.011626381 0.959361076 179.828964233
0.959035397 0.013307177 -0.282973528 40.969997406 -0.008745656 0.999810755 0.017377121 -2.525297403 0.283151239 -0.014190486 0.958970308 180.546066284
0.958797753 0.011966564 -0.283837378 40.769592285 -0.007633065 0.999836862 0.016368691 -2.516868591 0.283986956 -0.013527716 0.958732724 181.234893799
0.958744645 0.013498700 -0.283948034 40.565521240 -0.010904551 0.999883115 0.010714787 -2.507326603 0.284059465 -0.007176419 0.958779812 181.890258789
0.958457291 0.015229288 -0.284829289 40.361495972 -0.014696991 0.999883950 0.004006203 -2.500724792 0.284857273 0.000346359 0.958569884 182.551803589
0.958340883 0.017862972 -0.285067797 40.166965485 -0.018232899 0.999832869 0.001356351 -2.491704941 0.285044372 0.003897766 0.958506405 183.190979004
0.958346784 0.019005435 -0.284974128 39.975818634 -0.018439459 0.999819100 0.004669195 -2.489453554 0.285011292 0.000780061 0.958523870 183.817367554
0.958627105 0.020090912 -0.283954889 39.781040192 -0.017720941 0.999783397 0.010912945 -2.487926960 0.284112632 -0.005429496 0.958775520 184.456268311
0.958943486 0.023896134 -0.282588810 39.603652954 -0.019973909 0.999660134 0.016752832 -2.483973026 0.282893091 -0.010420617 0.959094822 185.059707642
0.959488630 0.027917033 -0.280360788 39.421707153 -0.023281001 0.999531806 0.019853374 -2.477405787 0.280783772 -0.012522008 0.959689379 185.662124634
0.960275710 0.029815305 -0.277455539 39.243492126 -0.025157876 0.999476731 0.020331927 -2.475126505 0.277916551 -0.012544064 0.960523307 186.228042603
0.961267352 0.028173495 -0.274173886 39.081092834 -0.024922319 0.999571741 0.015334863 -2.460628510 0.274488509 -0.007907855 0.961557865 186.788070679
0.962432206 0.026326163 -0.270242840 38.935844421 -0.024526969 0.999648809 0.010033100 -2.448642254 0.270412087 -0.003027940 0.962739885 187.340789795
0.963896871 0.023976965 -0.265194178 38.781002045 -0.022572761 0.999710381 0.008341838 -2.433572292 0.265317380 -0.002054508 0.964158952 187.897384644
0.965374529 0.018541923 -0.260208160 38.654159546 -0.017239155 0.999824822 0.007288139 -2.429989100 0.260297716 -0.002550016 0.965525031 188.426132202
0.966655076 0.018202944 -0.255434096 38.519271851 -0.016557107 0.999826014 0.008592298 -2.417952538 0.255546063 -0.004076539 0.966788292 188.959472656
0.968030512 0.021795234 -0.249883682 38.382255554 -0.018642070 0.999714017 0.014978600 -2.407932758 0.250138670 -0.009841393 0.968159974 189.485137939
0.969036877 0.029786527 -0.245112851 38.246349335 -0.024369778 0.999387801 0.025103038 -2.391041040 0.245710522 -0.018352425 0.969169497 190.008773804
0.970333993 0.032345485 -0.239594787 38.117527008 -0.025471175 0.999171734 0.031733360 -2.379417896 0.240422770 -0.024689198 0.970354259 190.520278931
0.971409261 0.030572867 -0.235434487 37.998798370 -0.023542624 0.999190688 0.032614600 -2.367574692 0.236241072 -0.026139377 0.971342802 191.037322998
0.972500622 0.028387360 -0.231163725 37.890781403 -0.021716921 0.999272525 0.031350028 -2.356213808 0.231885508 -0.025467759 0.972409666 191.551605225
0.973491132 0.031974401 -0.226478890 37.773250580 -0.026102899 0.999242187 0.028873473 -2.336744308 0.227230474 -0.022196315 0.973588049 192.058456421
0.974852204 0.037163194 -0.219731748 37.629890442 -0.032580100 0.999170125 0.024446027 -2.327723265 0.220457882 -0.016672380 0.975253999 192.567687988
0.975733936 0.037073929 -0.215798125 37.518363953 -0.034209501 0.999270201 0.016995054 -2.300259590 0.216270700 -0.009200305 0.976290107 193.071868896
0.976486742 0.033811253 -0.212909415 37.414466858 -0.031922448 0.999414623 0.012303881 -2.294171572 0.213200793 -0.005217988 0.976994455 193.581970215
0.977283895 0.030560624 -0.209719539 37.303508759 -0.029198971 0.999527633 0.009586637 -2.295947790 0.209913462 -0.003245271 0.977714598 194.082977295
0.977051556 0.031799588 -0.210615933 37.197212219 -0.031215157 0.999494076 0.006099644 -2.288083553 0.210703343 0.000614742 0.977549851 194.598510742
0.976243496 0.032185961 -0.214272425 37.081306458 -0.032161377 0.999476194 0.003601801 -2.280924797 0.214276120 0.003375061 0.976767302 195.094024658
0.975206256 0.028596757 -0.219442472 36.964897156 -0.028705075 0.999584317 0.002695471 -2.277583361 0.219428331 0.003670473 0.975621700 195.598083496
0.973879278 0.029691940 -0.225116625 36.838836670 -0.029080363 0.999558866 0.006032777 -2.268288374 0.225196451 0.000671275 0.974313140 196.095413208
0.972051084 0.034605030 -0.232205093 36.700519562 -0.032759216 0.999393582 0.011801702 -2.258963823 0.232472688 -0.003865002 0.972595274 196.604476929
0.969913304 0.037719622 -0.240510762 36.563087463 -0.035090618 0.999268472 0.015205848 -2.254483223 0.240908384 -0.006308684 0.970527351 197.106124878
0.967568994 0.039074834 -0.249566302 36.421081543 -0.036348902 0.999218583 0.015523848 -2.252921343 0.249977887 -0.005948933 0.968233287 197.620513916
0.965182185 0.038270656 -0.258763701 36.274868011 -0.035861585 0.999258339 0.014025575 -2.248923540 0.259108543 -0.004257562 0.965838850 198.131454468
0.962497950 0.040301118 -0.268278897 36.121902466 -0.038849648 0.999187589 0.010718964 -2.236337662 0.268492937 0.000105559 0.963281631 198.628631592
0.960048854 0.039681673 -0.277004600 35.959281921 -0.040093932 0.999187171 0.004177855 -2.222637177 0.276945233 0.007095259 0.960859537 199.134353638
0.957158804 0.036274988 -0.287282437 35.806255341 -0.038614005 0.999251127 -0.002478085 -2.211253166 0.286977410 0.013465045 0.957842708 199.641632080
0.954095721 0.036073338 -0.297321498 35.638092041 -0.039036825 0.999229610 -0.004033756 -2.204954386 0.296946943 0.015455076 0.954768896 200.154617310
0.951127529 0.039196230 -0.306300730 35.460826874 -0.040734403 0.999169052 0.001371363 -2.208290339 0.306099981 0.011172636 0.951933801 200.671966553
0.948249400 0.041975696 -0.314739734 35.279251099 -0.041713960 0.999100924 0.007570437 -2.191468239 0.314774513 0.005950376 0.949147820 201.204376221
0.945877910 0.042625494 -0.321711063 35.093082428 -0.038159736 0.999067903 0.020177457 -2.178715944 0.322271287 -0.006809004 0.946622849 201.749633789
0.943140566 0.050176423 -0.328585207 34.895401001 -0.040821873 0.998542309 0.035310525 -2.165297985 0.329877973 -0.019889325 0.943814039 202.282150269
0.941637516 0.055840503 -0.331964850 34.689903259 -0.044277914 0.998123348 0.042299554 -2.154918194 0.333703905 -0.025132138 0.942342877 202.836212158
0.939830601 0.059739839 -0.336377144 34.488990784 -0.049056735 0.997987628 0.040176924 -2.141734362 0.338100374 -0.021257941 0.940869927 203.370788574
0.938833475 0.049187064 -0.340840578 34.302101135 -0.041353501 0.998687625 0.030214885 -2.126937389 0.341879457 -0.014271797 0.939635456 203.901153564
0.938643873 0.029679760 -0.343608439 34.122333527 -0.026663238 0.999553263 0.013501461 -2.110462666 0.343855679 -0.003511350 0.939015985 204.446868896
0.938036263 0.019864112 -0.345967352 33.935722351 -0.022391824 0.999743819 -0.003310486 -2.090919256 0.345812947 0.010852194 0.938240707 204.987091064
0.936601937 0.022359192 -0.349681109 33.723491669 -0.027768513 0.999559641 -0.010462957 -2.070673943 0.349293172 0.019509749 0.936810374 205.535522461
0.935443759 0.024491543 -0.352626055 33.507751465 -0.029513286 0.999525011 -0.008870899 -2.062053680 0.352241307 0.018705379 0.935722291 206.096435547
0.934427798 0.023379140 -0.355384439 33.306114197 -0.025475176 0.999674737 -0.001218902 -2.061219692 0.355240345 0.010192456 0.934719443 206.665527344
0.933643341 0.015432021 -0.357871383 33.099315643 -0.013223563 0.999875426 0.008617638 -2.061680079 0.357959777 -0.003313466 0.933731139 207.248519897
0.932961822 0.015334404 -0.359648526 32.890937805 -0.010596124 0.999829173 0.015142576 -2.057144880 0.359819293 -0.010316566 0.932964981 207.813308716
0.932575822 0.019161006 -0.360465229 32.652919769 -0.014006309 0.999758959 0.016907157 -2.044342279 0.360702306 -0.010718418 0.932619393 208.386825562
0.931455314 0.025490046 -0.362961799 32.430183411 -0.020590631 0.999637246 0.017361457 -2.032462835 0.363272667 -0.008697807 0.931642294 208.937835693
0.930796325 0.028803222 -0.364401668 32.197242737 -0.024072746 0.999556720 0.017518116 -2.015524864 0.364744723 -0.007533651 0.931077063 209.497085571
0.929870486 0.031335264 -0.366550148 31.960960388 -0.026918378 0.999490380 0.017156433 -2.005463600 0.366900951 -0.006086325 0.930240095 210.076095581
0.928861916 0.030948322 -0.369130999 31.739406586 -0.026218930 0.999497354 0.017822936 -1.993420362 0.369497031 -0.006876828 0.929206491 210.632247925
0.927641332 0.030735487 -0.372205436 31.514114380 -0.025202217 0.999487817 0.019723322 -1.981735945 0.372621000 -0.008915767 0.927940786 211.178176880
0.926031590 0.028380448 -0.376377493 31.290496826 -0.022307526 0.999541283 0.020484634 -1.962857127 0.376786202 -0.010573367 0.926239908 211.762130737
0.924195051 0.027263086 -0.380946517 31.065000534 -0.021138802 0.999571383 0.020252252 -1.943125963 0.381335378 -0.010664279 0.924375236 212.310531616
0.921846867 0.026646618 -0.386637151 30.840484619 -0.020024145 0.999575853 0.021146752 -1.929782271 0.387036622 -0.011751989 0.921989441 212.854980469
0.919263840 0.028114166 -0.392636716 30.596515656 -0.021144990 0.999532938 0.022064190 -1.921742082 0.393073648 -0.011980514 0.919428945 213.397506714
0.916321278 0.029819163 -0.399332196 30.357028961 -0.023119902 0.999499679 0.021583503 -1.902249336 0.399776012 -0.010544902 0.916552186 213.929733276
0.913119853 0.032416761 -0.406400383 30.116617203 -0.025156289 0.999414384 0.023196511 -1.884422898 0.406914353 -0.010957669 0.913400590 214.454666138
0.909945965 0.034526020 -0.413287133 29.869152069 -0.026629066 0.999336362 0.024854625 -1.870434999 0.413870990 -0.011610916 0.910261512 214.980712891
0.906578183 0.034963436 -0.420587152 29.630489349 -0.027516326 0.999338865 0.023763495 -1.855950117 0.421139926 -0.009970454 0.906940877 215.482879639
