1.000000000 0.000000000 0.000000000 0.000000000 0.000000000 1.000000000 0.000000000 0.000000000 0.000000000 0.000000000 1.000000000 0.000000000
0.998623073 0.001167547 0.052445956 0.042626642 -0.001243830 0.999998212 0.001421894 -0.002452449 -0.052444201 -0.001485170 0.998622775 0.297090322
0.994477272 0.001386081 0.104942776 0.104974255 -0.001766237 0.999992192 0.003529658 -0.002776741 -0.104937069 -0.003695518 0.994472027 0.589087188
0.987519622 -0.000933262 0.157493323 0.195403263 -0.000143142 0.999976695 0.006823118 -0.003721394 -0.157496020 -0.006760507 0.987496495 0.871617317
0.977590442 -0.001793100 0.210508302 0.294182658 -0.000368185 0.999947608 0.010227341 -0.001578362 -0.210515618 -0.010075657 0.977538586 1.123679757
0.964094996 -0.000967053 0.265555859 0.404976189 -0.002161580 0.999931693 0.011488941 0.002614706 -0.265548825 -0.011650450 0.964027047 1.389129877
0.947096705 -0.003341898 0.320930988 0.530397117 -0.000110015 0.999942362 0.010737204 -0.000228572 -0.320948362 -0.010204478 0.947041750 1.648809791
0.928002894 -0.006180146 0.372521788 0.681792796 0.003530739 0.999963403 0.007793863 -0.004007053 -0.372556299 -0.005917450 0.927990735 1.882070422
0.905982673 -0.007778869 0.423243344 0.841008484 0.006503662 0.999968946 0.004457064 -0.007045420 -0.423264861 -0.001285391 0.906005085 2.121917725
0.882113874 -0.008266891 0.470963657 1.010581732 0.008362014 0.999963224 0.001890463 -0.009535424 -0.470961988 0.002270601 0.882150590 2.352426529
0.856813192 -0.006399629 0.515587270 1.184719682 0.007922834 0.999968350 -0.000754405 -0.006208385 -0.515566111 0.004731297 0.856836736 2.570874214
0.829406917 -0.006786881 0.558603704 1.383247137 0.009337315 0.999954939 -0.001714739 -0.001680088 -0.558566928 0.006638075 0.829432905 2.793253422
0.799199104 -0.005663917 0.601039708 1.588322878 0.008605227 0.999960959 -0.002019157 0.001966048 -0.601004839 0.006785791 0.799216628 3.010181189
0.766889691 -0.005491213 0.641755462 1.806005478 0.009199844 0.999954700 -0.002437535 0.006228021 -0.641712964 0.007773370 0.766905487 3.206833363
0.732604623 -0.003340153 0.680646241 2.019455910 0.008216595 0.999958515 -0.003936702 0.008652397 -0.680604875 0.008476640 0.732601643 3.383327961
0.695422530 -0.004316440 0.718588114 2.263228416 0.010875520 0.999930680 -0.004518501 0.010078894 -0.718518794 0.010957287 0.695421278 3.562521458
0.656883717 -0.007428534 0.753955305 2.529156685 0.015689444 0.999869645 -0.003817963 0.009508277 -0.753828645 0.014337097 0.656914592 3.727128506
0.618330538 -0.012157502 0.785824180 2.800657749 0.022819359 0.999736488 -0.002488611 0.008585310 -0.785586834 0.019470787 0.618445039 3.880672693
0.580622017 -0.015481509 0.814026058 3.086674213 0.027141852 0.999631524 -0.000348087 0.003036812 -0.813720703 0.022296282 0.580828309 4.048335075
0.545342624 -0.018850988 0.838001251 3.381845951 0.030730272 0.999524593 0.002486270 0.006106600 -0.837649763 0.024396136 0.545662642 4.196860313
0.512598276 -0.020669742 0.858379722 3.692290783 0.031927068 0.999477684 0.005001498 0.011378855 -0.858034790 0.024841785 0.512990475 4.343450069
0.482364297 -0.021826323 0.875698805 4.014443398 0.032758966 0.999439716 0.006865759 0.022095345 -0.875358045 0.025375187 0.482809067 4.489207268
0.454399645 -0.023432616 0.890489697 4.345185280 0.033740785 0.999389350 0.009080964 0.024628349 -0.890158713 0.025919434 0.454912782 4.630280018
0.428607762 -0.024246857 0.903165221 4.684065819 0.034704752 0.999343932 0.010359369 0.030158818 -0.902823865 0.026904020 0.429168046 4.775939465
0.405094922 -0.025407184 0.913921535 5.033147812 0.036600485 0.999263167 0.011556561 0.035371773 -0.913541734 0.028768465 0.405726373 4.905082703
0.382775247 -0.026786044 0.923453152 5.395608902 0.038714983 0.999166548 0.012934692 0.036776252 -0.923029959 0.030800391 0.383493245 5.037223816
0.361949742 -0.025743965 0.931842089 5.764806271 0.040410761 0.999112189 0.011905925 0.041919917 -0.931321323 0.033347096 0.362668753 5.161871433
0.341794133 -0.024094159 0.939466000 6.151200294 0.043865796 0.998990715 0.009661625 0.050998665 -0.938750565 0.037908133 0.342506111 5.284812450
0.323316634 -0.021966122 0.946035922 6.540758610 0.047036458 0.998867810 0.007117680 0.062333480 -0.945121169 0.042196911 0.323983788 5.395730972
0.306382537 -0.020009922 0.951698124 6.954597473 0.049973074 0.998738468 0.004911016 0.073535614 -0.950595856 0.046054631 0.306995988 5.516399384
0.291274965 -0.018989550 0.956450999 7.380801201 0.052160740 0.998630941 0.003942105 0.079920739 -0.955216408 0.048740946 0.291866660 5.636373997
0.278352499 -0.018493686 0.960300982 7.833899498 0.052437652 0.998616040 0.004032004 0.083119452 -0.959046543 0.049233604 0.278937042 5.755484104
0.266645491 -0.019570950 0.963596046 8.305374146 0.052490342 0.998604834 0.005756907 0.088446356 -0.962364316 0.049044427 0.267300725 5.879871845
0.256027699 -0.020567013 0.966450632 8.783199310 0.052577715 0.998589993 0.007322321 0.094683602 -0.965238512 0.048939046 0.256748080 6.002137184
0.246078968 -0.020304419 0.969037175 9.293914795 0.054813713 0.998472035 0.007001684 0.107482463 -0.967698693 0.051393554 0.246815920 6.118064880
0.236964464 -0.019854035 0.971315384 9.808347702 0.056827229 0.998362601 0.006543185 0.113917261 -0.969854832 0.053646661 0.237704694 6.237062454
0.229590416 -0.022370946 0.973030329 10.336936951 0.058183718 0.998263299 0.009222386 0.118944675 -0.971546769 0.054497138 0.230493307 6.358877182
0.223855495 -0.025279464 0.974294543 10.870477676 0.058321021 0.998219609 0.012500303 0.128615618 -0.972875893 0.054023586 0.224931240 6.484533310
0.219215989 -0.027122155 0.975299418 11.407470703 0.058588818 0.998175561 0.014589432 0.138324589 -0.973915756 0.053943392 0.220405102 6.608489037
0.216649652 -0.027594246 0.975859344 11.961031914 0.058952171 0.998146057 0.015136524 0.151416555 -0.974467874 0.054249704 0.217874765 6.732277870
0.214608312 -0.028679781 0.976279080 12.495498657 0.059513092 0.998095453 0.016238336 0.160062551 -0.974885464 0.054616500 0.215906441 6.852154732
0.213685572 -0.029860418 0.976446092 13.027861595 0.060173538 0.998037100 0.017352298 0.164449632 -0.975047588 0.055048272 0.215062916 6.970362663
0.213132441 -0.029254369 0.976585388 13.557751656 0.061029263 0.997998297 0.016576631 0.177665621 -0.975115478 0.056067258 0.214491189 7.090717316
0.213991404 -0.028767075 0.976411879 14.092956543 0.063185625 0.997880638 0.015551762 0.189408123 -0.974789858 0.058367252 0.215355515 7.200737000
0.215543449 -0.028663488 0.976073503 14.633886337 0.064410567 0.997809589 0.015078196 0.194886267 -0.974367678 0.059619442 0.216917515 7.323932648
0.217163563 -0.027493263 0.975748003 15.155956268 0.064413555 0.997828126 0.013779452 0.201701671 -0.974007666 0.059859000 0.218462825 7.441461563
0.218534708 -0.025809502 0.975487828 15.673703194 0.063677624 0.997896731 0.012136952 0.207535088 -0.973749399 0.059464402 0.219718516 7.564021111
0.220131934 -0.024375020 0.975165606 16.196027756 0.063639194 0.997916937 0.010577918 0.212700218 -0.973392129 0.059730209 0.221224606 7.685988426
0.221517086 -0.023525819 0.974872708 16.709041595 0.064735547 0.997858465 0.009370866 0.218420953 -0.973005474 0.061033104 0.222565651 7.807715416
0.222634435 -0.023399122 0.974621177 17.228267670 0.067228645 0.997700572 0.008596061 0.225552022 -0.972581208 0.063608676 0.223695636 7.920665741
0.223724723 -0.024312835 0.974349141 17.746109009 0.069034077 0.997573316 0.009041116 0.231401861 -0.972204566 0.065240562 0.224860251 8.039127350
0.224688232 -0.024882877 0.974112988 18.268037796 0.069662809 0.997526169 0.009412567 0.236773372 -0.971937478 0.065744549 0.225865781 8.164508820
0.225738823 -0.024350567 0.973883450 18.798137665 0.067904808 0.997649312 0.009204977 0.238772899 -0.971818328 0.064053454 0.226861715 8.294281006
0.226562083 -0.023968350 0.973701775 19.323036194 0.068708085 0.997600019 0.008569541 0.248437017 -0.971570313 0.064959653 0.227665186 8.413646698
0.227047265 -0.024248252 0.973581910 19.851032257 0.069712386 0.997530162 0.008587211 0.255495906 -0.971385539 0.065921009 0.228176892 8.537164688
0.226956069 -0.025455063 0.973572373 20.388437271 0.071366251 0.997405469 0.009441524 0.265904874 -0.971286774 0.067337386 0.228183866 8.662530899
0.225095689 -0.026694190 0.973971009 20.935920715 0.073492378 0.997242093 0.010347070 0.272478402 -0.971561074 0.069250360 0.226436675 8.794597626
0.223646820 -0.026592392 0.974307477 21.481853485 0.072863132 0.997286737 0.010494255 0.283386767 -0.971942961 0.068644084 0.224977612 8.913604736
0.221283317 -0.026105590 0.974860191 22.020490646 0.071177691 0.997407854 0.010552774 0.283606231 -0.972608685 0.067053139 0.222567856 9.040521622
0.217620671 -0.024649855 0.975722134 22.567535400 0.070317455 0.997479260 0.009516219 0.293551087 -0.973497152 0.066539370 0.218805432 9.167276382
0.212047517 -0.023606565 0.976974308 23.105651855 0.072346538 0.997344196 0.008396288 0.300652206 -0.974577904 0.068900287 0.213192225 9.280052185
0.207224846 -0.023672208 0.978006899 23.661870956 0.077729926 0.996945024 0.007660802 0.314736724 -0.975200474 0.074432895 0.208431840 9.390489578
0.204721272 -0.025243146 0.978494883 24.211639404 0.080894805 0.996683896 0.008787518 0.325541854 -0.975471914 0.077356145 0.206084430 9.500597000
0.204481363 -0.027491981 0.978484333 24.774158478 0.082160093 0.996560276 0.010830225 0.330308378 -0.975416362 0.078177787 0.206036747 9.612983704
0.205704927 -0.029070921 0.978182137 25.337041855 0.081819296 0.996569872 0.012411364 0.332809865 -0.975187719 0.077481098 0.207377911 9.739023209
0.207435071 -0.029670129 0.977798879 25.897649765 0.081466749 0.996591806 0.012957610 0.340624511 -0.974850774 0.076970220 0.209145248 9.863866806
0.208963275 -0.028373664 0.977511823 26.466573715 0.080961727 0.996649444 0.011621920 0.354914248 -0.974566400 0.076712482 0.210560322 9.991281509
0.210099936 -0.026944956 0.977308571 27.039327621 0.080247417 0.996722519 0.010228766 0.364578068 -0.974381089 0.076277420 0.211573601 10.127729416
0.211147785 -0.026922405 0.977083385 27.631973267 0.080227971 0.996725082 0.010126333 0.369586706 -0.974156141 0.076251261 0.212616205 10.259914398
0.211455941 -0.026081044 0.977039516 28.228370667 0.079001524 0.996829093 0.009511386 0.376678884 -0.974189520 0.075176366 0.212845862 10.390808105
0.210183263 -0.024979694 0.977342904 28.833356857 0.077873647 0.996924996 0.008733007 0.383574247 -0.974555671 0.074273720 0.211482167 10.522811890
0.208045721 -0.023887930 0.977827370 29.451005936 0.077244937 0.996980667 0.007920955 0.391421080 -0.975064218 0.073884286 0.209262788 10.660995483
0.205913305 -0.023011448 0.978299737 30.088548660 0.077810518 0.996943057 0.007072348 0.402638018 -0.975471914 0.074665710 0.207074344 10.799259186
0.203950703 -0.022501027 0.978722632 30.762126923 0.078676447 0.996878862 0.006523473 0.421080291 -0.975814700 0.075671941 0.205084443 10.936946869
0.202313244 -0.022230223 0.979068637 31.450565338 0.079156116 0.996842444 0.006277076 0.430003464 -0.976116717 0.076229319 0.203434110 11.075849533
0.200600266 -0.020599375 0.979456723 32.137458801 0.078565568 0.996897042 0.004875325 0.439155400 -0.976517916 0.075973570 0.201596200 11.224336624
0.199026108 -0.018167483 0.979825854 32.844333649 0.077593513 0.996981382 0.002724461 0.449208856 -0.976917624 0.075485885 0.199835002 11.371608734
0.197575092 -0.015758613 0.980161190 33.574279785 0.077585377 0.996985614 0.000389896 0.453822613 -0.977212787 0.075969130 0.198202193 11.525007248
0.196415544 -0.014657425 0.980411232 34.341869354 0.079108372 0.996865571 -0.000945155 0.465702236 -0.977324367 0.077744380 0.196959436 11.666273117
0.194293082 -0.015671048 0.980818391 35.106376648 0.079892233 0.996803522 0.000100368 0.476024568 -0.977684796 0.078340270 0.194924057 11.823570251
0.192583740 -0.018077215 0.981114089 35.898254395 0.080114350 0.996782184 0.002640187 0.481918335 -0.978004813 0.078092851 0.193412244 11.981248856
0.190442383 -0.019927876 0.981496155 36.699695587 0.083207011 0.996523917 0.004088106 0.492925525 -0.978165805 0.080888808 0.191438556 12.144424438
0.190044880 -0.020789528 0.981555283 37.529384613 0.086625472 0.996231556 0.004328290 0.498494267 -0.977946341 0.084205121 0.191129565 12.293930054
0.189938903 -0.021170488 0.981567681 38.356655121 0.088703163 0.996048748 0.004318244 0.513948202 -0.977780700 0.086247951 0.191066325 12.455131531
0.190381646 -0.022070941 0.981462121 39.200298309 0.090131350 0.995917797 0.004912551 0.527112603 -0.977563977 0.087525234 0.191593766 12.625663757
0.193157613 -0.023407871 0.980888486 40.074348450 0.092771463 0.995672286 0.005492016 0.534049749 -0.976772070 0.089937635 0.194493294 12.789440155
0.196001947 -0.023560250 0.980320513 40.933448792 0.093319759 0.995622218 0.005269952 0.545917749 -0.976153076 0.090450346 0.197342515 12.968242645
0.200037479 -0.024250120 0.979488194 41.811588287 0.093270853 0.995625019 0.005601241 0.561314702 -0.975338817 0.090237230 0.201424122 13.151515961
0.205471575 -0.027540088 0.978275597 42.709205627 0.093921766 0.995544970 0.008299435 0.577739358 -0.974145949 0.090176068 0.207142830 13.340816498
0.211183250 -0.030946864 0.976956487 43.595638275 0.093460642 0.995558441 0.011333249 0.590395212 -0.972968042 0.088913582 0.213137567 13.539627075
0.217246771 -0.031635433 0.975603998 44.479972839 0.092718802 0.995624304 0.011638065 0.599785805 -0.971703231 0.087928489 0.219229341 13.743358612
0.223181844 -0.028569721 0.974358141 45.358764648 0.091844022 0.995739996 0.008159311 0.613424659 -0.970440507 0.087667957 0.224855006 13.956001282
0.229443908 -0.026023684 0.972974002 46.226684570 0.088863246 0.996027589 0.005684806 0.619722724 -0.969256938 0.085157275 0.230845034 14.167770386
0.235145569 -0.024493210 0.971651495 47.100704193 0.085912019 0.996293366 0.004323148 0.629695773 -0.968155801 0.082459979 0.236378253 14.393302917
0.241323650 -0.026174109 0.970091760 47.979225159 0.083900601 0.996455967 0.006014001 0.630485892 -0.966811180 0.079939947 0.242664456 14.619770050
0.246728480 -0.026615595 0.968719125 48.840671539 0.080146447 0.996758699 0.006973034 0.635998130 -0.965764821 0.075918943 0.248061955 14.866405487
0.252580941 -0.026490502 0.967213154 49.708049774 0.077370003 0.996977150 0.007101049 0.642210245 -0.964477539 0.073039681 0.253867030 15.085163116
0.256828189 -0.024396291 0.966149151 50.566879272 0.076907590 0.997026980 0.004731903 0.646852016 -0.963392258 0.073088914 0.257940888 15.320724487
0.260172129 -0.021445032 0.965324163 51.418796539 0.075999133 0.997106493 0.001667961 0.657914162 -0.962566733 0.072929837 0.261049092 15.557304382
0.262682796 -0.020188112 0.964671135 52.280807495 0.072487973 0.997368634 0.001133694 0.661946893 -0.962155640 0.069629237 0.263454974 15.808319092
0.265220523 -0.021800391 0.963941336 53.118545532 0.070895024 0.997479081 0.003052695 0.660970807 -0.961577892 0.067529000 0.266097486 16.045028687
0.266329408 -0.022644812 0.963616133 53.969078064 0.070566788 0.997499287 0.003937426 0.665140510 -0.961295545 0.066950634 0.267261326 16.282646179
0.265805602 -0.022421917 0.963765919 54.812339783 0.068120584 0.997667313 0.004423040 0.669660091 -0.961616874 0.064476624 0.266712964 16.521316528
0.262630999 -0.020466480 0.964679301 55.655624390 0.064801231 0.997891963 0.003529175 0.669443130 -0.962717891 0.061585531 0.263403654 16.767353058
0.258129358 -0.017040528 0.965960145 56.501728058 0.061343595 0.998115957 0.001215198 0.678250313 -0.964160979 0.058941785 0.258688390 16.998535156
0.251294911 -0.014279430 0.967805326 57.344089508 0.059258651 0.998242438 -0.000658265 0.677339792 -0.966094971 0.057516251 0.251699448 17.223747253
0.243884325 -0.013008823 0.969717145 58.187454224 0.059203513 0.998244822 -0.001498188 0.683499634 -0.967995584 0.057776045 0.244226396 17.431301117
0.235476136 -0.014432892 0.971772969 59.050857544 0.060478617 0.998169482 0.000169999 0.682865262 -0.969996572 0.058731452 0.235917985 17.654621124
0.228119850 -0.016529793 0.973492861 59.905933380 0.062795572 0.998023927 0.002231354 0.687893629 -0.971606076 0.060622010 0.228707016 17.857498169
0.221754968 -0.017754378 0.974940836 60.765014648 0.063511543 0.997974157 0.003727817 0.692273617 -0.973031938 0.061093330 0.222433329 18.052524567
0.215742767 -0.018204637 0.976280570 61.616783142 0.063910827 0.997945547 0.004485322 0.696340799 -0.974356532 0.061427217 0.216463029 18.242027283
0.209717989 -0.018892303 0.977579474 62.468780518 0.063761681 0.997949421 0.005607300 0.703384757 -0.975680828 0.061156154 0.210492551 18.431095123
0.204010487 -0.019447356 0.978775561 63.320869446 0.064323582 0.997908413 0.006420260 0.707424998 -0.976853251 0.061648551 0.204834700 18.609809875
0.199415743 -0.019173395 0.979727447 64.174690247 0.064478822 0.997898519 0.006404850 0.717919230 -0.977791369 0.061894435 0.200232983 18.782283783
0.194694161 -0.019178787 0.980676472 65.029418945 0.064893045 0.997870207 0.006631792 0.722871304 -0.978715003 0.062347911 0.195524096 18.959461212
0.190938771 -0.018715726 0.981423616 65.901062012 0.065073669 0.997860134 0.006368890 0.727478504 -0.979442716 0.062648758 0.191748142 19.135025024
0.187442422 -0.018184159 0.982107401 66.756912231 0.065390848 0.997841716 0.005995153 0.734618068 -0.980096757 0.063097075 0.188226938 19.295970917
0.184201121 -0.017900275 0.982725620 67.615318298 0.066256620 0.997786045 0.005755523 0.741531849 -0.980652928 0.064051904 0.184979320 19.455448151
0.180181384 -0.018555269 0.983458519 68.479911804 0.065661743 0.997818768 0.006796184 0.752519608 -0.981439471 0.063351050 0.181006730 19.630462646
0.177578151 -0.020127984 0.983900905 69.334640503 0.065991476 0.997783959 0.008501602 0.762175083 -0.981891632 0.063419372 0.178512931 19.787822723
0.175775349 -0.019119252 0.984244645 70.193634033 0.066449784 0.997761488 0.007514616 0.766263723 -0.982185066 0.064081952 0.176652372 19.943298340
0.174537718 -0.015644075 0.984526217 71.045150757 0.067319430 0.997723758 0.003919332 0.770366430 -0.982346535 0.065593675 0.175193548 20.097251892
0.173407376 -0.012097784 0.984775901 71.903503418 0.070128441 0.997537971 -0.000094230 0.776852012 -0.982350171 0.069077134 0.173828840 20.249786377
0.172056675 -0.010181836 0.985034406 72.758422852 0.073446833 0.997295976 -0.002520434 0.780179858 -0.982345164 0.072781317 0.172339261 20.398124695
0.171134889 -0.010005438 0.985196769 73.609550476 0.073601410 0.997284174 -0.002656836 0.781307459 -0.982494593 0.072966553 0.171406567 20.546524048
0.170190275 -0.011535584 0.985343695 74.463256836 0.074008569 0.997256994 -0.001107837 0.783837080 -0.982628107 0.073112413 0.170577228 20.694805145
0.167841613 -0.013394082 0.985723019 75.334228516 0.074581034 0.997214615 0.000851122 0.781919599 -0.982988775 0.073373385 0.168373048 20.850112915
0.163745880 -0.013078034 0.986415923 76.188537598 0.074079044 0.997251928 0.000924512 0.780881405 -0.983717263 0.072921358 0.164264739 20.999618530
0.158555329 -0.010877118 0.987290263 77.044052124 0.073459014 0.997297883 -0.000809898 0.780742288 -0.984613717 0.072653778 0.158925951 21.136978149
0.153132975 -0.008579557 0.988168359 77.904663086 0.072895922 0.997336090 -0.002637274 0.786690354 -0.985513330 0.072437294 0.153350472 21.278228760
0.147213042 -0.007991675 0.989072621 78.759452820 0.074298725 0.997231543 -0.003000995 0.785097718 -0.986310363 0.073928617 0.147399247 21.406143188
0.141259730 -0.009486869 0.989927173 79.630790710 0.077981442 0.996953547 -0.001573526 0.785620809 -0.986896515 0.077418216 0.141569197 21.533721924
0.135022044 -0.015154448 0.990726829 80.495735168 0.080120251 0.996775806 0.004327714 0.793379545 -0.987598121 0.078792930 0.135800898 21.646499634
0.128363967 -0.020718347 0.991510808 81.354568481 0.080156736 0.996727467 0.010450014 0.801893234 -0.988482594 0.078134857 0.129604578 21.764595032
0.122619450 -0.023592928 0.992173314 82.227691650 0.079044186 0.996773720 0.013933510 0.803424835 -0.989301026 0.076717012 0.124088705 21.872451782
0.117282808 -0.019045969 0.992915988 83.084152222 0.078799658 0.996842146 0.009813498 0.815112114 -0.989967406 0.077090479 0.118413270 21.977813721
0.112122238 -0.013658731 0.993600547 83.947769165 0.080575004 0.996737897 0.004609428 0.828914881 -0.990422249 0.079542547 0.112856984 22.067665100
0.106626093 -0.010757464 0.994241059 84.796554565 0.081890404 0.996639311 0.002001179 0.834902525 -0.990921259 0.081205420 0.107148707 22.160850525
0.102054477 -0.008493053 0.994742572 85.629760742 0.083511628 0.996506810 -0.000059664 0.838746548 -0.991267204 0.083078660 0.102407217 22.251861572
0.098836303 -0.008175498 0.995070219 86.484832764 0.088017762 0.996118724 -0.000558345 0.842325449 -0.991203547 0.087639026 0.099172294 22.332862854
0.095948100 -0.009202034 0.995343804 87.339080811 0.093139850 0.995653033 0.000226497 0.846329927 -0.991019130 0.092684440 0.096388102 22.412483215
0.092750847 -0.011437014 0.995623648 88.198806763 0.097959839 0.995187700 0.002306211 0.850949287 -0.990858793 0.097317234 0.093424916 22.482833862
0.090170860 -0.012123400 0.995852530 89.053596497 0.101855956 0.994794965 0.002887835 0.854598284 -0.990704119 0.101173110 0.090936303 22.555191040
0.088328183 -0.011310606 0.996027231 89.905433655 0.105810978 0.994384408 0.001908580 0.857093334 -0.990455568 0.105222031 0.089028955 22.629005432
0.086542249 -0.010401797 0.996194005 90.777267456 0.110230677 0.993905723 0.000801834 0.860291958 -0.990131259 0.109741732 0.087161422 22.701400757
0.084987164 -0.012164373 0.996307969 91.632850647 0.113269106 0.993561268 0.002468725 0.869428158 -0.989923000 0.112641074 0.085817814 22.772903442
0.082958221 -0.016269526 0.996420264 92.492507935 0.115000412 0.993343234 0.006644774 0.876508713 -0.989895463 0.114037499 0.084277034 22.850296021
0.081769407 -0.017395381 0.996499419 93.369125366 0.117363870 0.993059099 0.007704834 0.878773689 -0.989716828 0.116323017 0.083243489 22.907699585
0.080421627 -0.013516380 0.996669352 94.219879150 0.118265606 0.992974222 0.003923366 0.882187843 -0.989720047 0.117556177 0.081455112 22.973098755
0.078999460 -0.006006279 0.996856689 95.083755493 0.118028477 0.993004501 -0.003370534 0.888970852 -0.989862919 0.117923729 0.079155684 23.043724060
0.076849282 -0.001393220 0.997041821 95.927970886 0.118591636 0.992912829 -0.007753287 0.894443512 -0.989964843 0.118836649 0.076469898 23.110931396
0.073622704 -0.002110437 0.997283936 96.794776917 0.120510407 0.992688775 -0.006795757 0.890449762 -0.989978254 0.120683417 0.073338747 23.172943115
0.069199920 -0.005173681 0.997589469 97.649223328 0.120159462 0.992749512 -0.003186553 0.887663841 -0.990339994 0.120090313 0.069319844 23.231056213
0.063720882 -0.004736645 0.997956514 98.507560730 0.119057260 0.992883205 -0.002889411 0.884914637 -0.990840554 0.118998080 0.063831329 23.290420532
0.057540357 -0.002433335 0.998340309 99.356315613 0.117249422 0.993093014 -0.004337257 0.886336327 -0.991434276 0.117304377 0.057428241 23.340942383
0.049828708 -0.002234405 0.998755336 100.206054688 0.117943488 0.993013561 -0.003662742 0.886156559 -0.991769433 0.117979191 0.049744129 23.385650635
0.041289508 -0.001969829 0.999145269 101.082672119 0.117362835 0.993084908 -0.002892112 0.889543533 -0.992230356 0.117381938 0.041235149 23.420272827
0.032522917 -0.000699538 0.999470711 101.923484802 0.113916233 0.993485808 -0.003011500 0.887543201 -0.992957830 0.113953888 0.032390714 23.446876526
0.023545682 0.003469072 0.999716878 102.766860962 0.113283597 0.993543863 -0.006115758 0.891447783 -0.993283808 0.113395505 0.023000658 23.465774536
0.015130579 0.005728045 0.999869287 103.636863708 0.113076016 0.993558764 -0.007403038 0.893198013 -0.993471265 0.113173231 0.014385402 23.480041504
0.006622493 0.004645974 0.999967396 104.487548828 0.109310597 0.993993282 -0.005342159 0.893846512 -0.993985653 0.109342396 0.006074846 23.482559204
-0.001527190 0.001944909 0.999997079 105.344497681 0.107346624 0.994220078 -0.001769759 0.894525528 -0.994220614 0.107343592 -0.001727104 23.477554321
-0.009372592 -0.000192238 0.999956191 106.215293884 0.111454330 0.993768811 0.001235708 0.898508787 -0.993725479 0.111461014 -0.009292841 23.485961914
-0.016117215 -0.000387667 0.999870181 107.065582275 0.113454834 0.993540704 0.002214020 0.902464628 -0.993412614 0.113475770 -0.015969157 23.467201233
-0.021294713 0.002929563 0.999769092 107.916854858 0.110002249 0.993931174 -0.000569468 0.902674437 -0.993703306 0.109964706 -0.021487713 23.454231262
-0.025745749 0.009326302 0.999625027 108.786071777 0.109450638 0.993971288 -0.006454610 0.905277014 -0.993658781 0.109243415 -0.026611328 23.435951233
-0.029378057 0.014938449 0.999456882 109.636123657 0.111284159 0.993721128 -0.011581643 0.913170815 -0.993354440 0.110883467 -0.030856013 23.409339905
-0.034101129 0.014330013 0.999315679 110.494377136 0.106804669 0.994223356 -0.010612338 0.910764217 -0.993695080 0.106369689 -0.035434604 23.393600464
-0.037681699 0.010395995 0.999235749 111.363143921 0.100171439 0.994948447 -0.006573875 0.905105352 -0.994256437 0.099847168 -0.038532734 23.371322632
-0.040289998 0.009081777 0.999146819 112.238159180 0.096082121 0.995359957 -0.005172909 0.899280548 -0.994557738 0.095791720 -0.040975690 23.347961426
-0.042681336 0.008482503 0.999052882 113.103820801 0.094339028 0.995530307 -0.004422280 0.900415897 -0.994624972 0.094060913 -0.043290854 23.312858582
-0.045591354 0.010820496 0.998901606 113.980339050 0.095038414 0.995452762 -0.006445449 0.906899452 -0.994429111 0.094640158 -0.046412349 23.275779724
-0.048398256 0.010049310 0.998777688 114.862930298 0.095650665 0.995400429 -0.005380346 0.899915457 -0.994237840 0.095273338 -0.049136877 23.241119385
-0.050716639 0.009899138 0.998664200 115.736526489 0.096088946 0.995360255 -0.004986579 0.907180071 -0.994080007 0.095707670 -0.051432490 23.195343018
-0.052607894 0.010431583 0.998560786 116.635307312 0.097658053 0.995206177 -0.005251560 0.905560255 -0.993828654 0.097241230 -0.053374410 23.148406982
-0.054502368 0.012740080 0.998432398 117.519897461 0.097860627 0.995172918 -0.007356472 0.905138254 -0.993706584 0.097306274 -0.055486083 23.103263855
-0.055993438 0.015148249 0.998316288 118.399856567 0.098841950 0.995057285 -0.009554969 0.900552750 -0.993526578 0.098140508 -0.057214022 23.050064087
-0.057670474 0.017865591 0.998175979 119.299140930 0.098301418 0.995082736 -0.012130804 0.906226635 -0.993484378 0.097422510 -0.059143066 23.001243591
-0.059407353 0.018811615 0.998056591 120.195037842 0.098362371 0.995067060 -0.012900447 0.898000240 -0.993375897 0.097404830 -0.060964584 22.949378967
-0.060680151 0.018555881 0.997984886 121.126068115 0.096242391 0.995277464 -0.012653760 0.887052536 -0.993506670 0.095280610 -0.062179446 22.900703430
-0.062046170 0.017400393 0.997921646 122.034614563 0.096463762 0.995271683 -0.011356514 0.882146835 -0.993400812 0.095558643 -0.063431382 22.844009399
-0.063496709 0.016379971 0.997847617 122.942321777 0.096191540 0.995310426 -0.010217302 0.880921841 -0.993335485 0.095335737 -0.064774513 22.788208008
-0.064756632 0.015084254 0.997787118 123.899932861 0.097882621 0.995159984 -0.008691929 0.876627207 -0.993088961 0.097103149 -0.065919757 22.730422974
-0.066009521 0.014812952 0.997709155 124.825302124 0.098910786 0.995062292 -0.008229627 0.874552727 -0.992904663 0.098140955 -0.067148805 22.666213989
-0.066999197 0.017763067 0.997594893 125.758026123 0.097799420 0.995143652 -0.011151141 0.868750095 -0.992948294 0.096817091 -0.068411112 22.603668213
-0.067824244 0.020959105 0.997477293 126.702880859 0.098986462 0.994987786 -0.014176159 0.867733717 -0.992774844 0.097775251 -0.069558978 22.535202026
-0.069129944 0.021888500 0.997367501 127.684555054 0.098570973 0.995016873 -0.015004724 0.867943525 -0.992725909 0.097274214 -0.070942998 22.484786987
-0.070403934 0.020093560 0.997316182 128.649322510 0.097226828 0.995174885 -0.013186848 0.862634420 -0.992769003 0.096037485 -0.072017789 22.422332764
-0.071261883 0.019548748 0.997266114 129.613861084 0.097463116 0.995160103 -0.012543017 0.859469652 -0.992684662 0.096302815 -0.072822332 22.359802246
-0.072342038 0.019941216 0.997180581 130.575256348 0.098844036 0.995021522 -0.012727246 0.863222122 -0.992469907 0.097644635 -0.073953032 22.296096802
-0.072976112 0.019797528 0.997137189 131.550323486 0.097840019 0.995122433 -0.012597051 0.845040083 -0.992522955 0.096640639 -0.074557066 22.222869873
-0.073292851 0.020874320 0.997092009 132.513565063 0.099407800 0.994954884 -0.013522442 0.840466976 -0.992343843 0.098127618 -0.074998140 22.151504517
-0.073657632 0.022091378 0.997038841 133.487731934 0.099480182 0.994931042 -0.014695437 0.832465410 -0.992309511 0.098103173 -0.075481892 22.086196899
-0.074615479 0.022573592 0.996957004 134.452667236 0.102138489 0.994658947 -0.014877204 0.822126150 -0.991968036 0.100717597 -0.076522589 22.018234253
-0.074928761 0.021885606 0.996948779 135.421691895 0.100918844 0.994792581 -0.014253411 0.809925318 -0.992069185 0.099542923 -0.076747298 21.949203491
-0.076163888 0.022417596 0.996843278 136.392990112 0.101498209 0.994728386 -0.014615052 0.797459602 -0.991915941 0.100064665 -0.078037739 21.878295898
-0.077102423 0.021405531 0.996793330 137.354202271 0.100557275 0.994838536 -0.013585398 0.795296431 -0.991939247 0.099187359 -0.078856945 21.810897827
-0.079202771 0.019134130 0.996674895 138.311950684 0.102238640 0.994699419 -0.010971610 0.790701628 -0.991601825 0.101029709 -0.080739260 21.739410400
-0.079971313 0.017864846 0.996637046 139.260360718 0.103570580 0.994576573 -0.009517291 0.773258448 -0.991401911 0.102461167 -0.081387877 21.658248901
-0.079267383 0.020129165 0.996650159 140.192932129 0.106111683 0.994286060 -0.011641959 0.765166521 -0.991189718 0.104833394 -0.080950379 21.579376221
-0.078029513 0.022485014 0.996697664 141.130218506 0.107777208 0.994076669 -0.013988252 0.755029202 -0.991108418 0.106329776 -0.079990625 21.504333496
-0.076011300 0.024738872 0.996800005 142.061492920 0.112104289 0.993565857 -0.016110059 0.741840601 -0.990785003 0.110521004 -0.078295588 21.432403564
-0.073255301 0.024894023 0.997002482 142.978851318 0.115450151 0.993179262 -0.016315794 0.728804350 -0.990608394 0.113908865 -0.075629711 21.365219116
-0.069501400 0.023891257 0.997295856 143.904174805 0.115643993 0.993166089 -0.015733136 0.722806454 -0.990856349 0.114237793 -0.071789384 21.301559448
-0.066287398 0.021393426 0.997571230 144.809188843 0.117279671 0.993007123 -0.013502456 0.703624249 -0.990884185 0.116099782 -0.068332911 21.248657227
-0.062349081 0.020360705 0.997846842 145.717132568 0.118277624 0.992897153 -0.012869315 0.691670895 -0.991021335 0.117220551 -0.064314485 21.185729980
-0.059679866 0.022831537 0.997956514 146.610870361 0.116385318 0.993079066 -0.015759865 0.681868076 -0.991409540 0.115206927 -0.061924100 21.131500244
-0.057592392 0.024738925 0.998033702 147.506393433 0.116490528 0.993030608 -0.017892739 0.672597885 -0.991520703 0.115230978 -0.060072899 21.093261719
-0.055820823 0.025960717 0.998103321 148.386154175 0.117792085 0.992851973 -0.019236401 0.662119389 -0.991468251 0.116494872 -0.058479786 21.044708252
-0.054278970 0.024575036 0.998223484 149.270141602 0.119765952 0.992640316 -0.017925257 0.645135403 -0.991317391 0.118580207 -0.056822777 20.993087769
-0.052946210 0.025555909 0.998270333 150.143096924 0.120938256 0.992478311 -0.018993316 0.627725124 -0.991247058 0.119723447 -0.055638671 20.945938110
-0.050999045 0.027759349 0.998312771 151.018707275 0.120545439 0.992476285 -0.021438962 0.615806580 -0.991396904 0.119248696 -0.053961635 20.905258179
-0.049744487 0.027340038 0.998387754 151.888610840 0.119078815 0.992657363 -0.021250037 0.602178574 -0.991637945 0.117829755 -0.052634835 20.862182617
-0.048103333 0.026390024 0.998493731 152.754379272 0.117919616 0.992810309 -0.020558931 0.586502552 -0.991857409 0.116753042 -0.050869346 20.822814941
-0.046751738 0.026990427 0.998541832 153.626739502 0.116495997 0.992960930 -0.021385223 0.570119858 -0.992090225 0.115326330 -0.049566984 20.790100098
-0.045887947 0.027905233 0.998556852 154.485565186 0.115090109 0.993101001 -0.022463895 0.556633949 -0.992294669 0.113893189 -0.048782945 20.757186890
-0.044078112 0.029000998 0.998607159 155.340637207 0.112851247 0.993325233 -0.023866411 0.538210869 -0.992633820 0.111642070 -0.047056675 20.722518921
-0.041666150 0.030238863 0.998673916 156.205841064 0.114333652 0.993120193 -0.025300527 0.520803452 -0.992568314 0.113127850 -0.044836879 20.684875488
-0.038047433 0.031164484 0.998789907 157.059783936 0.118017152 0.992658496 -0.026477490 0.505140781 -0.992282450 0.116866939 -0.041445971 20.649520874
-0.033274531 0.031028837 0.998964608 157.919586182 0.118698612 0.992566526 -0.026876394 0.490284443 -0.992372751 0.117681406 -0.036710262 20.615036011
-0.028095484 0.031366415 0.999113023 158.773406982 0.116123028 0.992842793 -0.027904138 0.469874859 -0.992837429 0.115236044 -0.031536698 20.588806152
-0.023257494 0.034009282 0.999150932 159.628997803 0.113333486 0.993068159 -0.031164156 0.439483643 -0.993284822 0.112512454 -0.026950717 20.580566406
-0.018772602 0.037767429 0.999110281 160.477890015 0.110960484 0.993192077 -0.035458855 0.418748856 -0.993647575 0.110196099 -0.022835493 20.573501587
-0.014393687 0.038368154 0.999160051 161.332977295 0.109462701 0.993318081 -0.036566928 0.400261641 -0.993886769 0.108844422 -0.018497348 20.559249878
-0.010172009 0.034706108 0.999345899 162.195571899 0.107359894 0.993658483 -0.033415835 0.372444868 -0.994168282 0.106949762 -0.013833523 20.560638428
-0.005874991 0.034527153 0.999386668 163.048889160 0.102942169 0.994114935 -0.033739891 0.348009348 -0.994670153 0.102680802 -0.009394646 20.561889648
-0.002066135 0.037140004 0.999308109 163.906707764 0.101546131 0.994152248 -0.036738444 0.318415165 -0.994828880 0.101399951 -0.005825520 20.566680908
0.001189888 0.041962635 0.999118447 164.760467529 0.098874696 0.994218469 -0.041874584 0.295210123 -0.995099187 0.098837353 -0.002966046 20.573791504
0.002872288 0.043585602 0.999045551 165.637466431 0.095870808 0.994435787 -0.043660123 0.267742395 -0.995389640 0.095904708 -0.001322269 20.595947266
0.004456341 0.039065890 0.999226809 166.482971191 0.092847787 0.994903982 -0.039310977 0.239738941 -0.995670438 0.092951171 0.000806451 20.591018677
0.005318463 0.035633776 0.999350846 167.343750000 0.087391295 0.995524704 -0.035962448 0.209307194 -0.996159971 0.087525822 0.002180576 20.599731445
0.005272090 0.033618681 0.999420941 168.200454712 0.087520622 0.995583951 -0.033951309 0.183262825 -0.996148825 0.087648928 0.002306461 20.605499268
0.004980326 0.038227443 0.999256670 169.059860229 0.088127457 0.995364249 -0.038517769 0.158580303 -0.996096790 0.088253781 0.001588345 20.616271973
0.003451347 0.041422959 0.999135792 169.912979126 0.089452811 0.995123386 -0.041565612 0.132945299 -0.995985091 0.089518957 -0.000270844 20.619262695
0.001325786 0.042098958 0.999112666 170.772125244 0.090249173 0.995031238 -0.042046752 0.097183466 -0.995918393 0.090224832 -0.002480149 20.619171143
-0.001380205 0.042521596 0.999094605 171.654495239 0.089127690 0.995124578 -0.042229500 0.064485550 -0.996019304 0.088988706 -0.005163431 20.622390747
-0.005653977 0.043172829 0.999051690 172.510498047 0.087727867 0.995236933 -0.042511512 0.035130262 -0.996128500 0.087404318 -0.009414434 20.623962402
-0.011753321 0.042450134 0.999029458 173.384246826 0.081709430 0.995797992 -0.041351531 0.007370830 -0.996586859 0.081144109 -0.015172601 20.623275757
-0.020398259 0.040202685 0.998983383 174.245910645 0.079068460 0.996126473 -0.038473219 -0.024258852 -0.996660531 0.078203283 -0.023498058 20.619674683
-0.028441310 0.038938690 0.998836756 175.102142334 0.079216309 0.996186078 -0.036579717 -0.054329634 -0.996451676 0.078083783 -0.031417370 20.573257446
-0.037637353 0.039597724 0.998506665 175.954193115 0.079009160 0.996204436 -0.036528289 -0.078613758 -0.996163189 0.077516340 -0.040623069 20.537338257
-0.047389627 0.039549842 0.998093247 176.815444946 0.082219034 0.995979607 -0.035562322 -0.107553005 -0.995487034 0.080376975 -0.050450921 20.492523193
-0.057236910 0.039574564 0.997576118 177.661682129 0.086493462 0.995653629 -0.034535684 -0.129559994 -0.994607031 0.084307097 -0.060410976 20.442687988
-0.066159844 0.039521009 0.997026205 178.524200439 0.090417817 0.995341837 -0.033454385 -0.154784679 -0.993704081 0.087935582 -0.069425106 20.371292114
-0.075592160 0.040874738 0.996300697 179.376342773 0.093400083 0.995056868 -0.033737190 -0.183001518 -0.992754877 0.090504311 -0.079036117 20.301239014
-0.084319830 0.043723788 0.995479107 180.222213745 0.095198765 0.994820416 -0.035631269 -0.209410429 -0.991880834 0.091763951 -0.088045597 20.215911865
-0.094128489 0.047847122 0.994409680 181.066162109 0.097233206 0.994510949 -0.038648140 -0.235255957 -0.990800500 0.093051746 -0.098264098 20.138275146
-0.102624059 0.051477145 0.993387341 181.916091919 0.097702093 0.994352818 -0.041433848 -0.256788135 -0.989910364 0.092803910 -0.107073903 20.043289185
-0.110854387 0.052746400 0.992436051 182.790557861 0.098420843 0.994264483 -0.041850060 -0.284291029 -0.988951385 0.093037128 -0.115409970 19.947631836
-0.117885709 0.051933009 0.991668284 183.654083252 0.100762963 0.994102716 -0.040082186 -0.309247613 -0.987901747 0.095198311 -0.122423530 19.838775635
-0.124339700 0.050438810 0.990957081 184.521224976 0.103559799 0.993912458 -0.037595164 -0.331981182 -0.986820817 0.097948737 -0.128806233 19.730697632
-0.128632307 0.048667561 0.990497470 185.418319702 0.106976561 0.993647814 -0.034929708 -0.359508991 -0.985905588 0.101466924 -0.133021474 19.603363037
-0.131524324 0.047426302 0.990177929 186.296188354 0.109445192 0.993443370 -0.033045236 -0.382013321 -0.985252917 0.104023963 -0.135852456 19.474227905
-0.134845734 0.046173904 0.989790261 187.173736572 0.112895198 0.993124783 -0.030949008 -0.403764963 -0.984414279 0.107569218 -0.139131427 19.348297119
-0.137730241 0.045817647 0.989409506 188.068161011 0.116368614 0.992759705 -0.029773768 -0.425275803 -0.983610094 0.111035474 -0.142064691 19.220230103
-0.139363885 0.046364486 0.989155293 188.951980591 0.119684950 0.992368996 -0.029652515 -0.444841146 -0.982981920 0.114254512 -0.143849492 19.079162598
-0.140892506 0.047549348 0.988882542 189.837417603 0.123537049 0.991883576 -0.030092549 -0.463635921 -0.982287228 0.117923804 -0.145623088 18.945983887
-0.141785145 0.049446911 0.988661706 190.770797729 0.127248734 0.991375804 -0.031333756 -0.485044479 -0.981684625 0.121363290 -0.146854520 18.806594849
-0.143199444 0.051370945 0.988359809 191.666824341 0.129202887 0.991075814 -0.032792445 -0.504780293 -0.981224060 0.123003073 -0.148558736 18.669387817
-0.143955350 0.052716069 0.988179266 192.571609497 0.130599558 0.990857720 -0.033833582 -0.528419495 -0.980928659 0.124185227 -0.149523973 18.529846191
-0.144606233 0.050694648 0.988189816 193.482986450 0.134015873 0.990487874 -0.031201394 -0.548738956 -0.980371773 0.127921194 -0.150024652 18.395004272
-0.143887639 0.047962137 0.988431096 194.427597046 0.137166351 0.990149975 -0.028077995 -0.567926407 -0.980041683 0.131539404 -0.149049163 18.243103027
-0.144169688 0.045228098 0.988518894 195.341674805 0.138391674 0.990059078 -0.025114959 -0.592651844 -0.979828000 0.133181959 -0.148995757 18.103637695
-0.143803477 0.046598461 0.988508642 196.274414062 0.139635265 0.989852369 -0.026348352 -0.606462002 -0.979705453 0.134241670 -0.148851037 17.960830688
-0.143630505 0.047539134 0.988489032 197.210281372 0.141371906 0.989586949 -0.027050184 -0.623568058 -0.979481757 0.135859340 -0.148855567 17.822967529
-0.144080639 0.046918813 0.988453090 198.189270020 0.140084684 0.989783168 -0.026562687 -0.646265030 -0.979600549 0.134639964 -0.149181247 17.703689575
-0.145169616 0.044276398 0.988415718 199.116928101 0.138903603 0.990016341 -0.023947200 -0.659688950 -0.979607999 0.133818090 -0.149870396 17.562591553
-0.145961285 0.043285463 0.988343060 200.054946899 0.139873713 0.989909172 -0.022697126 -0.673725605 -0.979352295 0.134930283 -0.150542974 17.404129028
-0.149197459 0.045265216 0.987770796 201.003173828 0.141711444 0.989618361 -0.023945143 -0.691732883 -0.978600025 0.136405870 -0.154063106 17.274444580
-0.151391625 0.050058428 0.987205565 201.929168701 0.141322106 0.989553213 -0.028505204 -0.708287716 -0.978319347 0.135198504 -0.156884432 17.128768921
-0.153264642 0.053029809 0.986761212 202.865142822 0.143379301 0.989185631 -0.030890293 -0.726866245 -0.977728069 0.136746749 -0.159210563 16.973831177
-0.155773044 0.053374954 0.986349761 203.776031494 0.144114047 0.989082813 -0.030763092 -0.749038696 -0.977223575 0.137354806 -0.161764503 16.836364746
-0.158817530 0.049802851 0.986050904 204.708221436 0.140904516 0.989646971 -0.027289772 -0.769083500 -0.977201462 0.134604946 -0.164190650 16.687026978
-0.161603451 0.048327606 0.985671759 205.636138916 0.132061765 0.990875602 -0.026930878 -0.792793751 -0.977979600 0.125817433 -0.166511178 16.545989990
-0.163973331 0.053194605 0.985029519 206.597763062 0.124641471 0.991659403 -0.032804154 -0.824621201 -0.978558779 0.117396519 -0.169235945 16.401870728
-0.166457534 0.063304551 0.984014511 207.520614624 0.119749092 0.991848469 -0.043551590 -0.847433329 -0.978750348 0.110585354 -0.172681212 16.246566772
-0.170190334 0.070225030 0.982905924 208.450225830 0.113905862 0.992173195 -0.051164351 -0.886296034 -0.978805900 0.103251062 -0.176857233 16.104492188
-0.173004985 0.070709765 0.982379436 209.374313354 0.108361483 0.992731094 -0.052371517 -0.923308015 -0.978941798 0.097391561 -0.179409623 15.948486328
-0.174939990 0.066013910 0.982363522 210.310607910 0.107589774 0.993056536 -0.047572806 -0.963964343 -0.978682935 0.097369887 -0.180827737 15.780761719
-0.176693201 0.062108174 0.982304513 211.269088745 0.110108957 0.992989898 -0.042977795 -1.010620594 -0.978087723 0.100566633 -0.182293296 15.612442017
-0.178291917 0.062103208 0.982015967 212.206909180 0.113412432 0.992651999 -0.042185020 -1.042865396 -0.977419972 0.103851557 -0.184025049 15.437561035
-0.179833174 0.061526962 0.981771111 213.143447876 0.114337243 0.992584765 -0.041261256 -1.077365756 -0.977029741 0.104832865 -0.185534477 15.265670776
-0.180862784 0.060836270 0.981625199 214.069061279 0.114363432 0.992615283 -0.040446147 -1.110641837 -0.976836801 0.104946814 -0.186484575 15.092300415
-0.181930065 0.059243932 0.981525183 215.002227783 0.114512131 0.992668092 -0.038691178 -1.142599821 -0.976620913 0.105357446 -0.187380314 14.919616699
-0.183139086 0.059503868 0.981284559 215.930740356 0.114225864 0.992693782 -0.038877502 -1.174287081 -0.976428449 0.104968078 -0.188597918 14.746734619
-0.184230804 0.059838243 0.981059849 216.862945557 0.114619114 0.992642879 -0.039020691 -1.204054356 -0.976176977 0.105259396 -0.189733982 14.572219849
-0.184711814 0.063158877 0.980761290 217.789184570 0.116382651 0.992316663 -0.041984089 -1.234485507 -0.975877464 0.106388636 -0.190643191 14.393463135
-0.184339643 0.063949883 0.980780125 218.713973999 0.119830057 0.991899133 -0.042152595 -1.266121149 -0.975530624 0.109756529 -0.190509439 14.201156616
-0.183403850 0.066361271 0.980795205 219.647384644 0.124337681 0.991271913 -0.043819599 -1.302216053 -0.975142658 0.113913111 -0.190054297 14.022598267
-0.181049347 0.065365553 0.981299400 220.575988770 0.128834054 0.990766764 -0.042226359 -1.337275028 -0.974998951 0.118779726 -0.187798977 13.837875366
-0.178153634 0.065898262 0.981793761 221.517944336 0.132270336 0.990303516 -0.042468041 -1.367386818 -0.975072384 0.122296341 -0.185142636 13.666290283
-0.174894929 0.064568788 0.982467771 222.443786621 0.133038849 0.990245938 -0.041396957 -1.394363642 -0.975557625 0.123466253 -0.181779146 13.495422363
-0.171621561 0.064979091 0.983017743 223.383697510 0.133699462 0.990126967 -0.042106915 -1.429877520 -0.976048470 0.124202482 -0.178614736 13.329635620
-0.167914510 0.064580902 0.983684063 224.312240601 0.132526249 0.990272582 -0.042391289 -1.458271742 -0.976853013 0.123245843 -0.174839854 13.169677734
-0.164181828 0.064431906 0.984323442 225.249862671 0.131094769 0.990438342 -0.042966001 -1.496831417 -0.977680027 0.121985428 -0.171058655 13.023040771
-0.159886360 0.064142898 0.985049307 226.192230225 0.130412370 0.990512490 -0.043331008 -1.540875673 -0.978483021 0.121534571 -0.166734457 12.868988037
-0.155299544 0.064458840 0.985762239 227.124694824 0.129858896 0.990541756 -0.044313081 -1.573796511 -0.979295075 0.121128194 -0.162201166 12.715087891
-0.151792765 0.063360877 0.986379683 228.063842773 0.129210651 0.990651548 -0.043751251 -1.611027718 -0.979930639 0.120809622 -0.158560634 12.584106445
-0.147349715 0.062328730 0.987118661 229.018768311 0.129532635 0.990633011 -0.043214977 -1.649202824 -0.980565846 0.121496364 -0.154043078 12.435333252
-0.143260717 0.060324781 0.987844825 229.970672607 0.127703890 0.990922987 -0.041992698 -1.677689552 -0.981411338 0.120135717 -0.149664044 12.297729492
-0.139847159 0.058101915 0.988467157 230.912658691 0.126257330 0.991174579 -0.040398356 -1.714895725 -0.982090771 0.119151622 -0.145948648 12.164215088
-0.136973143 0.057373274 0.988911867 231.869567871 0.126100630 0.991209030 -0.040040474 -1.750016212 -0.982515633 0.119217925 -0.143003821 12.027038574
-0.134614110 0.059115417 0.989133239 232.826507568 0.124722473 0.991290808 -0.042270519 -1.785530567 -0.983017504 0.117676929 -0.140814662 11.893066406
-0.132716298 0.061379790 0.989251792 233.782165527 0.124673605 0.991187036 -0.044773892 -1.818181515 -0.983281791 0.117391355 -0.139199138 11.759124756
-0.130976200 0.064449772 0.989288449 234.731964111 0.125436723 0.990942180 -0.047950409 -1.854653120 -0.983418047 0.117812730 -0.137874246 11.641754150
-0.129490256 0.063371852 0.989553690 235.690841675 0.127086282 0.990786016 -0.046820637 -1.888779163 -0.983403087 0.119695880 -0.136350870 11.509948730
-0.128026962 0.063640982 0.989726722 236.652496338 0.129344732 0.990487158 -0.046958387 -1.931193352 -0.983300149 0.122003995 -0.135040641 11.382659912
-0.126397491 0.064294592 0.989893913 237.617614746 0.129912466 0.990375638 -0.047737632 -1.975653648 -0.983436108 0.122565635 -0.133533716 11.252868652
-0.124607086 0.065817460 0.990020931 238.577087402 0.130630538 0.990200222 -0.049387850 -2.013197899 -0.983569562 0.123172887 -0.131983757 11.128295898
-0.122160912 0.066001579 0.990313411 239.550506592 0.129830733 0.990275502 -0.049983691 -2.048595905 -0.983982086 0.122467056 -0.129541993 11.005065918
-0.120579839 0.064126156 0.990630269 240.513885498 0.127679348 0.990624785 -0.048584629 -2.094944477 -0.984458447 0.120624706 -0.127636909 10.893585205
-0.118470669 0.061806627 0.991032124 241.476531982 0.126828298 0.990827918 -0.046632499 -2.136013985 -0.984824479 0.120166332 -0.125222802 10.778930664
-0.116152763 0.061513267 0.991324782 242.437744141 0.127028629 0.990803957 -0.046597108 -2.173919678 -0.985074818 0.120514229 -0.122898579 10.664978027
-0.114115357 0.064389244 0.991378844 243.407196045 0.128043592 0.990527689 -0.049595192 -2.217674732 -0.985181630 0.121280126 -0.121279001 10.551208496
-0.112777948 0.066395141 0.991399527 244.369384766 0.127916276 0.990432382 -0.051779110 -2.259551048 -0.985352099 0.120976597 -0.120191932 10.437683105
-0.111881018 0.069281526 0.991303563 245.334960938 0.127643973 0.990304708 -0.054805499 -2.308412552 -0.985489547 0.120402232 -0.119639635 10.328796387
-0.110985279 0.069591865 0.991382480 246.324081421 0.125947431 0.990487158 -0.055429209 -2.349575281 -0.985809088 0.118710257 -0.118694425 10.217712402
-0.110394835 0.068508491 0.991523981 247.297241211 0.126285836 0.990502417 -0.054377448 -2.395266056 -0.985832214 0.119212441 -0.117998004 10.111206055
-0.108863711 0.065447479 0.991899908 248.275909424 0.126752213 0.990599215 -0.051450260 -2.439262390 -0.985942543 0.120124444 -0.116135955 9.993804932
-0.107298613 0.064509600 0.992131948 249.268280029 0.128186047 0.990461648 -0.050537761 -2.484980583 -0.985928833 0.121754833 -0.114544392 9.885070801
-0.105521321 0.063518375 0.992386341 250.254211426 0.130454734 0.990217388 -0.049508180 -2.524191856 -0.985822916 0.124237336 -0.112775326 9.778106689
-0.102953672 0.063853808 0.992634535 251.246337891 0.131945744 0.989995182 -0.049998935 -2.565302372 -0.985895991 0.125826329 -0.110348821 9.672546387
-0.100944042 0.062074572 0.992953658 252.238281250 0.131424129 0.990137219 -0.048537880 -2.608710766 -0.986173391 0.125598475 -0.108106494 9.571258545
-0.098159671 0.065596744 0.993006408 253.217666626 0.131089777 0.989982665 -0.052438650 -2.651968956 -0.986498952 0.125025630 -0.105775476 9.470794678
-0.095351100 0.067802519 0.993131936 254.232315063 0.131694391 0.989767373 -0.054928768 -2.696303844 -0.986693859 0.125552386 -0.103304625 9.361450195
-0.093550801 0.069686510 0.993172824 255.243515015 0.129765719 0.989891529 -0.057233170 -2.743259907 -0.987121761 0.123525575 -0.101647973 9.275390625
-0.091055274 0.067975998 0.993523180 256.249511719 0.127803534 0.990215182 -0.056036629 -2.790872097 -0.987610877 0.121873342 -0.098851919 9.181182861
-0.088987470 0.067354843 0.993752956 257.255645752 0.127171427 0.990313649 -0.055733971 -2.840849876 -0.987881064 0.121417344 -0.096691132 9.088592529
-0.086836219 0.066335611 0.994011760 258.266754150 0.126034036 0.990495026 -0.055090699 -2.893701553 -0.988218188 0.120495439 -0.094371319 8.995147705
-0.085901022 0.067434922 0.994019032 259.306976318 0.123907164 0.990683913 -0.056500897 -2.942291260 -0.988568783 0.118312582 -0.093456388 8.910125732
-0.086017728 0.068314075 0.993948877 260.319488525 0.123196617 0.990719080 -0.057430509 -2.993570805 -0.988647461 0.117511094 -0.093635440 8.820007324
-0.085250020 0.069768831 0.993913889 261.324218750 0.122420609 0.990720451 -0.059044398 -3.043919563 -0.988810241 0.116642006 -0.093000054 8.721038818
-0.085263133 0.070187561 0.993883431 262.368225098 0.122613199 0.990672827 -0.059442140 -3.096324444 -0.988785386 0.116794996 -0.093073726 8.635498047
-0.084780335 0.069843985 0.993948758 263.399261475 0.122091435 0.990751445 -0.059205346 -3.146010876 -0.988891304 0.116333187 -0.092523575 8.545593262
-0.084811926 0.069845170 0.993946075 264.421630859 0.122115657 0.990748763 -0.059200570 -3.196704865 -0.988885701 0.116355456 -0.092556477 8.460052490
-0.084501505 0.070550114 0.993922591 265.458648682 0.121263191 0.990804195 -0.060019176 -3.255620480 -0.989017010 0.115454517 -0.092279673 8.372711182
-0.083741069 0.071193211 0.993941307 266.490966797 0.123395436 0.990508497 -0.060551107 -3.306548595 -0.988818169 0.117577195 -0.091731191 8.284545898
-0.083225012 0.074076965 0.993773818 267.497192383 0.123512492 0.990310848 -0.063475117 -3.365350246 -0.988847017 0.117460750 -0.091568112 8.191345215
-0.083113313 0.073332682 0.993838251 268.530731201 0.125757068 0.990087867 -0.062539063 -3.421648502 -0.988573372 0.119784355 -0.091511607 8.098815918
-0.082882166 0.070611842 0.994054735 269.554534912 0.130348310 0.989685297 -0.059433330 -3.476956844 -0.987998068 0.124647379 -0.091231346 8.008850098
-0.082756877 0.069298215 0.994157612 270.567443848 0.128669456 0.989972591 -0.058295671 -3.534609795 -0.988228559 0.123093352 -0.090843558 7.924316406
-0.082650661 0.074169047 0.993814945 271.561126709 0.130709544 0.989418864 -0.062970534 -3.590661526 -0.987969756 0.124696538 -0.091470718 7.835540771
-0.081920147 0.080074541 0.993416846 272.574890137 0.132100478 0.988844931 -0.068812609 -3.648791790 -0.987845361 0.125593707 -0.091584206 7.737640381
-0.081968069 0.081399135 0.993305266 273.579376221 0.130223602 0.988989294 -0.070299327 -3.711059093 -0.988090575 0.123589501 -0.091665626 7.646972656
-0.081758380 0.078533679 0.993553221 274.582519531 0.127646476 0.989505827 -0.067709856 -3.774564028 -0.988444209 0.121287711 -0.090924978 7.561614990
-0.081376433 0.078460656 0.993590355 275.591278076 0.127124652 0.989571512 -0.067731604 -3.839570522 -0.988542974 0.120798066 -0.090502024 7.476776123
-0.081157088 0.079857655 0.993497014 276.582550049 0.125090465 0.989719629 -0.069335602 -3.898725271 -0.988820493 0.118649922 -0.090312123 7.391387939
-0.081187129 0.081688717 0.993345737 277.584259033 0.125391796 0.989554286 -0.071128540 -3.965233088 -0.988779902 0.118782684 -0.090582132 7.302856445
-0.082683325 0.081869952 0.993207335 278.574615479 0.121671043 0.989993572 -0.071476094 -4.028135777 -0.989120662 0.114934698 -0.091817141 7.219482422
-0.085840344 0.081639290 0.992958665 279.561157227 0.120555967 0.990165114 -0.070987701 -4.091914177 -0.988988459 0.113613479 -0.094838142 7.136535645
-0.087624550 0.082721472 0.992713153 280.591979980 0.121838644 0.989954114 -0.071737185 -4.158506393 -0.988674700 0.114664882 -0.096822858 7.032623291
-0.090765595 0.085064352 0.992232740 281.587707520 0.122699112 0.989709258 -0.073623993 -4.225625992 -0.988284767 0.115063548 -0.100268841 6.938232422
-0.092439890 0.086793311 0.991928339 282.591217041 0.124211006 0.989417434 -0.074998133 -4.287656784 -0.987940550 0.116275601 -0.102242351 6.831787109
-0.093671322 0.086487889 0.991839528 283.599670410 0.125873655 0.989254355 -0.074374720 -4.357069969 -0.987614095 0.117879681 -0.103551269 6.727050781
-0.094437242 0.086098023 0.991800785 284.619995117 0.126145944 0.989257812 -0.073865913 -4.424526215 -0.987506390 0.118135944 -0.104283690 6.629486084
-0.094606638 0.086240850 0.991772175 285.612396240 0.127408430 0.989096880 -0.073854528 -4.489896774 -0.987327993 0.119373016 -0.104562998 6.529479980
-0.093770862 0.087477177 0.991743326 286.601623535 0.126996577 0.989046037 -0.075231560 -4.551964760 -0.987460852 0.118893482 -0.103852987 6.431640625
-0.092673302 0.088336758 0.991770387 287.603942871 0.126557916 0.989023030 -0.076266214 -4.626178265 -0.987620890 0.118448548 -0.102835774 6.329589844
-0.092377067 0.089578234 0.991686642 288.584960938 0.125975177 0.988993645 -0.077600211 -4.694589615 -0.987723053 0.117759407 -0.102645040 6.230468750
-0.091631055 0.091023557 0.991624177 289.594665527 0.124131866 0.989090264 -0.079320565 -4.761781693 -0.988025844 0.115823939 -0.101930261 6.142852783
-0.090999484 0.092255980 0.991568565 290.580718994 0.123048186 0.989111245 -0.080734842 -4.832932949 -0.988219857 0.114663877 -0.101360559 6.046020508
-0.090073824 0.093642250 0.991523147 291.564941406 0.122994229 0.988994777 -0.082230210 -4.905971527 -0.988311410 0.114544831 -0.100600004 5.943817139
-0.089862585 0.095763788 0.991339564 292.574890137 0.122948721 0.988819718 -0.084375367 -4.983465195 -0.988336205 0.114301741 -0.100631833 5.851654053
-0.089261293 0.096078366 0.991363406 293.559356689 0.122794226 0.988804817 -0.084774151 -5.057720661 -0.988409877 0.114166655 -0.100059867 5.752197266
-0.088639379 0.096590996 0.991369367 294.570587158 0.122280449 0.988813877 -0.085408777 -5.134799480 -0.988529503 0.113654502 -0.099459052 5.660400391
-0.088331223 0.095670819 0.991486311 295.563934326 0.121524677 0.988976359 -0.084602058 -5.211353302 -0.988650441 0.113017038 -0.098983884 5.565734863
-0.087975860 0.095834300 0.991501987 296.540985107 0.120613411 0.989062667 -0.084896527 -5.288084984 -0.988793612 0.112119593 -0.098572493 5.473968506
-0.087549448 0.095240489 0.991596878 297.555358887 0.120035827 0.989174604 -0.084409706 -5.371992588 -0.988901615 0.111637130 -0.098033905 5.382324219
-0.087127686 0.095775843 0.991582632 298.536499023 0.120500743 0.989072204 -0.084945321 -5.450521946 -0.988882542 0.112085342 -0.097716689 5.288696289
-0.086839437 0.094733730 0.991707981 299.513244629 0.118674353 0.989363730 -0.084118053 -5.526405811 -0.989128709 0.110385537 -0.097158194 5.201232910
-0.086561918 0.093563929 0.991843104 300.521728516 0.116495296 0.989700675 -0.083194837 -5.610541821 -0.989411831 0.108343564 -0.096570134 5.115020752
-0.084548473 0.091545738 0.992205203 301.486999512 0.117951788 0.989688694 -0.081262596 -5.686037540 -0.989413559 0.110161744 -0.094474673 5.023284912
-0.082302213 0.095061705 0.992063463 302.474700928 0.120912492 0.989039481 -0.084740989 -5.764541626 -0.989245594 0.112978488 -0.092894316 4.927551270
-0.080073833 0.097509235 0.992008090 303.435913086 0.125697479 0.988247097 -0.086993366 -5.833746433 -0.988831758 0.117727019 -0.091389418 4.839294434
-0.078118205 0.102682658 0.991641998 304.381195068 0.126598075 0.987650871 -0.092296429 -5.918514729 -0.988873363 0.118329950 -0.090152860 4.752014160
-0.077268362 0.105777331 0.991383433 305.341003418 0.126933694 0.987308085 -0.095449336 -5.997971058 -0.988897264 0.118464746 -0.089714408 4.667327881
-0.075712562 0.107317008 0.991338015 306.272583008 0.128498226 0.986951709 -0.097028270 -6.080496311 -0.988815546 0.120038912 -0.088514686 4.577758789
-0.075039387 0.103242025 0.991821647 307.238006592 0.127927661 0.987403810 -0.093103386 -6.170733452 -0.988940656 0.119895004 -0.087301731 4.498260498
-0.074977160 0.100758135 0.992081702 308.167053223 0.125023499 0.987981558 -0.090892978 -6.250653267 -0.989316642 0.117218629 -0.086673260 4.421051025
-0.074789166 0.097714253 0.992400348 309.132171631 0.121673875 0.988645852 -0.088175006 -6.334136009 -0.989748478 0.114154667 -0.085829258 4.349700928
-0.074228406 0.098011054 0.992413282 310.055938721 0.117859744 0.989046216 -0.088863112 -6.420299530 -0.990252197 0.110369399 -0.084966898 4.271026611
-0.073837161 0.100268766 0.992216885 310.983398438 0.115639597 0.989082038 -0.091346510 -6.496387959 -0.990543127 0.107994802 -0.084626079 4.204254150
-0.073712230 0.101366960 0.992114604 311.910034180 0.116497569 0.988885224 -0.092381477 -6.580304146 -0.990451872 0.108769305 -0.084701896 4.132781982
-0.073251009 0.099942259 0.992293298 312.823089600 0.116506107 0.989011288 -0.091011234 -6.656765461 -0.990485132 0.108941562 -0.084089994 4.045684814
-0.073189855 0.098065123 0.992485106 313.742340088 0.117094114 0.989116073 -0.089097261 -6.733232975 -0.990420282 0.109693140 -0.083876133 3.958068848
-0.073765039 0.098418146 0.992407441 314.635711670 0.118532926 0.988929749 -0.089262776 -6.809675217 -0.990206361 0.111048490 -0.084614277 3.896423340
-0.073708177 0.097703367 0.992482424 315.557128906 0.119999126 0.988827586 -0.088431686 -6.883209705 -0.990034103 0.112578876 -0.084609032 3.810913086
-0.074018002 0.095339470 0.992689133 316.444458008 0.121428259 0.988874674 -0.085919052 -6.950173378 -0.989836633 0.114180960 -0.084771395 3.736297607
-0.073745728 0.093943909 0.992842495 317.341918945 0.121991485 0.988926589 -0.084512189 -7.027752876 -0.989787757 0.114885919 -0.084389448 3.649566650
-0.073912740 0.096464276 0.992588282 318.205780029 0.120256513 0.988909960 -0.087151930 -7.092020512 -0.989987493 0.112923563 -0.084693551 3.589141846
-0.073310733 0.098084241 0.992474258 319.091613770 0.120550379 0.988726735 -0.088809237 -7.160214424 -0.989996612 0.113132477 -0.084308386 3.517486572
-0.072490931 0.094632544 0.992869556 319.973876953 0.123530008 0.988675356 -0.085213691 -7.227079391 -0.989689648 0.116471961 -0.083359957 3.441802979
-0.070545435 0.089189984 0.993513286 320.846038818 0.126281947 0.988779604 -0.079798274 -7.290761948 -0.989482939 0.119833387 -0.081017017 3.368774414
-0.068292379 0.085763089 0.993972421 321.739166260 0.125452384 0.989128351 -0.076725766 -7.365985394 -0.989746511 0.119456418 -0.078309059 3.318389893
-0.064842463 0.086751282 0.994117677 322.589874268 0.124333173 0.989153564 -0.078208342 -7.428146362 -0.990119696 0.118530579 -0.074925184 3.253570557
-0.060934305 0.091507062 0.993938506 323.428558350 0.125550330 0.988582492 -0.083317019 -7.493040085 -0.990214348 0.119712442 -0.071727395 3.188598633
-0.056915641 0.091917306 0.994138777 324.279418945 0.125777170 0.988479435 -0.084193163 -7.567886353 -0.990424514 0.120248049 -0.067821026 3.147338867
-0.052442670 0.086546816 0.994866669 325.103027344 0.123631172 0.989136040 -0.079531312 -7.633043766 -0.990941644 0.118825689 -0.062572837 3.093505859
-0.048483491 0.078510940 0.995733619 325.917938232 0.120151401 0.990125299 -0.072218433 -7.695721149 -0.991571009 0.116137393 -0.057437897 3.055633545
-0.044277191 0.072461508 0.996388018 326.726409912 0.117853634 0.990780532 -0.066816591 -7.757214546 -0.992043436 0.114469491 -0.052408814 3.027618408
-0.039634585 0.068453923 0.996866763 327.510986328 0.116421580 0.991172075 -0.063434057 -7.805099010 -0.992408812 0.113542616 -0.047254205 2.987213135
-0.036324739 0.065528415 0.997189343 328.285888672 0.114274703 0.991574824 -0.060996771 -7.857986450 -0.992784858 0.111737818 -0.043506980 2.966522217
-0.033647656 0.062561452 0.997473836 329.043212891 0.112982497 0.991879284 -0.058399353 -7.902682304 -0.993027151 0.110732079 -0.040442824 2.942657471
-0.032169938 0.059567969 0.997705758 329.816772461 0.110444471 0.992321074 -0.055685330 -7.950564861 -0.993361533 0.108399697 -0.038501859 2.926086426
-0.031576872 0.055984888 0.997932255 330.552429199 0.108640298 0.992706776 -0.052254118 -7.988444805 -0.993579566 0.106765628 -0.037428856 2.900024414
-0.032395840 0.052832581 0.998077869 331.270446777 0.105650388 0.993188202 -0.049144540 -8.030265808 -0.993875623 0.103855230 -0.037756920 2.877014160
-0.035207391 0.050214406 0.998117864 331.998992920 0.104881980 0.993407309 -0.046277869 -8.068980217 -0.993861437 0.103055246 -0.040241838 2.858306885
-0.038905621 0.048929606 0.998044312 332.691925049 0.104239583 0.993549645 -0.044645820 -8.095430374 -0.993791044 0.102298744 -0.043755054 2.822540283
-0.044627547 0.049310897 0.997786105 333.387695312 0.104323015 0.993550301 -0.044435576 -8.132117271 -0.993541837 0.102109000 -0.049483895 2.793884277
-0.050851941 0.048799932 0.997513235 334.051208496 0.104190499 0.993614435 -0.043297697 -8.157829285 -0.993256450 0.101729624 -0.055611730 2.754547119
-0.058082461 0.049086552 0.997104466 334.728942871 0.106353715 0.993410707 -0.042709514 -8.180555344 -0.992630661 0.103565082 -0.062920332 2.711517334
-0.066144586 0.048098639 0.996650219 335.387329102 0.107936159 0.993321300 -0.040774610 -8.210807800 -0.991955101 0.104877569 -0.070894480 2.657714844
-0.074522376 0.046219785 0.996147752 336.028259277 0.109694727 0.993243337 -0.037878722 -8.229985237 -0.991167843 0.106449343 -0.079088926 2.602966309
-0.083114862 0.043469638 0.995591521 336.666229248 0.110986575 0.993236661 -0.034101360 -8.255969048 -0.990340412 0.107662961 -0.087377191 2.544738770
-0.091251969 0.041333478 0.994969606 337.293395996 0.111894295 0.993236482 -0.030999281 -8.276929855 -0.989521444 0.108502686 -0.095259786 2.480651855
-0.099543214 0.040153462 0.994222760 337.905822754 0.111524858 0.993339837 -0.028951760 -8.295608521 -0.988763571 0.107998602 -0.103358388 2.419342041
-0.107456565 0.039078288 0.993441522 338.512573242 0.111729406 0.993372083 -0.026990248 -8.308347702 -0.987911820 0.108096354 -0.111110449 2.346343994
-0.115072012 0.038183153 0.992623031 339.111938477 0.111766890 0.993413448 -0.025256729 -8.323663712 -0.987049401 0.108036049 -0.118581772 2.269012451
-0.122743249 0.039011691 0.991671443 339.680664062 0.110800058 0.993518829 -0.025370196 -8.337641716 -0.986234009 0.106763229 -0.126270175 2.197753906
-0.130189180 0.039701845 0.990694106 340.251525879 0.108695783 0.993746936 -0.025540274 -8.347791672 -0.985513210 0.104359195 -0.133690476 2.116882324
-0.137477398 0.038912054 0.989740252 340.798736572 0.104086444 0.994263172 -0.024632005 -8.370596886 -0.985020757 0.099632204 -0.140738964 2.048370361
-0.143333197 0.038641177 0.988919854 341.367980957 0.098785706 0.994805753 -0.024553239 -8.386767387 -0.984731913 0.094171844 -0.146405935 1.974090576
-0.148513198 0.038554613 0.988158703 341.870239258 0.096357562 0.995049119 -0.024341613 -8.393240929 -0.984204888 0.091601506 -0.151492953 1.905242920
-0.152163863 0.036152348 0.987693965 342.398254395 0.094692528 0.995266914 -0.021841248 -8.409370422 -0.983808756 0.090203784 -0.154867053 1.825866699
-0.155177116 0.032579780 0.987349451 342.891540527 0.092282273 0.995563865 -0.018347276 -8.418470383 -0.983567178 0.088267766 -0.157495260 1.760894775
-0.156240582 0.029372448 0.987282395 343.390930176 0.089264177 0.995887339 -0.015502132 -8.422829628 -0.983677328 0.085706875 -0.158219934 1.672149658
-0.158067584 0.026420893 0.987074792 343.875244141 0.085393041 0.996262610 -0.012992200 -8.439074516 -0.983729005 0.082235672 -0.159733057 1.608886719
-0.158617139 0.023053158 0.987071157 344.335388184 0.081094608 0.996653736 -0.010245501 -8.449242592 -0.984004319 0.078421026 -0.159955859 1.547973633
-0.156785369 0.020062024 0.987429082 344.792480469 0.079692692 0.996790528 -0.007598523 -8.461845398 -0.984412372 0.077499531 -0.157881021 1.478027344
-0.152709126 0.018530864 0.988097429 345.252685547 0.079228029 0.996835649 -0.006450159 -8.459486008 -0.985090315 0.077300012 -0.153694034 1.408508301
-0.147039175 0.018065721 0.988965809 345.689392090 0.079486884 0.996815443 -0.006391028 -8.462457657 -0.985931814 0.077670068 -0.148006916 1.343780518
-0.139095068 0.018011052 0.990115345 346.124877930 0.079937592 0.996775985 -0.006902298 -8.463031769 -0.987047493 0.078187361 -0.140086293 1.287597656
-0.129610181 0.017587198 0.991409123 346.543945312 0.080287963 0.996745825 -0.007185577 -8.469260216 -0.988309264 0.078666896 -0.130600452 1.238189697
-0.120691657 0.016771285 0.992548347 346.966217041 0.079200894 0.996832550 -0.007213024 -8.478139877 -0.989525497 0.077740170 -0.121637702 1.199584961
-0.111929655 0.015762463 0.993591130 347.371398926 0.076630428 0.997033656 -0.007184533 -8.478989601 -0.990757048 0.075335152 -0.112805486 1.165039062
-0.103465796 0.016077165 0.994503200 347.770172119 0.075121351 0.997139812 -0.008304349 -8.481706619 -0.991792262 0.073849201 -0.104377627 1.133117676
-0.095326781 0.016855711 0.995303333 348.176269531 0.074787803 0.997152030 -0.009724094 -8.484270096 -0.992632687 0.073509581 -0.096315980 1.107543945
-0.088093042 0.015675485 0.995989084 348.578704834 0.073979169 0.997217774 -0.009151542 -8.485082626 -0.993361473 0.072876245 -0.089007616 1.081848145
-0.080965638 0.012591855 0.996637404 348.977600098 0.073348545 0.997284234 -0.006641282 -8.489990234 -0.994014382 0.072564185 -0.081669331 1.061798096
-0.073327661 0.009165512 0.997265875 349.371734619 0.074475758 0.997215986 -0.003688956 -8.496932030 -0.994523346 0.074001618 -0.073806167 1.046630859
-0.063025951 0.006870836 0.997988343 349.755004883 0.076324068 0.997080982 -0.002044504 -8.494009018 -0.995089233 0.076041669 -0.063366413 1.030090332
-0.048744321 0.005260222 0.998797536 350.139282227 0.077784084 0.996969163 -0.001454504 -8.495986938 -0.995778024 0.077619642 -0.049005747 1.017028809
-0.032082081 0.005696697 0.999468982 350.514038086 0.080557533 0.996745169 -0.003095347 -8.502073288 -0.996233523 0.080415450 -0.032436609 1.021789551
-0.012349010 0.006477610 0.999902785 350.889923096 0.081757650 0.996637344 -0.005446737 -8.507675171 -0.996575773 0.081682444 -0.012837052 1.034240723
0.010416269 0.006288217 0.999926090 351.260131836 0.083260939 0.996502221 -0.007134030 -8.507614136 -0.996473491 0.083329082 0.009856284 1.050292969
0.034878850 0.005498530 0.999376416 351.633941650 0.083926447 0.996436477 -0.008411441 -8.511816978 -0.995861351 0.084167495 0.034293056 1.084503174
0.062165320 0.005008164 0.998053312 351.989562988 0.085398011 0.996293485 -0.010318486 -8.514683723 -0.994405687 0.085873216 0.061507225 1.129302979
0.092485309 0.004697675 0.995703042 352.358001709 0.087361194 0.996094286 -0.012814020 -8.521782875 -0.991874278 0.088170908 0.091713727 1.183410645
0.124128938 0.004742784 0.992254734 352.727386475 0.088267393 0.995971441 -0.015802611 -8.530481339 -0.988332331 0.089545302 0.123210251 1.255706787
0.157808721 0.005148190 0.987456381 353.097564697 0.087835096 0.995949388 -0.019229693 -8.532505989 -0.983555555 0.089767925 0.156717300 1.344665527
0.193005979 0.004748389 0.981186152 353.482727051 0.086838417 0.995981634 -0.021901704 -8.538674355 -0.977347374 0.089431807 0.191818118 1.452453613
0.230240703 0.003562616 0.973127306 353.876495361 0.084808223 0.996115088 -0.023712309 -8.550087929 -0.969431281 0.087988727 0.229044080 1.575927734
0.268258274 0.002423600 0.963343978 354.269958496 0.083074160 0.996213496 -0.025639601 -8.555284500 -0.959758401 0.086907029 0.267041206 1.720443726
0.307280421 0.001597485 0.951617658 354.696289062 0.080183655 0.996398926 -0.027564218 -8.559942245 -0.948234856 0.084774129 0.306045771 1.887008667
0.347127199 -0.001162378 0.937817395 355.107269287 0.079162948 0.996466517 -0.028066602 -8.579253197 -0.934471011 0.083983064 0.345992684 2.058303833
0.386998713 -0.004799128 0.922067821 355.533691406 0.079392202 0.996446311 -0.028135255 -8.594674110 -0.918656111 0.084093295 0.386004448 2.274993896
0.427532077 -0.006660470 0.903975725 355.970764160 0.077008061 0.996606350 -0.029077731 -8.601584435 -0.900714338 0.082045071 0.426594138 2.503890991
0.468306482 -0.004462683 0.883554876 356.376159668 0.069497094 0.997075200 -0.031799167 -8.621030807 -0.880828738 0.076296248 0.467246950 2.756378174
0.508960545 -0.002911441 0.860784948 356.797393799 0.064922512 0.997275829 -0.035013963 -8.632551193 -0.858338058 0.073705047 0.507763088 3.027328491
0.548494518 -0.003822414 0.836145461 357.213378906 0.061840951 0.997436345 -0.036006670 -8.646549225 -0.833864212 0.071457490 0.547324777 3.332778931
0.586117864 -0.006623309 0.810198784 357.618164062 0.060046203 0.997571826 -0.035283849 -8.663512230 -0.807997763 0.069329850 0.585092366 3.662979126
0.620713592 -0.007971914 0.783996940 358.028991699 0.056453530 0.997807264 -0.034549933 -8.677980423 -0.782002389 0.065705001 0.619802535 4.024429321
0.649956942 -0.006710896 0.759941399 358.403503418 0.049152143 0.998238564 -0.033223219 -8.696239471 -0.758379877 0.058946412 0.649141908 4.414855957
0.677207708 -0.005837743 0.735768795 358.807708740 0.042945471 0.998577416 -0.031604446 -8.716086388 -0.734537601 0.053000711 0.676494956 4.822540283
0.701175332 -0.008685311 0.712935984 359.187683105 0.042782441 0.998636544 -0.029910862 -8.736503601 -0.711704135 0.051473901 0.700590968 5.232292175
0.721469283 -0.010777421 0.692362607 359.558898926 0.042469971 0.998685181 -0.028709717 -8.753078461 -0.691142857 0.050117794 0.720978379 5.655616760
0.739370704 -0.010717751 0.673213303 359.921691895 0.041525908 0.998695672 -0.029707177 -8.766768456 -0.672016799 0.049920410 0.738851368 6.086502075
0.756060958 -0.010643152 0.654414713 360.276672363 0.039788689 0.998765886 -0.029725278 -8.782377243 -0.653290689 0.048512422 0.755551338 6.537322998
0.772649169 -0.012592200 0.634708405 360.650604248 0.040502086 0.998744190 -0.029489946 -8.800659180 -0.633539975 0.048492394 0.772188842 7.002700806
0.787765026 -0.015803615 0.615773082 360.999572754 0.043016694 0.998641610 -0.029401904 -8.811644554 -0.614471972 0.049650315 0.787374735 7.470611572
0.801246881 -0.018900175 0.598035276 361.339294434 0.044159945 0.998643041 -0.027604550 -8.821638107 -0.596702039 0.048527267 0.800994277 7.958847046
0.812713742 -0.021020712 0.582283914 361.670684814 0.043730844 0.998730958 -0.024982013 -8.838718414 -0.581019819 0.045766987 0.812601626 8.457321167
0.823332787 -0.025362151 0.566991925 362.019256592 0.045742832 0.998716474 -0.021749832 -8.853889465 -0.565712512 0.043843165 0.823436141 8.972496033
0.832249343 -0.028498238 0.553668618 362.354064941 0.047406156 0.998678327 -0.019855140 -8.864568710 -0.552371025 0.042771723 0.832500339 9.491428375
0.839195788 -0.031629525 0.542908907 362.685424805 0.049054507 0.998640239 -0.017645353 -8.874897003 -0.541612506 0.041440032 0.839606225 10.021202087
0.844320118 -0.036180619 0.534616232 363.025146484 0.052130342 0.998531282 -0.014753039 -8.887630463 -0.533297300 0.040326014 0.844966173 10.572523117
0.847783923 -0.040302530 0.528808177 363.361938477 0.054406554 0.998456836 -0.011128168 -8.894314766 -0.527543604 0.038204912 0.848668396 11.122655869
0.849947870 -0.043084376 0.525102258 363.702728271 0.055593021 0.998420954 -0.008064766 -8.898774147 -0.523925602 0.036046647 0.851000965 11.687101364
0.850981891 -0.047016490 0.523086250 364.051452637 0.058241785 0.998289883 -0.005021390 -8.903896332 -0.521955609 0.034738589 0.852264941 12.259868622
0.851501822 -0.051215958 0.521844447 364.417755127 0.062186547 0.998058319 -0.003517224 -8.907766342 -0.520651042 0.035446625 0.853033423 12.841756821
0.851226091 -0.056834910 0.521712542 364.774047852 0.068312548 0.997660100 -0.002774525 -8.908618927 -0.520334125 0.038001258 0.853116870 13.419672012
0.850776553 -0.061592802 0.521905720 365.140319824 0.074037507 0.997250915 -0.003000341 -8.907230377 -0.520286143 0.041193221 0.852997899 14.008420944
0.850342393 -0.068430036 0.521761656 365.514892578 0.081092395 0.996705532 -0.001440694 -8.907686234 -0.519944131 0.043535981 0.853090107 14.604793549
0.850296140 -0.072604984 0.521272480 365.905761719 0.085120566 0.996370673 -0.000069480 -8.905395508 -0.519375563 0.044430081 0.853390336 15.229188919
0.850054324 -0.075108863 0.521312118 366.286010742 0.090339348 0.995903730 -0.003821428 -8.909538269 -0.518889606 0.050343413 0.853357553 15.838031769
0.850098431 -0.074913166 0.521268368 366.663940430 0.092306472 0.995702863 -0.007440186 -8.912343979 -0.518471003 0.054441337 0.853360415 16.455959320
0.850007832 -0.073966756 0.521551192 367.059844971 0.095202379 0.995359540 -0.013995270 -8.913400650 -0.518095791 0.061548997 0.853105247 17.089754105
0.849892735 -0.072286852 0.521974087 367.445922852 0.096426129 0.995155215 -0.019187229 -8.918820381 -0.518058240 0.066639021 0.852745533 17.737630844
0.849852264 -0.071550228 0.522141457 367.838623047 0.096451595 0.995123982 -0.020623246 -8.928303719 -0.518119931 0.067888089 0.852609515 18.380531311
0.849670768 -0.071532957 0.522439122 368.242156982 0.097083263 0.995040774 -0.021649625 -8.943045616 -0.518299580 0.069115140 0.852401733 19.036157608
0.849634409 -0.071585760 0.522491038 368.668579102 0.096489049 0.995121598 -0.020562802 -8.956480980 -0.518470109 0.067885526 0.852396786 19.727020264
0.849279046 -0.073251389 0.522837758 369.074890137 0.097250141 0.995087028 -0.018554535 -8.965997696 -0.518909931 0.066604018 0.852230251 20.412719727
0.848812044 -0.075875454 0.523221791 369.499084473 0.099197380 0.994928539 -0.016645495 -8.975654602 -0.519305348 0.066031121 0.852033973 21.092821121
0.848687112 -0.076197356 0.523377597 369.924865723 0.099662706 0.994880021 -0.016766537 -8.986341476 -0.519420385 0.066390775 0.851935863 21.784217834
0.848672390 -0.076159678 0.523407042 370.352905273 0.100454152 0.994776428 -0.018132744 -9.003369331 -0.519292057 0.067967169 0.851889849 22.484027863
0.848619878 -0.075675100 0.523562372 370.785583496 0.101786315 0.994579792 -0.021225678 -9.011610031 -0.519118309 0.071304016 0.851722896 23.208902359
0.848672032 -0.075829856 0.523455441 371.225433350 0.102761224 0.994450510 -0.022545459 -9.023154259 -0.518840909 0.072924621 0.851754725 23.920581818
0.848734438 -0.076860763 0.523203850 371.665924072 0.104302786 0.994276464 -0.023135386 -9.036284447 -0.518431067 0.074207418 0.851893485 24.638687134
0.848825216 -0.077563986 0.522952795 372.108306885 0.104459807 0.994283974 -0.022081330 -9.051188469 -0.518250883 0.073370732 0.852075577 25.369132996
0.849101305 -0.078616440 0.522347033 372.554901123 0.105409980 0.994191706 -0.021717243 -9.070652008 -0.517605782 0.073500730 0.852456391 26.117912292
0.849819958 -0.079365425 0.521063507 373.011901855 0.105567180 0.994195819 -0.020742813 -9.084908485 -0.516392887 0.072634861 0.853265822 26.858936310
0.850034475 -0.079621434 0.520674407 373.459899902 0.105665758 0.994190872 -0.020474652 -9.105031013 -0.516019523 0.072421618 0.853509784 27.614364624
0.850640655 -0.079315782 0.519730151 373.914947510 0.104847454 0.994289875 -0.019865360 -9.117265701 -0.515186787 0.071390666 0.854099452 28.373653412
0.851284146 -0.079007566 0.518722594 374.376953125 0.103869468 0.994409382 -0.019001614 -9.135178566 -0.514321387 0.070055209 0.854731441 29.139980316
0.851979792 -0.077983424 0.517734468 374.839233398 0.101886317 0.994635940 -0.017846923 -9.150365829 -0.513565540 0.067955278 0.855355203 29.919830322
0.852336645 -0.080657452 0.516736567 375.305786133 0.103658825 0.994488180 -0.015751407 -9.159527779 -0.512617946 0.066989802 0.855999589 30.692470551
0.853137970 -0.079238586 0.515632510 375.762908936 0.101806924 0.994682014 -0.015588923 -9.167769432 -0.511655152 0.065794453 0.856668055 31.471382141
0.853425741 -0.079085104 0.515179574 376.221801758 0.101410560 0.994727135 -0.015292305 -9.194035530 -0.511253715 0.065295495 0.856945813 32.254661560
0.853691459 -0.077674352 0.514954031 376.678344727 0.101335607 0.994690239 -0.017957762 -9.200804710 -0.510824859 0.067513570 0.857029676 33.041561127
0.854206204 -0.077271000 0.514160514 377.157470703 0.101337098 0.994673133 -0.018872285 -9.214540482 -0.509963393 0.068224356 0.857486367 33.822494507
0.854065418 -0.078545995 0.514201105 377.629180908 0.102702610 0.994536936 -0.018665569 -9.237811089 -0.509925902 0.068751410 0.857466519 34.611568451
0.854208350 -0.078077585 0.514034986 378.088928223 0.101719469 0.994651079 -0.017955331 -9.255601883 -0.509883523 0.067624956 0.857581258 35.387557983
0.853940427 -0.080213025 0.514151394 378.564331055 0.103420533 0.994498909 -0.016616138 -9.273344040 -0.509990156 0.067363001 0.857538462 36.170158386
0.853499413 -0.080364473 0.514859557 379.031219482 0.103587091 0.994483650 -0.016490631 -9.284695625 -0.510694206 0.067407548 0.857115924 36.946857452
0.852348804 -0.082186058 0.516475558 379.480651855 0.105668105 0.994269967 -0.016169108 -9.306797028 -0.512187302 0.068356715 0.856149256 37.724334717
0.851438522 -0.082738087 0.517886937 379.945983887 0.106600240 0.994166255 -0.016428569 -9.321514130 -0.513506472 0.069194786 0.855291307 38.494728088
0.850267291 -0.083250545 0.519725740 380.427124023 0.107954778 0.994003654 -0.017392008 -9.340788841 -0.515161395 0.070894733 0.854156137 39.282356262
0.849014282 -0.083414197 0.521744013 380.902343750 0.108557895 0.993931711 -0.017746624 -9.357437134 -0.517097592 0.071706571 0.852917492 40.052188873
0.847964644 -0.082611404 0.523575604 381.384338379 0.107653551 0.994034290 -0.017510049 -9.368977547 -0.519005537 0.071212672 0.851799250 40.831375122
0.846432984 -0.083446361 0.525916219 381.858551025 0.108378239 0.993969142 -0.016717121 -9.388552666 -0.521349490 0.071147792 0.850372076 41.619354248
0.845099628 -0.083467424 0.528052866 382.339263916 0.108278133 0.993989050 -0.016172824 -9.396960258 -0.523528874 0.070844226 0.849057496 42.398017883
0.843684196 -0.083750546 0.530266762 382.815368652 0.107748203 0.994073510 -0.014429081 -9.413325310 -0.525915682 0.069308877 0.847708106 43.170955658
0.842801511 -0.082710139 0.531831384 383.309936523 0.105856359 0.994294882 -0.013120019 -9.427708626 -0.527712047 0.067355305 0.846748650 43.953155518
0.842047930 -0.081274703 0.533244610 383.803436279 0.104183391 0.994473875 -0.012943114 -9.436901093 -0.529245853 0.066453941 0.845862150 44.725769043
0.840930462 -0.078487150 0.535421133 384.281616211 0.102466486 0.994621336 -0.015132373 -9.452722549 -0.531353593 0.067587994 0.844449639 45.499050140
0.839993179 -0.074620329 0.537441432 384.774658203 0.099425375 0.994895279 -0.017261837 -9.467387199 -0.533409894 0.067935139 0.843124390 46.296920776
0.839369774 -0.072005555 0.538770378 385.271118164 0.096953586 0.995125175 -0.018051049 -9.476859093 -0.534844220 0.067387223 0.842259228 47.067783356
0.838591278 -0.071930110 0.539991438 385.764404297 0.096148901 0.995226085 -0.016746398 -9.489945412 -0.536208987 0.065962955 0.841503918 47.857772827
0.838047028 -0.072531536 0.540755391 386.268432617 0.095791623 0.995289028 -0.014956933 -9.507928848 -0.537123024 0.064334445 0.841046929 48.648181915
0.837700486 -0.071870990 0.541380167 386.762756348 0.094102502 0.995471597 -0.013454844 -9.517846107 -0.537961602 0.062216356 0.840670228 49.424976349
0.837498367 -0.074941382 0.541276515 387.277862549 0.097432211 0.995157659 -0.012970876 -9.530644417 -0.537683427 0.063600853 0.840744615 50.207183838
0.837845325 -0.077205069 0.540420711 387.791320801 0.100547977 0.994837046 -0.013761856 -9.548499107 -0.536568046 0.065868512 0.841282427 50.981468201
0.837888420 -0.077190429 0.540356040 388.277770996 0.100569218 0.994833887 -0.013831855 -9.558490753 -0.536496818 0.065932736 0.841322780 51.768257141
0.838542163 -0.078205138 0.539194822 388.780792236 0.101850107 0.994699478 -0.014122903 -9.564244270 -0.535232306 0.066759698 0.842062712 52.549747467
0.839311481 -0.079894885 0.537748098 389.275146484 0.102915771 0.994606972 -0.012858040 -9.583445549 -0.533820748 0.066134654 0.843007505 53.331775665
0.840422332 -0.078596868 0.536202252 389.771606445 0.101842292 0.994704545 -0.013819177 -9.591808319 -0.532276690 0.066222012 0.843976378 54.121730804
0.841712117 -0.079659492 0.534017861 390.262634277 0.102343827 0.994664907 -0.012938777 -9.604349136 -0.530138195 0.065544158 0.845374167 54.900894165
0.843545616 -0.079433605 0.531150699 390.741546631 0.101250395 0.994788229 -0.012029939 -9.617733955 -0.527426898 0.063927025 0.847191930 55.677467346
0.845627010 -0.080270626 0.527704120 391.216156006 0.100220293 0.994922161 -0.009258906 -9.626966476 -0.524281323 0.060716238 0.849377811 56.439842224
0.847535610 -0.080002174 0.524674296 391.667999268 0.097905621 0.995175064 -0.006408418 -9.640299797 -0.521630049 0.056799918 0.851278961 57.188743591
0.849480629 -0.080817133 0.521393597 392.124511719 0.097850882 0.995187700 -0.005167333 -9.652069092 -0.518466890 0.055408370 0.853300691 57.955574036
0.852004528 -0.080258541 0.517345965 392.567413330 0.097334847 0.995234191 -0.005902610 -9.663305283 -0.514406621 0.055384845 0.855755985 58.686782837
0.854761541 -0.079085030 0.512960255 392.996154785 0.096905187 0.995261192 -0.008032922 -9.662747383 -0.509894133 0.056574743 0.858374774 59.432189941
0.858031929 -0.078416459 0.507574677 393.411254883 0.095916882 0.995354176 -0.008368428 -9.680761337 -0.504560351 0.055865359 0.861567140 60.139228821
0.861453712 -0.078005970 0.501809299 393.810272217 0.096035317 0.995326281 -0.010140486 -9.696321487 -0.498672962 0.056926977 0.864918828 60.845428467
0.865218341 -0.077418715 0.495382249 394.197601318 0.095423095 0.995374858 -0.011104911 -9.707187653 -0.492231309 0.056879077 0.868604124 61.535167694
0.869530737 -0.076801375 0.487870723 394.574340820 0.093715169 0.995545685 -0.010307950 -9.716691017 -0.484905928 0.054683965 0.872855067 62.219360352
0.873827696 -0.076618627 0.480161220 394.936157227 0.092161067 0.995704889 -0.008837353 -9.724881172 -0.477421790 0.051974494 0.877135754 62.897617340
0.877852142 -0.076713577 0.472747952 395.286743164 0.091671050 0.995751858 -0.008642960 -9.747546196 -0.470076621 0.050924540 0.881155312 63.574760437
0.882365048 -0.076423705 0.464318186 395.617462158 0.090715267 0.995840728 -0.008481558 -9.758176804 -0.461738765 0.049604576 0.885627866 64.210304260
0.886480808 -0.074268632 0.456766903 395.928039551 0.089291468 0.995940804 -0.011358119 -9.765636444 -0.454069227 0.050854135 0.889513910 64.833267212
0.890412927 -0.073610261 0.449161857 396.225036621 0.088656329 0.995983541 -0.012525856 -9.778726578 -0.446435779 0.050974224 0.893362641 65.439903259
0.894229591 -0.071907535 0.441794932 396.511627197 0.086366676 0.996182799 -0.012672359 -9.781455994 -0.439197272 0.049488358 0.897026539 66.047195435
0.897547483 -0.073887601 0.434682876 396.784942627 0.087918133 0.996052682 -0.012226749 -9.802926064 -0.432063639 0.049190596 0.900500596 66.644638062
0.901274264 -0.072309889 0.427172095 397.049835205 0.086135492 0.996197283 -0.013101959 -9.810087204 -0.424600303 0.048603132 0.904075444 67.208091736
0.904517353 -0.070824891 0.420514196 397.283874512 0.084398441 0.996337473 -0.013731679 -9.823122025 -0.418001503 0.047911283 0.907182038 67.758491516
0.907684445 -0.069976263 0.413778096 397.521850586 0.082796186 0.996480346 -0.013105659 -9.841751099 -0.411404669 0.046155047 0.910283446 68.307609558
0.910909474 -0.068250775 0.406922281 397.756561279 0.080568947 0.996661723 -0.013191910 -9.854464531 -0.404663503 0.044801932 0.913367510 68.841918945
0.913564503 -0.065970205 0.401307672 397.984741211 0.077807017 0.996880412 -0.013249997 -9.860723495 -0.399181634 0.043329276 0.915847480 69.386688232
0.915977299 -0.063322112 0.396201789 398.200866699 0.074564353 0.997131169 -0.013020643 -9.866119385 -0.394240677 0.041469142 0.918071151 69.909324646
0.918166518 -0.061698005 0.391361177 398.409179688 0.072006308 0.997335494 -0.011703176 -9.879388809 -0.389596343 0.038925935 0.920162737 70.420295715
0.920181692 -0.059183914 0.386992186 398.603698730 0.068877488 0.997562110 -0.011215158 -9.890872955 -0.385384977 0.036975030 0.922014773 70.917701721
0.922169805 -0.054645713 0.382905573 398.806121826 0.063920148 0.997888386 -0.011530016 -9.896743774 -0.381466955 0.035108011 0.923715532 71.414047241
0.923846006 -0.051771790 0.379247010 398.990722656 0.060706567 0.998087883 -0.011630209 -9.903831482 -0.377919734 0.033767302 0.925222397 71.890480042
0.925231457 -0.048653640 0.376270592 399.163146973 0.057487063 0.998270750 -0.012276624 -9.914958000 -0.375022620 0.032989409 0.926428497 72.364120483
0.926602423 -0.045172419 0.373319447 399.340637207 0.054402649 0.998417795 -0.014220202 -9.925659180 -0.372086436 0.033486038 0.927593887 72.810989380
0.927721202 -0.039360180 0.371192932 399.500488281 0.048986841 0.998662531 -0.016537474 -9.934579849 -0.370045543 0.033525735 0.928408504 73.245597839
0.928699553 -0.033619259 0.369305968 399.659851074 0.043817420 0.998853922 -0.019259069 -9.939679146 -0.368235230 0.034067921 0.929108262 73.671035767
0.929411888 -0.028673360 0.367928445 399.802032471 0.039873790 0.998942852 -0.022874361 -9.951618195 -0.366883606 0.035930406 0.929572701 74.091163635
0.930481195 -0.024991842 0.365486175 399.968322754 0.037711959 0.998904526 -0.027705031 -9.965772629 -0.364393383 0.039562210 0.930404365 74.508590698
