1.000000000 0.000000000 0.000000000 0.000000000 0.000000000 1.000000000 0.000000000 0.000000000 0.000000000 0.000000000 1.000000000 0.000000000
0.999999225 -0.000387663 -0.001188582 -0.003183168 0.000388003 0.999999881 0.000285796 0.001820810 0.001188471 -0.000286257 0.999999225 0.170457169
0.999996185 0.000987802 -0.002570819 -0.011034856 -0.000985068 0.999998927 0.001064658 0.003830963 0.002571868 -0.001062121 0.999996126 0.367165923
0.999989033 0.001781242 -0.004326056 -0.015658002 -0.001771461 0.999995887 0.002263692 0.007023584 0.004330070 -0.002256004 0.999988079 0.578337193
0.999981761 0.000708746 -0.005999165 -0.015582707 -0.000693683 0.999996603 0.002512546 0.010288469 0.006000926 -0.002508339 0.999978840 0.800705671
0.999970675 -0.000873645 -0.007611598 -0.020975679 0.000887645 0.999997914 0.001836213 0.013184179 0.007609978 -0.001842915 0.999969363 1.033715844
0.999947131 -0.002692087 -0.009923753 -0.024283212 0.002715725 0.999993503 0.002369255 0.016135883 0.009917310 -0.002396080 0.999947965 1.283631086
0.999927998 -0.003416615 -0.011504476 -0.033470355 0.003460095 0.999986947 0.003761650 0.022197915 0.011491474 -0.003801185 0.999926746 1.545885801
0.999912679 -0.002814923 -0.012909514 -0.038139075 0.002895022 0.999976635 0.006190152 0.022340210 0.012891788 -0.006226985 0.999897480 1.808976412
0.999905884 -0.001103046 -0.013673698 -0.044472530 0.001251980 0.999939919 0.010888234 0.020203939 0.013660866 -0.010904329 0.999847233 2.091016769
0.999912858 -0.002288149 -0.012999726 -0.050046626 0.002483091 0.999884427 0.014999557 0.019789238 0.012963902 -0.015030530 0.999803007 2.357785940
0.999922693 -0.005018109 -0.011374025 -0.051162206 0.005207114 0.999847829 0.016649099 0.028121920 0.011288747 -0.016707039 0.999796689 2.623972178
0.999931335 -0.007563768 -0.008953572 -0.049888905 0.007706834 0.999841452 0.016053462 0.034894779 0.008830728 -0.016121363 0.999831021 2.901072264
0.999963164 -0.006631122 -0.005445065 -0.052481502 0.006703676 0.999887526 0.013416276 0.041881964 0.005355488 -0.013452284 0.999895155 3.165751934
0.999991477 -0.003634941 -0.001945080 -0.057373293 0.003656425 0.999931037 0.011158104 0.041161090 0.001904387 -0.011165122 0.999935865 3.422451258
0.999996305 -0.002027208 0.001810362 -0.060109064 0.002008493 0.999945164 0.010280578 0.042808801 -0.001831104 -0.010276904 0.999945521 3.681051016
0.999973714 -0.003691470 0.006236878 -0.050238375 0.003625321 0.999937415 0.010584391 0.049372807 -0.006275560 -0.010561503 0.999924541 3.938629866
0.999916971 -0.006548671 0.011099244 -0.042433273 0.006423434 0.999915719 0.011281719 0.050612319 -0.011172189 -0.011209487 0.999874771 4.193749905
0.999829888 -0.009002841 0.016097866 -0.031465530 0.008807710 0.999887347 0.012151606 0.053602181 -0.016205452 -0.012007754 0.999796569 4.456284046
0.999722838 -0.009771687 0.021419043 -0.020098686 0.009500821 0.999874055 0.012711506 0.053203400 -0.021540558 -0.012504485 0.999689758 4.704254150
0.999579489 -0.009399951 0.027431078 -0.015992502 0.009070630 0.999885559 0.012105228 0.059569303 -0.027541729 -0.011851321 0.999550402 4.954626560
0.999405801 -0.010029508 0.032975726 0.002175623 0.009661188 0.999889374 0.011309825 0.065855451 -0.033085510 -0.010984520 0.999392152 5.212800026
0.999128580 -0.010688858 0.040346097 0.018262923 0.010261633 0.999889255 0.010781310 0.070212796 -0.040456869 -0.010357899 0.999127626 5.463680267
0.998760819 -0.011178023 0.048495770 0.034782533 0.010674957 0.999886632 0.010620025 0.076580487 -0.048608981 -0.010089175 0.998766899 5.707470894
0.998314202 -0.010551888 0.057074215 0.054221466 0.009906342 0.999883831 0.011581762 0.076656230 -0.057189796 -0.010996841 0.998302758 5.948466301
0.997775376 -0.008942110 0.066063546 0.073823988 0.008157275 0.999893010 0.012140222 0.077444330 -0.066165037 -0.011574316 0.997741580 6.193994045
0.997168839 -0.008374310 0.074727573 0.097309552 0.007524154 0.999903798 0.011651027 0.074452549 -0.074817955 -0.011055779 0.997135937 6.409521103
0.996440887 -0.008548973 0.083860114 0.118748717 0.007629915 0.999907315 0.011273795 0.075070940 -0.083948724 -0.010593824 0.996413767 6.603600502
0.995587826 -0.011004435 0.093186937 0.152748078 0.010086142 0.999895871 0.010319568 0.079165757 -0.093290798 -0.009334140 0.995595157 6.820485115
0.994668722 -0.012408360 0.102372468 0.178846091 0.011533729 0.999891818 0.009131144 0.080339774 -0.102474689 -0.007901726 0.994704247 6.996679783
0.993691385 -0.013782333 0.111299030 0.206096366 0.012920782 0.999880731 0.008458469 0.085828960 -0.111402333 -0.006967037 0.993750989 7.159933090
0.992646694 -0.014580117 0.120166190 0.228804559 0.013679960 0.999871850 0.008312502 0.088183500 -0.120271988 -0.006607509 0.992718995 7.304917336
0.991690516 -0.015905283 0.127659529 0.258716494 0.014970590 0.999853671 0.008277995 0.084528506 -0.127772510 -0.006298070 0.991783500 7.424380779
0.990789890 -0.015530099 0.134514600 0.278887153 0.014615607 0.999862909 0.007783348 0.086620070 -0.134617031 -0.005745651 0.990881026 7.531749725
0.989910543 -0.014502851 0.140949503 0.293169290 0.013764468 0.999885976 0.006212188 0.086743549 -0.141023517 -0.004209416 0.989997268 7.621304035
0.989038587 -0.012221199 0.147150606 0.303789526 0.011795456 0.999923348 0.003765542 0.089712806 -0.147185355 -0.001988558 0.989106953 7.701345921
0.988261163 -0.012038101 0.152299017 0.322719544 0.011890907 0.999927521 0.001877275 0.089022748 -0.152310580 -0.000044265 0.988332689 7.763418198
0.987498879 -0.010835833 0.157253295 0.334532559 0.010832690 0.999940932 0.000877082 0.093038909 -0.157253519 0.000837358 0.987557888 7.843438625
0.986724615 -0.010725302 0.162047744 0.349174351 0.010725476 0.999942124 0.000873749 0.095966205 -0.162047729 0.000875890 0.986782551 7.914562702
0.986069024 -0.010868175 0.165981367 0.365575939 0.010890200 0.999940395 0.000777427 0.095005646 -0.165979922 0.001040973 0.986128569 7.976651669
0.985390306 -0.011479475 0.169923991 0.378397703 0.011577299 0.999932885 0.000415161 0.093787886 -0.169917345 0.001558165 0.985457063 8.018437386
0.984767735 -0.011618852 0.173486352 0.388188034 0.011771442 0.999930680 0.000149349 0.095938616 -0.173476070 0.001895111 0.984836280 8.068353653
0.984290600 -0.011328865 0.176192060 0.394915640 0.011546014 0.999933302 -0.000207296 0.096490569 -0.176177964 0.002238355 0.984355807 8.105714798
0.983883917 -0.010680602 0.178489178 0.403433293 0.010991453 0.999939322 -0.000752766 0.096606486 -0.178470314 0.002702489 0.983941615 8.138075829
0.983480036 -0.010564901 0.180708200 0.410971791 0.010883726 0.999940455 -0.000772824 0.095631316 -0.180689275 0.002726836 0.983536482 8.161183357
0.983069956 -0.009839836 0.182966143 0.416526586 0.010327735 0.999945223 -0.001713925 0.097506218 -0.182939246 0.003574534 0.983117700 8.188942909
0.982651472 -0.009635620 0.185211316 0.425448000 0.010421742 0.999940336 -0.003271373 0.098192595 -0.185168743 0.005144843 0.982693255 8.217523575
0.982183218 -0.009592629 0.187680811 0.431019187 0.010547123 0.999936044 -0.004087748 0.096210524 -0.187629595 0.005994409 0.982221544 8.253673553
0.981668472 -0.009271881 0.190370962 0.445700139 0.010273186 0.999938071 -0.004273527 0.097508959 -0.190319553 0.006150902 0.981702924 8.283310890
0.981042683 -0.009224803 0.193572208 0.452973008 0.010210034 0.999939501 -0.004092707 0.093928158 -0.193522751 0.005991498 0.981077492 8.327736855
0.980409682 -0.008616949 0.196780637 0.464451790 0.009670067 0.999943614 -0.004391508 0.092024349 -0.196731701 0.006208358 0.980437696 8.356674194
0.979602516 -0.008110825 0.200781330 0.476350784 0.009292306 0.999944627 -0.004942647 0.095997751 -0.200730130 0.006707551 0.979623616 8.419516563
0.978601873 -0.007099445 0.205640435 0.491216391 0.008591670 0.999942839 -0.006364430 0.099211626 -0.205583498 0.007995037 0.978606939 8.477441788
0.977373004 -0.006325881 0.211428583 0.513356209 0.008308985 0.999929428 -0.008492429 0.099325359 -0.211359933 0.010057027 0.977356553 8.542176247
0.975739419 -0.005244895 0.218872294 0.535584569 0.007826081 0.999909639 -0.010927811 0.097135909 -0.218795210 0.012375609 0.975692332 8.620454788
0.973522902 -0.005002797 0.228534892 0.563844979 0.008151584 0.999884367 -0.012836272 0.097410299 -0.228444248 0.014359326 0.973451078 8.728671074
0.970791221 -0.003467236 0.239900902 0.606131434 0.006908939 0.999884903 -0.013506827 0.100739807 -0.239826456 0.014769769 0.970703423 8.860651970
0.967381656 -0.002750859 0.253308386 0.654131293 0.006301667 0.999892950 -0.013207430 0.097704589 -0.253244936 0.014372891 0.967295408 9.001967430
0.963219285 -0.003084644 0.268698841 0.710626125 0.006948025 0.999885678 -0.013428347 0.092477225 -0.268626720 0.014801370 0.963130653 9.161443710
0.958102703 -0.003918941 0.286397964 0.777761102 0.008134997 0.999875367 -0.013532606 0.089298055 -0.286309242 0.015295473 0.958015144 9.340474129
0.952438176 -0.003843305 0.304707736 0.861006796 0.008240865 0.999879599 -0.013147260 0.094014689 -0.304620534 0.015033008 0.952355146 9.557808876
0.945946276 -0.002795670 0.324311256 0.948108196 0.007162983 0.999899030 -0.012273424 0.093701631 -0.324244201 0.013933036 0.945870817 9.766777992
0.938493431 0.000965424 0.345295697 1.039089918 0.003546493 0.999916375 -0.012434860 0.090274908 -0.345278829 0.012894623 0.938411534 10.003012657
0.930122077 0.006922530 0.367185235 1.143356562 -0.001723269 0.999893606 -0.014485726 0.094190605 -0.367246419 0.012840735 0.930035055 10.252792358
0.920576632 0.011098704 0.390404284 1.262988567 -0.005395001 0.999862134 -0.015703371 0.091309369 -0.390524745 0.012349925 0.920509577 10.510831833
0.909760475 0.013416298 0.414916754 1.397232175 -0.007202365 0.999837279 -0.016537504 0.090253271 -0.415071130 0.012056787 0.909709096 10.784162521
0.897952318 0.015427067 0.439822316 1.557055712 -0.008868955 0.999816775 -0.016962172 0.096839368 -0.440003425 0.011330456 0.897924602 11.062564850
0.884791672 0.015279224 0.465736300 1.732077599 -0.009206599 0.999840379 -0.015310948 0.095798545 -0.465895921 0.009259152 0.884791076 11.351161957
0.869561136 0.015389053 0.493585467 1.916212797 -0.009950712 0.999857426 -0.013643243 0.090204701 -0.493725032 0.006952107 0.869590282 11.655405998
0.851090312 0.017562689 0.524725556 2.122585297 -0.012491815 0.999834776 -0.013203333 0.090450987 -0.524870753 0.004682455 0.851169109 11.959260941
0.829590797 0.019921744 0.558016360 2.350965977 -0.016402539 0.999801517 -0.011308621 0.089312173 -0.558130860 0.000228643 0.829752922 12.256737709
0.804696679 0.020998530 0.593314648 2.588249922 -0.020622296 0.999759853 -0.007413929 0.089132294 -0.593327880 -0.006269546 0.804936528 12.537605286
0.776900768 0.017474404 0.629380584 2.848267794 -0.020249328 0.999791145 -0.002763090 0.087391466 -0.629297376 -0.010597886 0.777092338 12.801326752
0.746951997 0.015519914 0.664696872 3.117163658 -0.018973565 0.999817967 -0.002023099 0.088126160 -0.664607286 -0.011100509 0.747110486 13.046056747
0.712291837 0.014062228 0.701742530 3.384423256 -0.015546412 0.999870062 -0.004256287 0.076734468 -0.701711237 -0.007877860 0.712417960 13.277291298
0.676250577 0.015941212 0.736499190 3.678093195 -0.014204930 0.999862134 -0.008598683 0.070337027 -0.736534774 -0.004647054 0.676383734 13.493785858
0.639781773 0.018696798 0.768329144 3.998705387 -0.011930878 0.999825180 -0.014395354 0.072089769 -0.768464029 0.000043043 0.639893055 13.696878433
0.600587130 0.020913301 0.799285769 4.325638771 -0.012602190 0.999781311 -0.016689917 0.071613401 -0.799459994 -0.000049000 0.600719333 13.905651093
0.559967637 0.021934422 0.828224123 4.680168629 -0.013106893 0.999758899 -0.017615641 0.067284837 -0.828410804 -0.000991253 0.560120165 14.108003616
0.518782914 0.026074307 0.854508340 5.044352531 -0.015730446 0.999656677 -0.020953182 0.066003591 -0.854761302 -0.002571644 0.519014955 14.296375275
0.475444317 0.026970437 0.879332304 5.426315784 -0.014836308 0.999633610 -0.022638448 0.067076668 -0.879620731 -0.002282721 0.475670278 14.465908051
0.430300593 0.026814092 0.902287304 5.841683388 -0.014672200 0.999634445 -0.022709874 0.055849165 -0.902566433 -0.003466468 0.430536687 14.638551712
0.384901643 0.027267281 0.922554672 6.275312424 -0.012743414 0.999625206 -0.024228483 0.048794448 -0.922869563 -0.002430914 0.385104895 14.786125183
0.339998960 0.028101254 0.940005898 6.743840694 -0.011607788 0.999602735 -0.025684364 0.041219622 -0.940354168 -0.002178730 0.340190053 14.927644730
0.297275603 0.028409975 0.954369009 7.236610413 -0.011652763 0.999590755 -0.026126441 0.026380926 -0.954720676 -0.003354279 0.297484994 15.053335190
0.257462144 0.028726418 0.965861380 7.752923012 -0.011295797 0.999579191 -0.026718214 0.014238000 -0.966222465 -0.004031242 0.257678270 15.165384293
0.220640004 0.030054323 0.974892139 8.294221878 -0.009204323 0.999544799 -0.028731178 0.002237618 -0.975311816 -0.002633975 0.220816195 15.266203880
0.187909424 0.032177467 0.981659174 8.860724449 -0.007572561 0.999480963 -0.031312101 0.000253320 -0.982157171 -0.001549834 0.188055575 15.349699974
0.157452881 0.032560490 0.986989558 9.438574791 -0.005887138 0.999469459 -0.032033030 -0.015460640 -0.987508953 -0.000766850 0.157561064 15.429956436
0.129485250 0.032039471 0.991063654 10.067217827 -0.005549417 0.999485612 -0.031586695 -0.025622934 -0.991565883 -0.001409811 0.129596472 15.480688095
0.103428364 0.030890791 0.994157195 10.704519272 -0.003526069 0.999522686 -0.030690674 -0.033802122 -0.994630754 -0.000331180 0.103487909 15.521322250
0.079747319 0.029381359 0.996382058 11.372639656 -0.003134505 0.999567986 -0.029224431 -0.047049493 -0.996810198 -0.000792593 0.079804957 15.545868874
0.058297217 0.028653637 0.997888148 12.038125992 -0.002016963 0.999589324 -0.028584657 -0.062513858 -0.998297393 -0.000346292 0.058331072 15.575763702
0.041197777 0.028838400 0.998734772 12.780919075 0.000728207 0.999582231 -0.028892908 -0.072825193 -0.999150753 0.001917609 0.041159570 15.621402740
0.029086292 0.029039934 0.999154985 13.520135880 0.004350427 0.999564767 -0.029178489 -0.093230635 -0.999567449 0.005195444 0.028947294 15.633981705
0.021077752 0.029338239 0.999347329 14.324831009 0.008650484 0.999526560 -0.029525954 -0.098796844 -0.999740481 0.009267180 0.020814002 15.586924553
0.016152680 0.028990842 0.999449134 15.220763206 0.010068308 0.999524176 -0.029155739 -0.109940112 -0.999818861 0.010533705 0.015853107 15.520911217
0.012713850 0.027622040 0.999537647 16.199348450 0.010842763 0.999555826 -0.027760463 -0.124490112 -0.999860466 0.011190693 0.012408674 15.463396072
0.010817766 0.026962541 0.999577940 17.154506683 0.011108182 0.999571502 -0.027082585 -0.149291426 -0.999879777 0.011396466 0.010513604 15.420602798
0.009530365 0.027628785 0.999572754 18.146266937 0.013158693 0.999528170 -0.027753012 -0.173488557 -0.999867976 0.013417567 0.009162307 15.369848251
0.009374380 0.029274276 0.999527574 19.086589813 0.015438901 0.999448001 -0.029416747 -0.195142984 -0.999836981 0.015707374 0.008917272 15.338811874
0.009843767 0.030798703 0.999477208 20.083255768 0.015933692 0.999393821 -0.030953066 -0.217550933 -0.999824643 0.016230058 0.009347022 15.319963455
0.010853827 0.031435613 0.999446988 21.097337723 0.017141053 0.999352992 -0.031618815 -0.236263782 -0.999794304 0.017474763 0.010307968 15.294181824
0.011611044 0.031451028 0.999437988 22.026828766 0.016730044 0.999359190 -0.031642918 -0.247433871 -0.999792755 0.017088050 0.011077404 15.315486908
0.012833893 0.030997552 0.999437153 22.975038528 0.015017795 0.999400675 -0.031189270 -0.262681901 -0.999804914 0.015409621 0.012360692 15.328933716
0.013845086 0.030363914 0.999443054 23.931613922 0.013998541 0.999434948 -0.030557590 -0.284111679 -0.999806225 0.014413819 0.013412237 15.347332001
0.014629185 0.029311927 0.999463320 24.887914658 0.012849333 0.999482155 -0.029500559 -0.303695798 -0.999810517 0.013274007 0.014244974 15.369001389
0.015054941 0.028674087 0.999475420 25.932773590 0.010561592 0.999528408 -0.028834693 -0.316507339 -0.999830902 0.010990156 0.014744997 15.396619797
0.015254617 0.027775981 0.999497890 26.936342239 0.009288493 0.999567032 -0.027919672 -0.331890523 -0.999840617 0.009709737 0.014990032 15.418972015
0.014871538 0.027119968 0.999521554 27.970636368 0.009813250 0.999580026 -0.027267562 -0.348786354 -0.999841273 0.010214066 0.014599144 15.435199738
0.013523102 0.026510451 0.999557018 29.012247086 0.010118746 0.999593675 -0.026648318 -0.366649389 -0.999857306 0.010474632 0.013249338 15.453275681
0.012337983 0.025355255 0.999602437 30.076393127 0.012111221 0.999601364 -0.025504718 -0.383443356 -0.999850571 0.012421084 0.012025952 15.466062546
0.011641562 0.025041899 0.999618649 31.142761230 0.014261747 0.999580503 -0.025207037 -0.400988132 -0.999830604 0.014549759 0.011279523 15.475133896
0.011446238 0.025780767 0.999602258 32.225753784 0.015668340 0.999540210 -0.025958590 -0.418235928 -0.999811888 0.015959237 0.011036992 15.472900391
0.011085689 0.026316445 0.999592185 33.319511414 0.016486462 0.999512911 -0.026497198 -0.438541234 -0.999802649 0.016773479 0.010646403 15.490238190
0.011170506 0.025969271 0.999600351 34.421726227 0.016411226 0.999523282 -0.026150664 -0.458749503 -0.999802947 0.016696785 0.010738969 15.505359650
0.010863841 0.024249751 0.999646902 35.523876190 0.015621823 0.999579787 -0.024417896 -0.480047584 -0.999818981 0.015881579 0.010480464 15.523731232
0.011134744 0.023108581 0.999670923 36.647766113 0.014391499 0.999625683 -0.023267832 -0.498129249 -0.999834418 0.014645844 0.010797977 15.537078857
0.010791004 0.022790466 0.999682009 37.766403198 0.014101245 0.999637365 -0.022941662 -0.516460061 -0.999842346 0.014344324 0.010465682 15.558597565
0.010990858 0.023096435 0.999672830 38.924972534 0.014173447 0.999629200 -0.023251256 -0.528324366 -0.999839127 0.014424359 0.010659397 15.572494507
0.010879099 0.021739630 0.999704540 40.062316895 0.014571168 0.999654055 -0.021897102 -0.548459888 -0.999834716 0.014805084 0.010558546 15.588283539
0.010520697 0.020448709 0.999735594 41.213562012 0.014719201 0.999679387 -0.020602457 -0.564155161 -0.999836326 0.014932061 0.010216296 15.611251831
0.010281444 0.020083265 0.999745548 42.358818054 0.015519409 0.999674678 -0.020241449 -0.580834329 -0.999826849 0.015723573 0.009966433 15.630035400
0.010082483 0.019494226 0.999759257 43.511314392 0.016080854 0.999677479 -0.019654810 -0.597911656 -0.999819994 0.016275153 0.009765744 15.629730225
0.009572923 0.019121004 0.999771416 44.666893005 0.017011551 0.999669373 -0.019281942 -0.615856528 -0.999809504 0.017192246 0.009244442 15.637928009
0.008023262 0.019336041 0.999780834 45.819160461 0.017865539 0.999650657 -0.019476894 -0.636302531 -0.999808192 0.018017890 0.007674992 15.655364990
0.007418752 0.020526949 0.999761760 46.983905792 0.019179437 0.999602437 -0.020666000 -0.649137020 -0.999788463 0.019328184 0.007022142 15.662910461
0.006873131 0.021076750 0.999754250 48.141693115 0.019699674 0.999580979 -0.021208528 -0.675962090 -0.999782324 0.019840602 0.006455064 15.661895752
0.006060064 0.020992804 0.999761283 49.309020996 0.020623371 0.999564350 -0.021113681 -0.693136811 -0.999768972 0.020746399 0.005624533 15.664455414
0.004699588 0.019350855 0.999801695 50.498069763 0.021026270 0.999589801 -0.019445589 -0.708677232 -0.999767840 0.021113487 0.004290819 15.683532715
0.003831029 0.017055258 0.999847293 51.673641205 0.021098189 0.999630630 -0.017132405 -0.726639748 -0.999770164 0.021160601 0.003469765 15.686485291
0.002178073 0.017410303 0.999846041 52.841823578 0.020079227 0.999646068 -0.017450560 -0.744451582 -0.999796033 0.020114144 0.001827717 15.692592621
0.000967681 0.019866375 0.999802172 54.018505096 0.019145181 0.999619007 -0.019881267 -0.759570360 -0.999816298 0.019160636 0.000586927 15.698608398
-0.000772595 0.021803100 0.999761939 55.208862305 0.016845480 0.999620736 -0.021787003 -0.781372368 -0.999857724 0.016824638 -0.001139522 15.698635101
-0.002484441 0.022978103 0.999732912 56.393020630 0.015537287 0.999616146 -0.022936808 -0.803605080 -0.999876261 0.015476151 -0.002840519 15.694755554
-0.004792333 0.022545876 0.999734342 57.585494995 0.013725871 0.999653101 -0.022478249 -0.833360434 -0.999894321 0.013614502 -0.005100131 15.697067261
-0.007022381 0.020783693 0.999759495 58.759796143 0.013571891 0.999693871 -0.020687005 -0.856300354 -0.999883354 0.013423355 -0.007302284 15.692790985
-0.008528948 0.018811118 0.999786854 59.952339172 0.014721538 0.999717057 -0.018684223 -0.872611046 -0.999855399 0.014559042 -0.008803487 15.680953979
-0.010223031 0.019021425 0.999766946 61.128936768 0.017847210 0.999663293 -0.018836962 -0.886525810 -0.999788582 0.017650479 -0.010559082 15.665714264
-0.011539578 0.021589750 0.999700367 62.311462402 0.018664068 0.999597371 -0.021372087 -0.907654583 -0.999759316 0.018411851 -0.011937857 15.653347015
-0.013075709 0.025061360 0.999600410 63.517234802 0.018387752 0.999522865 -0.024818886 -0.929497838 -0.999745429 0.018055880 -0.013530254 15.642272949
-0.014602184 0.025961444 0.999556422 64.723312378 0.017614212 0.999514401 -0.025703037 -0.953922987 -0.999738336 0.017231079 -0.015052438 15.631980896
-0.015589833 0.023607945 0.999599934 65.924919128 0.016170332 0.999596417 -0.023355676 -0.978303790 -0.999747872 0.015799755 -0.015965223 15.607223511
-0.016317129 0.021846876 0.999628186 67.121231079 0.015932214 0.999639988 -0.021587072 -0.997983813 -0.999739945 0.015574053 -0.016659260 15.589927673
-0.017798543 0.021125931 0.999618351 68.336357117 0.014494874 0.999677122 -0.020869087 -1.018449903 -0.999736488 0.014117904 -0.018098950 15.578399658
-0.018742800 0.021463705 0.999594033 69.521926880 0.014815608 0.999665737 -0.021187449 -1.043316126 -0.999714673 0.014412479 -0.019054532 15.558563232
-0.019407630 0.022646548 0.999555171 70.743988037 0.016681192 0.999611616 -0.022323940 -1.072209239 -0.999672532 0.016240519 -0.019777894 15.530555725
-0.019793153 0.023360543 0.999531209 71.951507568 0.017498575 0.999581933 -0.023015220 -1.093691349 -0.999651015 0.017034829 -0.020193577 15.502685547
-0.020843029 0.023102526 0.999515831 73.186370850 0.017209183 0.999593139 -0.022745449 -1.114344597 -0.999634624 0.016726766 -0.021232128 15.483207703
-0.022042513 0.022658270 0.999500394 74.415344238 0.015572645 0.999629617 -0.022317775 -1.139430523 -0.999635875 0.015072928 -0.022387147 15.464584351
-0.022622705 0.021627031 0.999510229 75.610191345 0.013802414 0.999677479 -0.021318251 -1.163864493 -0.999648869 0.013313377 -0.022913933 15.428825378
-0.023170710 0.021226108 0.999506354 76.829956055 0.012752127 0.999699533 -0.020934593 -1.186866283 -0.999650359 0.012260763 -0.023434401 15.393455505
-0.024730206 0.021511855 0.999462724 78.076400757 0.012665087 0.999694943 -0.021203473 -1.210543513 -0.999613941 0.012133915 -0.024995208 15.385276794
-0.025207639 0.021402724 0.999453187 79.292251587 0.013161131 0.999691248 -0.021075882 -1.238038063 -0.999595702 0.012622664 -0.025481582 15.350364685
-0.026075721 0.021578554 0.999427021 80.472900391 0.014196270 0.999674201 -0.021213498 -1.259783745 -0.999559164 0.013634977 -0.026373625 15.324119568
-0.026643991 0.020698069 0.999430776 81.707763672 0.014713583 0.999685407 -0.020311095 -1.277413845 -0.999536812 0.014164039 -0.026940227 15.293083191
-0.027295351 0.018181473 0.999462247 82.940597534 0.014197446 0.999740779 -0.017798811 -1.297716379 -0.999526799 0.013703985 -0.027546406 15.255157471
-0.028164148 0.017267156 0.999454141 84.202758789 0.012900811 0.999773800 -0.016909141 -1.319083333 -0.999520063 0.012417538 -0.028380513 15.221519470
-0.029438496 0.018425889 0.999396861 85.463897705 0.013550482 0.999745548 -0.018033175 -1.328923941 -0.999474883 0.013011438 -0.029680729 15.183273315
-0.031490326 0.019495325 0.999313891 86.713623047 0.012798709 0.999735653 -0.019100240 -1.349463940 -0.999422073 0.012188454 -0.031731486 15.148216248
-0.034023881 0.020956594 0.999201357 87.972389221 0.014553499 0.999684513 -0.020471167 -1.358469367 -0.999315143 0.013845367 -0.034318089 15.106712341
-0.035956860 0.020460345 0.999144018 89.245040894 0.016726196 0.999662697 -0.019869033 -1.381445885 -0.999213517 0.015997451 -0.036286950 15.061126709
-0.037551284 0.021048324 0.999073029 90.536521912 0.017038545 0.999646306 -0.020419991 -1.398897409 -0.999149442 0.016255954 -0.037896633 15.008674622
-0.038590789 0.022620518 0.998999059 91.814132690 0.017317545 0.999608755 -0.021965355 -1.417209387 -0.999105036 0.016452549 -0.038967490 14.950424194
-0.040195227 0.022674551 0.998934567 93.098854065 0.017350907 0.999607563 -0.021991661 -1.438739061 -0.999041200 0.016448461 -0.040572882 14.902221680
-0.041035414 0.022633994 0.998901427 94.382606506 0.017931966 0.999599040 -0.021913152 -1.459626198 -0.998996913 0.017013054 -0.041424870 14.846488953
-0.041382909 0.023605019 0.998864472 95.667205811 0.020224672 0.999535859 -0.022782978 -1.485443234 -0.998938620 0.019258881 -0.041841149 14.792076111
-0.040976882 0.024858808 0.998850942 96.951995850 0.024937162 0.999404490 -0.023849569 -1.507850051 -0.998848975 0.023931229 -0.041572332 14.738563538
-0.040872216 0.024852870 0.998855174 98.250701904 0.027670121 0.999335349 -0.023732577 -1.533239365 -0.998781145 0.026668441 -0.041532755 14.690704346
-0.040142298 0.024637664 0.998890281 99.545928955 0.028039461 0.999330044 -0.023521695 -1.557180762 -0.998800576 0.027064130 -0.040806293 14.629325867
-0.040571332 0.025610618 0.998848379 100.825653076 0.027218159 0.999328792 -0.024517387 -1.593615532 -0.998805881 0.026192112 -0.041241169 14.580917358
-0.040601850 0.027027681 0.998809755 102.124649048 0.024536379 0.999359608 -0.026045149 -1.613926888 -0.998874068 0.023449695 -0.041238904 14.530067444
-0.040936232 0.026000258 0.998823464 103.417137146 0.021795757 0.999446750 -0.025123198 -1.635278106 -0.998924077 0.020741666 -0.041480184 14.478439331
-0.041512728 0.023403505 0.998863816 104.726364136 0.020942898 0.999526381 -0.022548642 -1.668426275 -0.998918474 0.019983048 -0.041983247 14.439216614
-0.042547703 0.021830451 0.998855889 106.030647278 0.019109927 0.999596119 -0.021032613 -1.694207430 -0.998911619 0.018193172 -0.042947769 14.388053894
-0.045048952 0.022316679 0.998735547 107.334411621 0.016145382 0.999636114 -0.021608552 -1.711258650 -0.998854339 0.015151524 -0.045392871 14.337875366
-0.047545552 0.022518747 0.998615205 108.628425598 0.012922761 0.999676049 -0.021927398 -1.740371227 -0.998785496 0.011862318 -0.047821164 14.284713745
-0.050495148 0.022204306 0.998477578 109.929595947 0.010469884 0.999709666 -0.021702224 -1.763341904 -0.998669565 0.009358088 -0.050712943 14.225036621
-0.053541899 0.019752275 0.998370230 111.233421326 0.008569920 0.999776602 -0.019320501 -1.787011147 -0.998528838 0.007521496 -0.053699255 14.161499023
-0.056361079 0.019496061 0.998220086 112.535339355 0.007519204 0.999789238 -0.019102164 -1.804364800 -0.998382151 0.006429203 -0.056495786 14.094879150
-0.059286594 0.019609364 0.998048365 113.824867249 0.009297397 0.999774516 -0.019090990 -1.831912756 -0.998197675 0.008147410 -0.059455514 14.027030945
-0.062065482 0.018292736 0.997904420 115.142608643 0.008621302 0.999804556 -0.017791359 -1.851363778 -0.998034835 0.007499006 -0.062211037 13.956405640
-0.064917564 0.015630832 0.997768342 116.433738708 0.006773892 0.999861181 -0.015222893 -1.866868615 -0.997867763 0.005770542 -0.065014482 13.890464783
-0.067111254 0.016455220 0.997609794 117.769104004 0.007734224 0.999842525 -0.015971752 -1.878710985 -0.997715533 0.006643855 -0.067227960 13.789367676
-0.069883466 0.016662477 0.997416139 119.047500610 0.006902373 0.999844611 -0.016219439 -1.892584562 -0.997531474 0.005751071 -0.069987655 13.711227417
-0.071733236 0.017064217 0.997277975 120.400474548 0.011171746 0.999804676 -0.016303882 -1.915510893 -0.997361362 0.009971806 -0.071909904 13.610298157
-0.072481155 0.016855005 0.997227430 121.687896729 0.015431628 0.999756455 -0.015776141 -1.932577491 -0.997250497 0.014245369 -0.072723508 13.509429932
-0.073084235 0.019058483 0.997143805 122.978897095 0.020818261 0.999628723 -0.017580139 -1.952927947 -0.997108638 0.019473970 -0.073453903 13.415130615
-0.074026465 0.020466823 0.997046292 124.263725281 0.022439495 0.999570429 -0.018852603 -1.965220213 -0.997003853 0.020977622 -0.074453950 13.317459106
-0.074408889 0.018974705 0.997047246 125.577125549 0.018179564 0.999678612 -0.017668054 -1.997083426 -0.997062027 0.016811222 -0.074729919 13.229904175
-0.075724483 0.016204849 0.996997118 126.875343323 0.017784171 0.999730825 -0.014898529 -2.014051676 -0.996970177 0.016602585 -0.075992227 13.136993408
-0.076738954 0.016088700 0.996921480 128.172424316 0.016274745 0.999756813 -0.014881697 -2.032291889 -0.996918440 0.015082637 -0.076982141 13.041824341
-0.077902079 0.016981920 0.996816397 129.464279175 0.020988883 0.999661267 -0.015390087 -2.052972317 -0.996740103 0.019723143 -0.078232050 12.942398071
-0.077762604 0.019193571 0.996787131 130.766143799 0.023978740 0.999561429 -0.017376333 -2.063954115 -0.996683538 0.022550469 -0.078188777 12.838958740
-0.078720331 0.021368327 0.996667743 132.059158325 0.027173767 0.999444723 -0.019281588 -2.088145018 -0.996526361 0.025565363 -0.079257250 12.745071411
-0.078878045 0.025189539 0.996565998 133.346496582 0.026344126 0.999384224 -0.023175642 -2.110497952 -0.996536136 0.024425611 -0.079493046 12.641220093
-0.078761578 0.025029469 0.996579289 134.624389648 0.024461132 0.999432266 -0.023167918 -2.136104107 -0.996593356 0.022552716 -0.079329133 12.546051025
-0.078434825 0.024728814 0.996612489 135.931915283 0.019433381 0.999540269 -0.023272028 -2.165543556 -0.996729791 0.017542213 -0.078879356 12.462158203
-0.077518702 0.024231723 0.996696472 137.203598022 0.016344050 0.999601126 -0.023031175 -2.195165634 -0.996856987 0.014504708 -0.077883840 12.363937378
-0.076369047 0.023239076 0.996808767 138.497222900 0.014239985 0.999651790 -0.022214381 -2.225336552 -0.996977925 0.012498052 -0.076673388 12.272552490
-0.075248718 0.020773770 0.996948421 139.782318115 0.012276906 0.999726474 -0.019905008 -2.244842291 -0.997089267 0.010741616 -0.075483203 12.176528931
-0.074111462 0.018910231 0.997070611 141.096939087 0.012600521 0.999758124 -0.018024614 -2.273205757 -0.997170329 0.011227777 -0.074331880 12.092895508
-0.072671294 0.020288289 0.997149706 142.369628906 0.016688835 0.999677837 -0.019123467 -2.292161942 -0.997216463 0.015251541 -0.072986484 11.994216919
-0.071345448 0.022879979 0.997189283 143.685791016 0.018716289 0.999591589 -0.021596013 -2.316592693 -0.997276068 0.017122904 -0.071744561 11.911163330
-0.069771528 0.025312331 0.997241795 144.962356567 0.020490710 0.999503493 -0.023936111 -2.337917328 -0.997352540 0.018764131 -0.070255637 11.823486328
-0.068661094 0.025319042 0.997318745 146.246231079 0.020346345 0.999505520 -0.023973802 -2.366597652 -0.997432530 0.018645724 -0.069142222 11.734298706
-0.068294883 0.023513159 0.997388244 147.527145386 0.019020436 0.999571204 -0.022262229 -2.391160488 -0.997484028 0.017450364 -0.068712831 11.653274536
-0.068535924 0.019975629 0.997448623 148.801681519 0.018805783 0.999647737 -0.018727502 -2.421360970 -0.997471392 0.017474296 -0.068887472 11.575622559
-0.069008112 0.017757809 0.997458100 150.065582275 0.018521750 0.999692023 -0.016516171 -2.443607807 -0.997444212 0.017334919 -0.069315791 11.484710693
-0.070905089 0.019010836 0.997301936 151.367614746 0.019796023 0.999648273 -0.017648127 -2.468424320 -0.997286677 0.018491268 -0.071256518 11.407318115
-0.071725130 0.021452034 0.997193813 152.636459351 0.019702492 0.999604106 -0.020086750 -2.487760782 -0.997229934 0.018206481 -0.072119355 11.315429688
-0.073929906 0.023196194 0.996993780 153.875228882 0.018483605 0.999589622 -0.021885982 -2.476682186 -0.997092307 0.016810011 -0.074328303 11.239486694
-0.076397538 0.021831084 0.996838570 155.142181396 0.016393423 0.999652624 -0.020636329 -2.499066353 -0.996942818 0.014765032 -0.076728940 11.152603149
-0.078352213 0.018264767 0.996758401 156.461013794 0.016885847 0.999713063 -0.016991559 -2.559358597 -0.996782720 0.015499784 -0.078638196 11.062088013
-0.080386281 0.016230386 0.996631682 157.749114990 0.017874297 0.999730110 -0.014839142 -2.571856022 -0.996603549 0.016621226 -0.080654740 10.966339111
-0.082105398 0.014894270 0.996512473 159.004943848 0.018487018 0.999739051 -0.013419302 -2.583204508 -0.996452272 0.017320745 -0.082359433 10.859191895
-0.084241271 0.013891270 0.996348560 160.295928955 0.019852033 0.999727786 -0.012259894 -2.619815111 -0.996247649 0.018746754 -0.084494114 10.772872925
-0.085863352 0.013752289 0.996212065 161.574096680 0.022487387 0.999676764 -0.011861935 -2.632097483 -0.996053159 0.021383701 -0.086144805 10.650848389
-0.087514997 0.014535396 0.996057153 162.828460693 0.022940561 0.999657750 -0.012572349 -2.650502920 -0.995899022 0.021749841 -0.087818503 10.537124634
-0.089246869 0.015899956 0.995882630 164.092666626 0.024284512 0.999610066 -0.013783189 -2.659587383 -0.995713413 0.022954417 -0.089598179 10.427307129
-0.091042280 0.016571201 0.995709300 165.349182129 0.024436958 0.999597609 -0.014401535 -2.671461344 -0.995547295 0.023020957 -0.091410518 10.318664551
-0.092201948 0.018442718 0.995569646 166.593353271 0.025807919 0.999536872 -0.016126083 -2.688517332 -0.995405972 0.024206720 -0.092635274 10.203125000
-0.091850758 0.019938886 0.995573282 167.879165649 0.027512014 0.999468625 -0.017478673 -2.706847668 -0.995392740 0.025784796 -0.092350483 10.079772949
-0.091157794 0.020411910 0.995627403 169.135742188 0.026103055 0.999495387 -0.018101269 -2.731557369 -0.995494425 0.024338843 -0.091644526 9.974136353
-0.090302825 0.021151418 0.995689690 170.404953003 0.025434813 0.999497294 -0.018925523 -2.750687599 -0.995589435 0.023616150 -0.090795398 9.865417480
-0.089445829 0.021740299 0.995754540 171.659729004 0.025140602 0.999492466 -0.019563608 -2.774538279 -0.995674491 0.023283985 -0.089946985 9.751693726
-0.088298917 0.021577392 0.995860279 172.904449463 0.024510164 0.999509692 -0.019483248 -2.799450636 -0.995792389 0.022688350 -0.088784456 9.642669678
-0.086112022 0.021325506 0.996057332 174.166534424 0.025020402 0.999501824 -0.019236172 -2.824199200 -0.995971382 0.023265289 -0.086602688 9.533462524
-0.084628940 0.020535702 0.996200919 175.435211182 0.028343732 0.999432623 -0.018194476 -2.847105503 -0.996009350 0.026696272 -0.085162997 9.427932739
-0.082885861 0.023689259 0.996277630 176.696655273 0.029974036 0.999324381 -0.021268006 -2.869637012 -0.996108353 0.028099645 -0.083539963 9.317596436
-0.081290603 0.025263956 0.996370137 177.960021973 0.030265057 0.999280274 -0.022868514 -2.886534452 -0.996230781 0.028296204 -0.081996679 9.217849731
-0.079601645 0.026279142 0.996480405 179.191192627 0.029519686 0.999276161 -0.023994762 -2.910667658 -0.996389687 0.027505768 -0.080319762 9.120483398
-0.080000043 0.023061987 0.996528029 180.469070435 0.026459545 0.999429166 -0.021004988 -2.937779188 -0.996443629 0.024687279 -0.080564618 9.030059814
-0.080363870 0.022018228 0.996522427 181.701309204 0.024568550 0.999495983 -0.020102618 -2.961011648 -0.996462822 0.022867586 -0.080864310 8.926467896
-0.082789660 0.019956147 0.996367216 182.984161377 0.021225313 0.999607980 -0.018257415 -2.985997438 -0.996340990 0.019636681 -0.083180785 8.841094971
-0.085137010 0.020775357 0.996152639 184.229797363 0.019336672 0.999628723 -0.019195229 -3.005486250 -0.996181607 0.017628053 -0.085507154 8.737991333
-0.088358521 0.020780059 0.995871961 185.476104736 0.018631848 0.999641955 -0.019205621 -3.024164677 -0.995914459 0.016857957 -0.088714004 8.635040283
-0.091453910 0.021458190 0.995578110 186.729370117 0.019073710 0.999622166 -0.019793240 -3.046408415 -0.995626628 0.017179199 -0.091828704 8.526855469
-0.094091654 0.021091990 0.995340109 187.972610474 0.021020941 0.999594748 -0.019194996 -3.067401648 -0.995341659 0.019116899 -0.094496846 8.409347534
-0.096239448 0.020301139 0.995151222 189.220733643 0.022327913 0.999584436 -0.018232284 -3.083996296 -0.995107830 0.020464987 -0.096652627 8.290390015
-0.098217249 0.019936528 0.994965315 190.460662842 0.025202308 0.999528468 -0.017540140 -3.111488819 -0.994845867 0.023352679 -0.098673344 8.167114258
-0.099699974 0.021151209 0.994792938 191.715255737 0.026701974 0.999470830 -0.018574558 -3.128082752 -0.994659424 0.024711050 -0.100211978 8.047225952
-0.100231051 0.021133071 0.994739890 192.939025879 0.028044244 0.999437213 -0.018407105 -3.147139311 -0.994569063 0.026051765 -0.100767374 7.928237915
-0.100657105 0.020727858 0.994705379 194.176849365 0.028548215 0.999431491 -0.017937472 -3.165926933 -0.994511664 0.026591528 -0.101191640 7.797561646
-0.100924253 0.018505728 0.994722068 195.401885986 0.027936524 0.999485433 -0.015759917 -3.182674885 -0.994501889 0.026198519 -0.101389289 7.675384521
-0.101630092 0.016579231 0.994684041 196.629547119 0.029136000 0.999481797 -0.013682280 -3.212068081 -0.994395494 0.027590584 -0.102060556 7.551910400
-0.102175236 0.012873128 0.994683146 197.839324951 0.030382648 0.999490142 -0.009814394 -3.232523918 -0.994302392 0.029218320 -0.102514267 7.433258057
-0.102759242 0.012101474 0.994632661 199.047134399 0.030311700 0.999499738 -0.009029074 -3.243600607 -0.994244337 0.029221185 -0.103074670 7.316696167
-0.102611899 0.012717705 0.994640350 200.264129639 0.032441869 0.999429107 -0.009432084 -3.252262115 -0.994192481 0.031300146 -0.102965832 7.188812256
-0.102607369 0.014668888 0.994613767 201.485183716 0.032994676 0.999391258 -0.011335516 -3.260293007 -0.994174540 0.031653851 -0.103028893 7.074752808
-0.101222396 0.015812436 0.994738281 202.704589844 0.034433648 0.999330282 -0.012381546 -3.272277355 -0.994267881 0.032999180 -0.101698995 6.945877075
-0.099806786 0.016057471 0.994877338 203.921035767 0.033929937 0.999343216 -0.012725681 -3.285081625 -0.994428217 0.032486014 -0.100286007 6.825927734
-0.098301530 0.015428044 0.995037258 205.121841431 0.034576382 0.999329090 -0.012078734 -3.297311783 -0.994556010 0.033217426 -0.098769069 6.713500977
-0.096857905 0.014653665 0.995190382 206.342132568 0.037743203 0.999226511 -0.011039700 -3.316379070 -0.994582355 0.036492389 -0.097336054 6.587188721
-0.096150279 0.014397283 0.995262802 207.543136597 0.040638439 0.999118447 -0.010527069 -3.326735020 -0.994536996 0.039433744 -0.096650600 6.479690552
-0.095699787 0.012762032 0.995328426 208.785186768 0.049452685 0.998744011 -0.008051003 -3.338873148 -0.994181097 0.048451185 -0.096210718 6.344161987
-0.095858574 0.014502090 0.995289385 209.988922119 0.049462553 0.998728037 -0.009788348 -3.348654270 -0.994165361 0.048291255 -0.096453905 6.237426758
-0.095976233 0.020540552 0.995171785 211.198760986 0.055578522 0.998337924 -0.015245816 -3.359817743 -0.993830919 0.053846937 -0.096958280 6.108093262
-0.096536398 0.024245709 0.995034218 212.422363281 0.052719153 0.998424530 -0.019213615 -3.377549887 -0.993932426 0.050602544 -0.097662449 5.988296509
-0.097206712 0.024816584 0.994954944 213.646896362 0.049495433 0.998572648 -0.020071143 -3.400003433 -0.994032860 0.047294673 -0.098296285 5.875488281
-0.096126080 0.023855578 0.995083332 214.866500854 0.047518667 0.998682857 -0.019351523 -3.416712999 -0.994234324 0.045424845 -0.097133040 5.755691528
-0.094338417 0.022429083 0.995287657 216.072937012 0.046119343 0.998771310 -0.018136170 -3.439608097 -0.994471490 0.044191074 -0.095256925 5.646163940
-0.091979504 0.021900224 0.995520055 217.292938232 0.045853101 0.998790741 -0.017735651 -3.463872910 -0.994704664 0.044016365 -0.092872381 5.538375854
-0.088993669 0.022418166 0.995779812 218.504608154 0.043836441 0.998866141 -0.018569946 -3.488057137 -0.995067000 0.041998841 -0.089875460 5.437545776
-0.085439324 0.025103493 0.996027052 219.730422974 0.044413965 0.998784781 -0.021363156 -3.505249500 -0.995352983 0.042412255 -0.086450458 5.325866699
-0.082606912 0.025044024 0.996267438 220.944335938 0.038452849 0.999019861 -0.021924838 -3.532916069 -0.995840073 0.036498178 -0.083489060 5.233642578
-0.079692960 0.022904322 0.996556342 222.175613403 0.038461618 0.999062181 -0.019886209 -3.554281235 -0.996077240 0.036744379 -0.080499172 5.129089355
-0.077638984 0.019317027 0.996794343 223.403839111 0.038573515 0.999121845 -0.016357694 -3.574961662 -0.996235013 0.037179869 -0.078315854 5.046218872
-0.075094223 0.017938407 0.997015059 224.629714966 0.040316861 0.999075234 -0.014938846 -3.598560572 -0.996361077 0.039074697 -0.075748086 4.959930420
-0.072292328 0.021956654 0.997141778 225.828323364 0.043317553 0.998883426 -0.018854504 -3.615648508 -0.996442378 0.041830707 -0.073162675 4.861953735
-0.069173813 0.024794653 0.997296393 227.031158447 0.042407498 0.998860538 -0.021892101 -3.638800621 -0.996702790 0.040778488 -0.070146441 4.778381348
-0.067249060 0.025657821 0.997406304 228.258285522 0.038384233 0.998995781 -0.023110695 -3.661064148 -0.996997595 0.036730502 -0.068166375 4.700180054
-0.064962626 0.021891179 0.997647703 229.462661743 0.033749115 0.999235630 -0.019728430 -3.684706926 -0.997316957 0.032388117 -0.065651774 4.631362915
-0.063160658 0.020351602 0.997795820 230.688323975 0.031104064 0.999346495 -0.018414337 -3.707844496 -0.997518539 0.029872444 -0.063752413 4.557861328
-0.061990499 0.019623337 0.997883856 231.897445679 0.029603185 0.999403000 -0.017814206 -3.729243279 -0.997637689 0.028436230 -0.062534332 4.496688843
-0.060896158 0.021507520 0.997912526 233.133804321 0.031862941 0.999300182 -0.019593045 -3.746625423 -0.997635543 0.030603286 -0.061538815 4.416992188
-0.059937835 0.020732097 0.997986794 234.357467651 0.034380943 0.999233961 -0.018693129 -3.762821198 -0.997609854 0.033191297 -0.060604692 4.336318970
-0.058530211 0.018941635 0.998106003 235.576293945 0.035966165 0.999210894 -0.016853502 -3.780719042 -0.997637630 0.034911603 -0.059165239 4.256256104
-0.058668494 0.017497191 0.998124182 236.834304810 0.037433032 0.999181747 -0.015315464 -3.802980661 -0.997575462 0.036464278 -0.059275508 4.195465088
-0.057853937 0.016762657 0.998184323 238.059295654 0.037894063 0.999175370 -0.014582994 -3.822530508 -0.997605622 0.036981575 -0.058441401 4.115264893
-0.057505727 0.017061563 0.998199582 239.287933350 0.037567962 0.999182761 -0.014914109 -3.841145039 -0.997638285 0.036642674 -0.058099747 4.050720215
-0.056714058 0.018552193 0.998218060 240.540298462 0.037465502 0.999162674 -0.016441135 -3.850651979 -0.997687221 0.036466297 -0.057361603 3.972076416
-0.056232691 0.020226650 0.998212755 241.786590576 0.036800425 0.999157369 -0.018172698 -3.862484455 -0.997739196 0.035712756 -0.056929588 3.900695801
-0.056336641 0.019892989 0.998213649 243.028747559 0.039437287 0.999065518 -0.017684227 -3.884491444 -0.997632623 0.038370568 -0.057068467 3.831237793
-0.056584954 0.017827896 0.998238742 244.266860962 0.040990926 0.999038994 -0.015518635 -3.897948503 -0.997556090 0.040040605 -0.057261348 3.757873535
-0.056822538 0.018037442 0.998221338 245.525115967 0.041448023 0.999017417 -0.015692450 -3.924677134 -0.997523546 0.040482618 -0.057514310 3.690277100
-0.056863308 0.022349158 0.998131871 246.758300781 0.041730307 0.998928905 -0.019989641 -3.939342022 -0.997509539 0.040515665 -0.057735085 3.610168457
-0.058423996 0.025572691 0.997964263 248.006546021 0.039174255 0.998960614 -0.023304837 -3.960033417 -0.997522950 0.037732948 -0.059365153 3.546020508
-0.060253143 0.025590325 0.997855067 249.257446289 0.033700716 0.999153554 -0.023588687 -3.978230715 -0.997614086 0.032207139 -0.061064601 3.487670898
-0.061110854 0.024045303 0.997841299 250.515014648 0.029135767 0.999326766 -0.022296736 -4.008469582 -0.997705638 0.027710300 -0.061770320 3.413452148
-0.061628342 0.023656681 0.997818828 251.762161255 0.028493505 0.999353290 -0.021933215 -4.026873112 -0.997692406 0.027079646 -0.062262535 3.338195801
-0.062637806 0.022745853 0.997777104 253.030776978 0.027340913 0.999404132 -0.021066554 -4.047687531 -0.997661769 0.025960574 -0.063222408 3.274627686
-0.062958598 0.021880949 0.997776389 254.311676025 0.026885347 0.999433994 -0.020220868 -4.068212032 -0.997654080 0.025552483 -0.063511252 3.195587158
-0.063444018 0.021697896 0.997749507 255.545211792 0.025704684 0.999467492 -0.020100769 -4.091727734 -0.997654319 0.024371563 -0.063967943 3.124359131
-0.063046694 0.022713443 0.997752130 256.792175293 0.026666945 0.999422371 -0.021066418 -4.111686707 -0.997654319 0.025278833 -0.063615918 3.042755127
-0.063442588 0.023150321 0.997716963 258.063659668 0.026292648 0.999422669 -0.021518009 -4.138391495 -0.997639120 0.024867464 -0.064014673 2.972961426
-0.063764215 0.023212928 0.997695029 259.304443359 0.026274074 0.999421954 -0.021573894 -4.159534931 -0.997619152 0.024837870 -0.064337254 2.897125244
-0.065302491 0.023407744 0.997590899 260.569091797 0.028620360 0.999357462 -0.021575700 -4.185902119 -0.997455001 0.027142463 -0.065930486 2.818542480
-0.067244768 0.025282802 0.997416317 261.811584473 0.031969387 0.999220192 -0.023173196 -4.207499981 -0.997224391 0.030328512 -0.068000555 2.730438232
-0.069366813 0.027215410 0.997219920 263.092864990 0.034142680 0.999106944 -0.024891939 -4.231319904 -0.997006774 0.032321088 -0.070234060 2.646911621
-0.070437789 0.025200177 0.997197807 264.343536377 0.037564378 0.999038756 -0.022593312 -4.260826588 -0.996808648 0.035867691 -0.071316719 2.541900635
-0.072113872 0.019592522 0.997204006 265.598937988 0.035640053 0.999219179 -0.017054766 -4.285838127 -0.996759474 0.034310516 -0.072755933 2.457214355
-0.074593067 0.012517607 0.997135639 266.860504150 0.031910893 0.999439061 -0.010159359 -4.298575401 -0.996703506 0.031061670 -0.074950695 2.372955322
-0.076880932 0.009591958 0.996994138 268.108673096 0.029807109 0.999528885 -0.007317839 -4.310755730 -0.996594667 0.029154913 -0.077130556 2.283813477
-0.078746319 0.011460221 0.996828794 269.356933594 0.028399408 0.999553859 -0.009248086 -4.319100857 -0.996490121 0.027581096 -0.079036713 2.196380615
-0.079259515 0.018954193 0.996673942 270.626617432 0.030736344 0.999390304 -0.016561581 -4.329147339 -0.996380150 0.029321451 -0.079793811 2.093872070
-0.079568624 0.018114345 0.996664762 271.867095947 0.032873441 0.999338746 -0.015538496 -4.342901230 -0.996287167 0.031527426 -0.080111504 1.989440918
-0.079518437 0.015578630 0.996711671 273.125793457 0.034996398 0.999305129 -0.012827129 -4.373209953 -0.996218920 0.033861328 -0.080008388 1.891174316
-0.079846740 0.013959203 0.996709526 274.362579346 0.034559235 0.999339581 -0.011227493 -4.387346745 -0.996208012 0.033549037 -0.080276370 1.800628662
-0.079511285 0.014025766 0.996735275 275.643493652 0.034462675 0.999341965 -0.011313299 -4.398731709 -0.996238053 0.033450630 -0.079942346 1.704040527
-0.078773141 0.012507447 0.996814132 276.900665283 0.035655744 0.999316871 -0.009721159 -4.406641960 -0.996254742 0.034776382 -0.079165220 1.602416992
-0.077988029 0.012913207 0.996870816 278.157043457 0.037354410 0.999251842 -0.010021718 -4.419374943 -0.996254385 0.036455940 -0.078412056 1.505401611
-0.076983213 0.014167908 0.996931791 279.401062012 0.039334342 0.999163747 -0.011162230 -4.426839828 -0.996256292 0.038354352 -0.077476144 1.405395508
-0.076571941 0.015585261 0.996942222 280.699859619 0.040344782 0.999107361 -0.012520354 -4.429035664 -0.996247470 0.039262712 -0.077132463 1.308044434
-0.075538993 0.017546168 0.996988654 281.966033936 0.040805690 0.999062002 -0.014490932 -4.439713478 -0.996307731 0.039588172 -0.076184154 1.206085205
-0.075364590 0.021112589 0.996932626 283.253692627 0.039175492 0.999066651 -0.018196262 -4.460865021 -0.996386290 0.037683975 -0.076121330 1.117736816
-0.075791121 0.023196287 0.996854067 284.515014648 0.035586618 0.999155402 -0.020544190 -4.476888657 -0.996488690 0.033917598 -0.076552510 1.016998291
-0.078333378 0.021309143 0.996699631 285.797973633 0.029837670 0.999373734 -0.019021301 -4.501121521 -0.996480763 0.028249191 -0.078920126 0.944824219
-0.080246568 0.020234352 0.996569812 287.076690674 0.024893688 0.999522805 -0.018289808 -4.522708893 -0.996464312 0.023340603 -0.080711961 0.847503662
-0.082857847 0.018047499 0.996398032 288.346954346 0.021963215 0.999626219 -0.016279571 -4.547327042 -0.996319413 0.020535212 -0.083223224 0.756195068
-0.084806323 0.017093703 0.996250808 289.618988037 0.019537110 0.999689162 -0.015489593 -4.563687325 -0.996205926 0.018150246 -0.085113883 0.660736084
-0.086168528 0.016167805 0.996149361 290.887359619 0.020678516 0.999681950 -0.014436414 -4.580871582 -0.996065974 0.019354928 -0.086475372 0.556152344
-0.086361527 0.016643656 0.996124864 292.155029297 0.022206044 0.999644220 -0.014777252 -4.596706867 -0.996016383 0.020843806 -0.086700439 0.444122314
-0.085436463 0.016380480 0.996209025 293.424224854 0.021521406 0.999661922 -0.014591547 -4.609685898 -0.996111214 0.020193171 -0.085760117 0.341125488
-0.084643722 0.014738629 0.996302247 294.690612793 0.022684177 0.999659956 -0.012861100 -4.629386902 -0.996152997 0.021511687 -0.084949255 0.239562988
-0.084160805 0.014401988 0.996348143 295.954620361 0.020945095 0.999700189 -0.012681226 -4.643206596 -0.996232092 0.019801343 -0.084437251 0.137329102
-0.083264709 0.017529154 0.996373415 297.207489014 0.021107430 0.999651968 -0.015822938 -4.660889626 -0.996304035 0.019713389 -0.083605766 0.029815674
-0.082392573 0.020096038 0.996397316 298.468017578 0.023744959 0.999552429 -0.018196186 -4.681407928 -0.996317029 0.022160182 -0.082832932 -0.074279785
-0.081315398 0.019869529 0.996490419 299.714508057 0.026250869 0.999497116 -0.017787365 -4.701949120 -0.996342719 0.024712352 -0.081796050 -0.173126221
-0.080203176 0.019491669 0.996588051 300.985748291 0.027257279 0.999477804 -0.017354589 -4.723340034 -0.996405900 0.025772385 -0.080692530 -0.280975342
-0.079393983 0.018598244 0.996669888 302.232177734 0.027293671 0.999491632 -0.016476706 -4.739069462 -0.996469676 0.025894627 -0.079861283 -0.377288818
-0.078932166 0.015681479 0.996756613 303.484222412 0.023693647 0.999623299 -0.013850301 -4.758604527 -0.996598363 0.022523563 -0.079274058 -0.468719482
-0.078068972 0.012528680 0.996869266 304.716979980 0.020014521 0.999739230 -0.010997332 -4.773528099 -0.996747077 0.019093310 -0.078299284 -0.571807861
-0.078505635 0.011536771 0.996846855 305.962005615 0.018316802 0.999780953 -0.010128206 -4.791920662 -0.996745348 0.017463926 -0.078699708 -0.654296875
-0.078207731 0.012214269 0.996862292 307.197540283 0.018473502 0.999770999 -0.010800591 -4.807046890 -0.996765971 0.017570848 -0.078415513 -0.743835449
-0.077796698 0.016035773 0.996840298 308.430999756 0.021505237 0.999664962 -0.014402875 -4.826704025 -0.996737301 0.020316791 -0.078115463 -0.844665527
-0.076743841 0.020868350 0.996832550 309.651184082 0.024905063 0.999509096 -0.019007003 -4.842452526 -0.996739864 0.023367506 -0.077225924 -0.947631836
-0.076686978 0.021267658 0.996828556 310.883209229 0.026539596 0.999461770 -0.019282129 -4.868577957 -0.996702135 0.024976738 -0.077210188 -1.031951904
-0.076262593 0.017702784 0.996930659 312.098663330 0.027330130 0.999503851 -0.015657797 -4.887740135 -0.996713161 0.026052142 -0.076708555 -1.131286621
-0.076738954 0.011254190 0.996987641 313.332916260 0.030052772 0.999508083 -0.008969453 -4.902532101 -0.996598125 0.029273938 -0.077039480 -1.220062256
-0.077024937 0.003969999 0.997021377 314.560241699 0.032458872 0.999471962 -0.001472150 -4.906883240 -0.996500790 0.032248791 -0.077113152 -1.313293457
-0.077502131 0.002407978 0.996989369 315.787048340 0.037527990 0.999295473 0.000503731 -4.907589436 -0.996285737 0.037454046 -0.077537894 -1.412750244
-0.078186274 0.005825431 0.996921718 316.996551514 0.041956790 0.999116182 -0.002547678 -4.910437107 -0.996055484 0.041628443 -0.078361511 -1.512115479
-0.078765631 0.014928535 0.996781468 318.206970215 0.041896094 0.999054015 -0.011651947 -4.912339211 -0.996012449 0.040843476 -0.079316497 -1.612976074
-0.080095410 0.022411754 0.996535182 319.377868652 0.040474266 0.998995841 -0.019214023 -4.933616161 -0.995965123 0.038795080 -0.080922008 -1.694427490
-0.082220197 0.026512247 0.996261597 320.560821533 0.036950383 0.999039888 -0.023536719 -4.960023880 -0.995929062 0.034877051 -0.083120942 -1.770172119
-0.083722472 0.024397543 0.996190369 321.786560059 0.034568608 0.999169648 -0.021565270 -4.983265400 -0.995889306 0.032631416 -0.084496379 -1.872741699
-0.085857391 0.019748976 0.996111810 322.982604980 0.032574438 0.999324620 -0.017005010 -5.003024578 -0.995774865 0.030987775 -0.086442709 -1.973785400
-0.088729501 0.015960341 0.995927930 324.191711426 0.031807952 0.999407053 -0.013182254 -5.022636414 -0.995547771 0.030508770 -0.089184642 -2.070709229
-0.091292143 0.013553626 0.995732009 325.369476318 0.032808706 0.999405503 -0.010595618 -5.034790039 -0.995283663 0.031701382 -0.091682553 -2.163848877
-0.093423009 0.013409537 0.995536268 326.588470459 0.033519816 0.999384820 -0.010315814 -5.045084000 -0.995062113 0.032406453 -0.093814969 -2.286529541
-0.095961571 0.015525386 0.995263934 327.754058838 0.033003043 0.999378204 -0.012407469 -5.059228897 -0.994837761 0.031656098 -0.096414328 -2.399261475
-0.098898530 0.017612098 0.994941652 328.926605225 0.032488257 0.999367476 -0.014461064 -5.076733589 -0.994567037 0.030893741 -0.099408150 -2.505371094
-0.101741791 0.017575130 0.994655550 330.112426758 0.030261546 0.999435902 -0.014564189 -5.088325977 -0.994350433 0.028618028 -0.102216244 -2.620910645
-0.104055166 0.016013119 0.994442642 331.279266357 0.028873734 0.999497592 -0.013073267 -5.110649109 -0.994152367 0.027352931 -0.104465246 -2.746124268
-0.106743693 0.014795341 0.994176507 332.432250977 0.027269982 0.999556720 -0.011947461 -5.128413200 -0.993912578 0.025835861 -0.107099771 -2.861145020
-0.109411120 0.013553018 0.993904173 333.565734863 0.026590960 0.999589086 -0.010703348 -5.143755913 -0.993640840 0.025257802 -0.109726548 -2.979461670
-0.111944914 0.012742396 0.993632853 334.695343018 0.025741093 0.999619424 -0.009919124 -5.155994892 -0.993381083 0.024466798 -0.112230301 -3.101318359
-0.114627004 0.011495505 0.993342280 335.803833008 0.025543742 0.999636531 -0.008620725 -5.177886486 -0.993080318 0.024385508 -0.114878893 -3.223144531
-0.116610289 0.010197704 0.993125558 336.901123047 0.025152771 0.999656856 -0.007311401 -5.189177036 -0.992859364 0.024127273 -0.116826773 -3.350250244
-0.118321180 0.009529788 0.992929637 337.983642578 0.026206270 0.999635637 -0.006471314 -5.195068836 -0.992629528 0.025255291 -0.118527770 -3.482330322
-0.119424462 0.010395177 0.992789030 339.052093506 0.027676657 0.999591470 -0.007137131 -5.200473785 -0.992457628 0.026624730 -0.119663358 -3.624938965
-0.121616960 0.011348811 0.992512226 340.121643066 0.028391697 0.999565244 -0.007950498 -5.219800949 -0.992170990 0.027212190 -0.121886253 -3.738586426
-0.122787356 0.012433462 0.992355287 341.170166016 0.029732861 0.999518752 -0.008844279 -5.231076241 -0.991987705 0.028419593 -0.123097897 -3.866455078
-0.123629332 0.012962950 0.992243826 342.219573975 0.031269919 0.999468982 -0.009161245 -5.238259315 -0.991835654 0.029894784 -0.123969078 -3.999114990
-0.124344707 0.013126558 0.992152452 343.249572754 0.031384099 0.999464214 -0.009289990 -5.247822285 -0.991742790 0.029982647 -0.124690056 -4.124206543
-0.125122666 0.013395034 0.992050886 344.294067383 0.033258453 0.999403536 -0.009299582 -5.266476154 -0.991583705 0.031830490 -0.125493526 -4.248229980
-0.125339508 0.011753808 0.992044449 345.333007812 0.035377908 0.999346852 -0.007370523 -5.279190063 -0.991483092 0.034172636 -0.125673413 -4.389434814
-0.126097798 0.009168796 0.991975427 346.353363037 0.035683304 0.999352098 -0.004700994 -5.283567905 -0.991375804 0.034804177 -0.126343250 -4.516571045
-0.126926422 0.007670919 0.991882443 347.410980225 0.037008092 0.999310493 -0.002992617 -5.294995308 -0.991221488 0.036327835 -0.127122879 -4.655181885
-0.128122091 0.009034342 0.991717160 348.437957764 0.038244002 0.999259770 -0.004162224 -5.294022083 -0.991020679 0.037393961 -0.128372788 -4.790069580
-0.129954696 0.012260668 0.991444230 349.431182861 0.039611645 0.999189496 -0.007164311 -5.295721531 -0.990728498 0.038341697 -0.130335093 -4.923858643
-0.131559372 0.016343962 0.991173685 350.421325684 0.040619422 0.999113202 -0.011083432 -5.311350346 -0.990475833 0.038802769 -0.132106662 -5.052429199
-0.133252740 0.021253683 0.990854263 351.411712646 0.043227889 0.998943210 -0.015613796 -5.323283195 -0.990139008 0.040751956 -0.134030581 -5.192565918
-0.135010362 0.021960644 0.990600884 352.379364014 0.045392882 0.998841763 -0.015956685 -5.330495358 -0.989803970 0.042811908 -0.135850787 -5.320129395
-0.137386680 0.016291147 0.990383565 353.405761719 0.048660472 0.998768508 -0.009678861 -5.352059841 -0.989321530 0.046862785 -0.138010263 -5.470642090
-0.138005614 0.012028596 0.990358412 354.377838135 0.049950790 0.998738289 -0.005169779 -5.360314846 -0.989171088 0.048755728 -0.138432384 -5.618896484
-0.140430331 0.013298363 0.990001202 355.312377930 0.050946772 0.998682201 -0.006188242 -5.368315697 -0.988778889 0.049568351 -0.140922785 -5.741027832
-0.141983151 0.016390974 0.989733517 356.247253418 0.049334973 0.998737454 -0.009462707 -5.373098373 -0.988639057 0.047484927 -0.142612457 -5.875793457
-0.144452214 0.018285124 0.989342868 357.167846680 0.046737980 0.998839378 -0.011636516 -5.375049114 -0.988407433 0.044558965 -0.145139098 -5.996398926
-0.147104740 0.019107200 0.988936424 358.084136963 0.044130303 0.998944581 -0.012736168 -5.389062881 -0.988136053 0.041768510 -0.147792697 -6.131256104
-0.149623156 0.018768657 0.988564909 358.991638184 0.042165905 0.999031365 -0.012585395 -5.396911621 -0.987843573 0.039800670 -0.150269628 -6.269500732
-0.152969122 0.018239483 0.988062680 359.931732178 0.039366063 0.999148548 -0.012349583 -5.412806511 -0.987446666 0.037007034 -0.153556943 -6.398223877
-0.155694604 0.017706109 0.987646699 360.827484131 0.037570760 0.999222040 -0.011990905 -5.423718452 -0.987090647 0.035239711 -0.156238675 -6.537872314
-0.159049630 0.016668765 0.987129927 361.716766357 0.035624787 0.999303222 -0.011134342 -5.431684494 -0.986627698 0.033395380 -0.159532547 -6.674163818
-0.162608027 0.016895717 0.986546099 362.585418701 0.035413139 0.999309123 -0.011277310 -5.438766003 -0.986055076 0.033102911 -0.163094044 -6.812683105
-0.166634202 0.016228504 0.985885203 363.468688965 0.034100201 0.999361277 -0.010686717 -5.450708389 -0.985428929 0.031838108 -0.167081237 -6.961517334
-0.170557976 0.016843757 0.985203683 364.326232910 0.033726472 0.999367833 -0.011247207 -5.464258671 -0.984770298 0.031309146 -0.171018243 -7.110717773
-0.174841404 0.016993295 0.984449983 365.167053223 0.032597922 0.999402821 -0.011461915 -5.474437714 -0.984056890 0.030087005 -0.175290942 -7.255706787
-0.178775311 0.016675251 0.983748615 366.005798340 0.031084800 0.999452949 -0.011292454 -5.484049797 -0.983398736 0.028560819 -0.179195762 -7.408081055
-0.182577372 0.016526474 0.983052731 366.821533203 0.029992001 0.999487042 -0.011232498 -5.487192154 -0.982734084 0.027432915 -0.182979465 -7.560302734
-0.186716080 0.015856158 0.982285976 367.638305664 0.031076886 0.999464691 -0.010226266 -5.500226021 -0.981922269 0.028616980 -0.187108874 -7.716613770
-0.190302491 0.015063966 0.981610060 368.420898438 0.030164426 0.999499917 -0.009490604 -5.507980824 -0.981262147 0.027803617 -0.190661669 -7.871582031
-0.195089102 0.014581166 0.980677068 369.202209473 0.028586701 0.999549210 -0.009174924 -5.520180702 -0.980368793 0.026244394 -0.195418000 -8.017791748
-0.198792696 0.015008613 0.979926765 369.963745117 0.027749900 0.999568045 -0.009679967 -5.527996063 -0.979648709 0.025268562 -0.199123383 -8.177337646
-0.202803850 0.015678795 0.979093790 370.713165283 0.028581953 0.999540567 -0.010085917 -5.536541939 -0.978802145 0.025938950 -0.203158855 -8.328247070
-0.206316471 0.015304659 0.978365600 371.463073730 0.028168099 0.999556184 -0.009696092 -5.542645454 -0.978079796 0.025558237 -0.206656098 -8.489257812
-0.209950089 0.014812259 0.977599919 372.201171875 0.029178469 0.999534786 -0.008878219 -5.549584866 -0.977276623 0.026660884 -0.210284591 -8.650543213
-0.213384390 0.014748122 0.976857007 372.922149658 0.030505141 0.999499083 -0.008426426 -5.556890488 -0.976491988 0.028001092 -0.213727474 -8.809265137
-0.216382027 0.014569096 0.976200104 373.636932373 0.030826934 0.999492049 -0.008083695 -5.566977978 -0.975822031 0.028344089 -0.216721177 -8.969177246
-0.219594240 0.013938707 0.975491762 374.345611572 0.029246222 0.999542594 -0.007698713 -5.571919918 -0.975152850 0.026838854 -0.219901443 -9.127838135
-0.222150803 0.013131069 0.974923849 375.028167725 0.028321115 0.999574304 -0.007009695 -5.580313683 -0.974600911 0.026053723 -0.222428203 -9.281616211
-0.224391580 0.012437700 0.974419773 375.693725586 0.028908059 0.999563456 -0.006101631 -5.582331181 -0.974070251 0.026799429 -0.224653125 -9.434661865
-0.226818442 0.012017046 0.973862886 376.370300293 0.029811870 0.999540985 -0.005390540 -5.592491150 -0.973480642 0.027810000 -0.227072597 -9.595855713
-0.229082108 0.012236455 0.973330200 377.020812988 0.027524130 0.999602616 -0.006088691 -5.598159790 -0.973017931 0.025395257 -0.229327917 -9.746948242
-0.231490612 0.013320561 0.972746074 377.648803711 0.027677400 0.999591708 -0.007101615 -5.601479053 -0.972443461 0.025279121 -0.231764793 -9.883483887
-0.232967138 0.014837179 0.972371519 378.281005859 0.029879097 0.999520779 -0.008092816 -5.610786915 -0.972025573 0.027168222 -0.233298779 -10.036285400
-0.234220624 0.016073603 0.972050786 378.875396729 0.031548690 0.999462366 -0.008925064 -5.613177299 -0.971671641 0.028576491 -0.234601855 -10.182617188
-0.235220313 0.015838478 0.971813023 379.486389160 0.032211091 0.999445021 -0.008492360 -5.619850636 -0.971408188 0.029305583 -0.235599875 -10.331024170
-0.236517429 0.014914406 0.971512914 380.064941406 0.032739479 0.999436736 -0.007372576 -5.628760338 -0.971075654 0.030063082 -0.236872554 -10.470550537
-0.237481833 0.014630517 0.971281946 380.611938477 0.034359854 0.999387383 -0.006652771 -5.635653496 -0.970784247 0.031793188 -0.237839103 -10.609008789
-0.237793684 0.014844916 0.971202254 381.173492432 0.036503136 0.999313474 -0.006337003 -5.639316082 -0.970629573 0.033945028 -0.238172293 -10.749450684
-0.238989353 0.014703033 0.970911026 381.710876465 0.038521755 0.999241769 -0.005649957 -5.643720627 -0.970257938 0.036050916 -0.239374518 -10.881408691
-0.240058303 0.013686741 0.970662057 382.252624512 0.039125860 0.999224544 -0.004413114 -5.649903297 -0.969969749 0.036918577 -0.240407705 -11.020172119
-0.240837574 0.013216235 0.970475674 382.769378662 0.038918339 0.999234617 -0.003949742 -5.651381016 -0.969785094 0.036818050 -0.241167665 -11.145141602
-0.241831541 0.013205011 0.970228493 383.275817871 0.040185791 0.999185801 -0.003582734 -5.660090923 -0.969485819 0.038122978 -0.242165327 -11.273193359
-0.243596792 0.012982101 0.969789684 383.781402588 0.040866677 0.999159753 -0.003110159 -5.659662724 -0.969015241 0.038874455 -0.243922710 -11.398956299
-0.246215582 0.012432120 0.969135463 384.264923096 0.040893055 0.999160588 -0.002428125 -5.663623333 -0.968352139 0.039033066 -0.246517301 -11.520355225
-0.249445438 0.013221085 0.968298733 384.737915039 0.040735960 0.999164999 -0.003148464 -5.664503574 -0.967531860 0.038659204 -0.249775767 -11.643005371
-0.253021717 0.013778019 0.967362463 385.206359863 0.040380288 0.999177635 -0.003669355 -5.670598507 -0.966617525 0.038133949 -0.253370047 -11.769775391
-0.257490516 0.014095905 0.966178119 385.654479980 0.040061153 0.999189615 -0.003901060 -5.669804573 -0.965450108 0.037701722 -0.257846475 -11.890472412
-0.262251616 0.014901049 0.964884698 386.078430176 0.040463544 0.999171197 -0.004432736 -5.673110962 -0.964151025 0.037880156 -0.262637258 -12.008789062
-0.267338753 0.016387457 0.963463247 386.492980957 0.040734127 0.999153793 -0.005691735 -5.671931267 -0.962741256 0.037724212 -0.267780066 -12.121704102
-0.272152185 0.016901717 0.962105751 386.916229248 0.042325627 0.999088287 -0.005578693 -5.681526661 -0.961322904 0.039203476 -0.272619486 -12.257934570
-0.277111053 0.017690960 0.960675180 387.302185059 0.042908330 0.999060869 -0.006020748 -5.682556629 -0.959879458 0.039552547 -0.277609825 -12.372955322
-0.281914353 0.018311668 0.959264934 387.679565430 0.043283995 0.999042630 -0.006350449 -5.683060646 -0.958462834 0.039730534 -0.282437086 -12.486358643
-0.286279082 0.018406825 0.957969606 388.051696777 0.043405812 0.999038160 -0.006224572 -5.686203003 -0.957162738 0.039799482 -0.286802769 -12.594482422
-0.289564013 0.018672489 0.956976473 388.416809082 0.043902986 0.999016523 -0.006208512 -5.694002151 -0.956151247 0.040216364 -0.290099025 -12.712432861
-0.293085575 0.018611375 0.955905080 388.753112793 0.043729305 0.999025166 -0.006043285 -5.698652267 -0.955085695 0.040029865 -0.293613672 -12.815246582
-0.295828938 0.018616015 0.955059588 389.072204590 0.044039629 0.999012768 -0.005831511 -5.700319767 -0.954225302 0.040335335 -0.296356678 -12.919464111
-0.298462272 0.019924827 0.954213560 389.390258789 0.045743532 0.998931766 -0.006550765 -5.705399513 -0.953324735 0.041693941 -0.299054861 -13.021057129
-0.300261736 0.020735117 0.953631639 389.688842773 0.046780568 0.998880744 -0.006989600 -5.709454536 -0.952709198 0.042512719 -0.300895572 -13.117462158
-0.301283240 0.020813597 0.953307569 389.993774414 0.045776051 0.998924732 -0.007342505 -5.706253052 -0.952435374 0.041426480 -0.301911950 -13.211700439
-0.302066922 0.021189975 0.953051209 390.268585205 0.045805115 0.998920798 -0.007692028 -5.709085464 -0.952185690 0.041331112 -0.302711487 -13.302368164
-0.302294731 0.021723576 0.952967048 390.533447266 0.045812450 0.998916090 -0.008238660 -5.709495068 -0.952113092 0.041167248 -0.302962303 -13.385437012
-0.302869558 0.021910984 0.952780247 390.787628174 0.046936315 0.998865426 -0.008050699 -5.714479446 -0.951875627 0.042281676 -0.303554416 -13.466186523
-0.303092599 0.021971567 0.952707827 391.032501221 0.047194086 0.998853505 -0.008021558 -5.715061188 -0.951791823 0.042530902 -0.303781986 -13.548187256
-0.303587794 0.022447072 0.952538967 391.269104004 0.047231294 0.998847961 -0.008485074 -5.717036724 -0.951632082 0.042413685 -0.304298282 -13.622009277
-0.304064631 0.022915838 0.952375829 391.508758545 0.046491385 0.998876393 -0.009191442 -5.716329098 -0.951516390 0.041482478 -0.304788351 -13.693786621
-0.304048538 0.023096127 0.952376664 391.713134766 0.046238683 0.998885632 -0.009462214 -5.721637726 -0.951533914 0.041159671 -0.304777622 -13.760406494
-0.304130077 0.023203665 0.952347994 391.908142090 0.046449505 0.998875439 -0.009503763 -5.724125385 -0.951497555 0.041345712 -0.304865837 -13.820892334
-0.304271102 0.023044785 0.952306926 392.098632812 0.046832856 0.998860300 -0.009207797 -5.725843430 -0.951433778 0.041797578 -0.305003524 -13.882202148
-0.304003954 0.023612332 0.952378094 392.277404785 0.046408694 0.998872995 -0.009951188 -5.726747513 -0.951539695 0.041173425 -0.304757118 -13.937133789
-0.303776026 0.023802431 0.952446163 392.456665039 0.045940336 0.998890996 -0.010310781 -5.726931572 -0.951635301 0.040623527 -0.304532647 -13.997406006
-0.303833604 0.023642967 0.952431858 392.615173340 0.045776162 0.998899698 -0.010193509 -5.726683617 -0.951624870 0.040501542 -0.304581523 -14.048492432
-0.303786159 0.023928655 0.952439845 392.765197754 0.045621693 0.998903155 -0.010544681 -5.726951599 -0.951647460 0.040248588 -0.304544687 -14.093536377
-0.303600669 0.024077833 0.952495217 392.904144287 0.045760997 0.998895466 -0.010664807 -5.728325844 -0.951699972 0.040349286 -0.304367185 -14.137786865
-0.303728223 0.024247497 0.952450275 393.039733887 0.046147116 0.998877227 -0.010713523 -5.729976177 -0.951640606 0.040698830 -0.304506183 -14.177978516
-0.303586006 0.024823800 0.952480793 393.166625977 0.046490043 0.998855829 -0.011214592 -5.731363297 -0.951669395 0.040876281 -0.304392695 -14.219635010
-0.303568363 0.024969622 0.952482402 393.284393311 0.046691902 0.998845398 -0.011303733 -5.736858845 -0.951664865 0.041041762 -0.304383755 -14.257019043
-0.303458095 0.025240052 0.952510536 393.399902344 0.046583366 0.998846710 -0.011627008 -5.735064507 -0.951705456 0.040842831 -0.304283977 -14.296661377
-0.303354502 0.025335463 0.952540934 393.506958008 0.046250317 0.998859704 -0.011838164 -5.735882759 -0.951754749 0.040464163 -0.304180384 -14.331604004
-0.303472638 0.025791451 0.952491045 393.616394043 0.046432823 0.998846292 -0.012252721 -5.738204956 -0.951708198 0.040508483 -0.304320097 -14.362518311
-0.303519011 0.025952503 0.952472031 393.717498779 0.046405315 0.998845398 -0.012428343 -5.740071297 -0.951694846 0.040427525 -0.304372907 -14.394226074
-0.303602457 0.025914583 0.952446401 393.814575195 0.046521973 0.998840928 -0.012347537 -5.742084503 -0.951662481 0.040560942 -0.304456115 -14.426086426
-0.303504705 0.025948336 0.952476621 393.903320312 0.046378978 0.998846531 -0.012433032 -5.744716644 -0.951700628 0.040401407 -0.304358006 -14.450592041
-0.303219318 0.026110120 0.952563167 394.004211426 0.046142764 0.998854220 -0.012690853 -5.743921280 -0.951803148 0.040105786 -0.304076672 -14.488464355
-0.303304911 0.026071152 0.952536941 394.087585449 0.046091199 0.998856962 -0.012662682 -5.744212151 -0.951778352 0.040062916 -0.304159880 -14.510894775
-0.303441405 0.026252542 0.952488661 394.160919189 0.045821372 0.998865902 -0.012933155 -5.744627953 -0.951747954 0.039719880 -0.304300189 -14.532867432
-0.303354859 0.026242472 0.952516258 394.230468750 0.045603827 0.998875082 -0.012995905 -5.745371819 -0.951785803 0.039496016 -0.304210424 -14.554687500
-0.303296089 0.026239093 0.952535212 394.303009033 0.045163464 0.998893261 -0.013135642 -5.744339943 -0.951825678 0.039035797 -0.304145455 -14.576873779
-0.303304076 0.026252823 0.952532172 394.361694336 0.045099054 0.998895705 -0.013170273 -5.748176575 -0.951826036 0.038963702 -0.304153085 -14.593322754
-0.303214312 0.026486456 0.952554405 394.425109863 0.045165427 0.998889685 -0.013397929 -5.746627331 -0.951851666 0.038960081 -0.304073811 -14.617553711
-0.303088546 0.026511947 0.952593565 394.491760254 0.045596756 0.998871505 -0.013292317 -5.746470928 -0.951870978 0.039406426 -0.303955317 -14.639495850
-0.303187966 0.026545262 0.952560961 394.550994873 0.045543596 0.998873293 -0.013339916 -5.745552540 -0.951841831 0.039338551 -0.304055333 -14.656433105
-0.303152561 0.026473111 0.952574432 394.600280762 0.045593888 0.998872161 -0.013249738 -5.749280453 -0.951850832 0.039414879 -0.304017663 -14.672485352
-0.303220272 0.026394129 0.952554822 394.652465820 0.045378596 0.998882234 -0.013232742 -5.748327255 -0.951839387 0.039213169 -0.304079056 -14.688201904
-0.303267598 0.026254946 0.952543736 394.700103760 0.045396809 0.998883426 -0.013078924 -5.750241756 -0.951823473 0.039276030 -0.304120898 -14.702545166
-0.303110838 0.026380913 0.952589989 394.739929199 0.045517042 0.998876631 -0.013179404 -5.749002934 -0.951867580 0.039364263 -0.303971052 -14.717895508
-0.303145885 0.026717110 0.952569604 394.780639648 0.045150407 0.998887002 -0.013647523 -5.749234200 -0.951874018 0.038871713 -0.304014802 -14.730133057
-0.303182721 0.026862368 0.952553809 394.820007324 0.045143135 0.998885214 -0.013800590 -5.749571800 -0.951862574 0.038817164 -0.304057360 -14.742767334
-0.303192735 0.026866321 0.952550530 394.853698730 0.045269143 0.998880029 -0.013764059 -5.749109745 -0.951853454 0.038947985 -0.304069400 -14.753662109
-0.303186893 0.026826905 0.952553511 394.893432617 0.045356393 0.998876989 -0.013695105 -5.749203205 -0.951851130 0.039052211 -0.304063201 -14.765594482
-0.303329468 0.026907761 0.952505827 394.925354004 0.045406286 0.998873889 -0.013757817 -5.748242855 -0.951803327 0.039076600 -0.304209590 -14.774108887
-0.303263426 0.026738709 0.952531576 394.959533691 0.045294721 0.998880804 -0.013619028 -5.749615669 -0.951829672 0.039014500 -0.304135084 -14.785552979
