1.000000000 0.000000000 0.000000000 0.000000000 0.000000000 1.000000000 0.000000000 0.000000000 0.000000000 0.000000000 1.000000000 0.000000000
0.999999762 0.000584694 0.000401827 0.005330832 -0.000584945 0.999999642 0.000624119 -0.007677805 -0.000401462 -0.000624353 0.999999702 1.508790255
0.999997854 0.001762079 0.001067524 0.003798879 -0.001761955 0.999998450 -0.000117627 -0.007428476 -0.001067730 0.000115746 0.999999404 3.009853363
0.999992430 0.003319847 0.002016913 0.003057085 -0.003318132 0.999994159 -0.000852771 0.001567116 -0.002019732 0.000846072 0.999997616 4.504364491
0.999983788 0.004885020 0.002920515 0.013226880 -0.004883995 0.999988019 -0.000357849 0.003228531 -0.002922228 0.000343580 0.999995649 6.012152672
0.999978542 0.004987441 0.004253582 0.008516473 -0.004990371 0.999987304 0.000678409 -0.007148169 -0.004250145 -0.000699621 0.999990702 7.540263653
0.999980927 0.003437720 0.005127042 0.018264670 -0.003439371 0.999994040 0.000313231 0.003251539 -0.005125934 -0.000330859 0.999986827 9.055799484
0.999979377 0.001979469 0.006107959 0.023720970 -0.001975466 0.999997854 -0.000661396 -0.003887033 -0.006109255 0.000649317 0.999981105 10.527866364
0.999974191 0.001272086 0.007067542 0.039326675 -0.001259723 0.999997675 -0.001753367 -0.003309674 -0.007069755 0.001744419 0.999973476 12.020238876
0.999965072 0.001314485 0.008251605 0.046893489 -0.001301646 0.999997914 -0.001561117 -0.001422035 -0.008253640 0.001550322 0.999964714 13.484679222
0.999953389 0.001237743 0.009577198 0.057814240 -0.001229457 0.999998868 -0.000871058 -0.004922342 -0.009578265 0.000859243 0.999953747 14.955061913
0.999939620 0.000618513 0.010969361 0.079684071 -0.000621687 0.999999762 0.000285968 -0.005879251 -0.010969182 -0.000292770 0.999939799 16.428916931
0.999921322 0.000724307 0.012521299 0.102636494 -0.000725991 0.999999702 0.000129951 -0.006203321 -0.012521201 -0.000139031 0.999921620 17.907878876
0.999902964 -0.000010505 0.013930340 0.134013727 0.000014034 0.999999940 -0.000253179 -0.001197319 -0.013930337 0.000253350 0.999902964 19.380434036
0.999875247 -0.000182436 0.015793644 0.153365970 0.000182029 1.000000000 0.000027199 -0.010593208 -0.015793649 -0.000024320 0.999875247 20.849073410
0.999842644 -0.000267739 0.017737390 0.178492695 0.000270191 0.999999940 -0.000135838 -0.008391478 -0.017737353 0.000140609 0.999842644 22.295406342
0.999816418 -0.000460682 0.019155938 0.218614966 0.000447720 0.999999642 0.000680947 -0.017744621 -0.019156246 -0.000672246 0.999816298 23.736167908
0.999777853 -0.001107807 0.021047020 0.252595216 0.001070462 0.999997854 0.001785564 -0.018335491 -0.021048954 -0.001762637 0.999776900 25.175376892
0.999743342 -0.002198871 0.022548646 0.284543931 0.002179108 0.999997199 0.000900980 -0.019755322 -0.022550564 -0.000851613 0.999745369 26.613979340
0.999709368 -0.002703522 0.023954989 0.315988630 0.002708300 0.999996305 -0.000167008 -0.016078399 -0.023954451 0.000231837 0.999713004 28.042455673
0.999688864 -0.003038170 0.024757970 0.347019702 0.003077222 0.999994099 -0.001539418 -0.019802826 -0.024753146 0.001615125 0.999692261 29.465761185
0.999674082 -0.003996348 0.025214057 0.386175245 0.004031735 0.999990940 -0.001352781 -0.018213419 -0.025208423 0.001453997 0.999681175 30.922519684
0.999672949 -0.005448076 0.024985876 0.422068626 0.005452416 0.999985158 -0.000105561 -0.024806419 -0.024984930 0.000241759 0.999687791 32.335273743
0.999672592 -0.007306032 0.024520958 0.462024778 0.007265170 0.999972045 0.001755089 -0.022051763 -0.024533097 -0.001576365 0.999697804 33.766204834
0.999653101 -0.010830076 0.024007360 0.497281164 0.010688826 0.999924839 0.006004217 -0.015600759 -0.024070581 -0.005745524 0.999693751 35.176181793
0.999637604 -0.012607558 0.023784079 0.525524914 0.012403402 0.999885142 0.008711824 -0.009661231 -0.023891181 -0.008413664 0.999679148 36.588623047
0.999629676 -0.014050826 0.023303682 0.562621891 0.013972652 0.999896228 0.003514036 0.004105542 -0.023350637 -0.003187120 0.999722242 38.015426636
0.999661028 -0.013078880 0.022511935 0.599121094 0.013120154 0.999912500 -0.001686716 0.009219818 -0.022487905 0.001981504 0.999745131 39.433845520
0.999685407 -0.012370600 0.021818703 0.629604280 0.012471223 0.999912202 -0.004481730 0.013389169 -0.021761345 0.004752426 0.999751925 40.858901978
0.999707282 -0.011147201 0.021472577 0.654006958 0.011253680 0.999924958 -0.004844400 0.011132225 -0.021416964 0.005084627 0.999757707 42.249080658
0.999719381 -0.010737684 0.021115039 0.696039557 0.010779982 0.999940097 -0.001890472 0.006015269 -0.021093475 0.002117561 0.999775290 43.674148560
0.999719322 -0.012750073 0.019967292 0.723815143 0.012721251 0.999917865 0.001569840 0.011077363 -0.019985668 -0.001315390 0.999799430 45.064743042
0.999726892 -0.013950656 0.018750204 0.749550521 0.013900547 0.999899447 0.002800167 0.015302036 -0.018787382 -0.002538764 0.999820292 46.456066132
0.999715149 -0.016358575 0.017380198 0.782967448 0.016319515 0.999863982 0.002386878 0.022101332 -0.017416881 -0.002102561 0.999846101 47.858676910
0.999678254 -0.019863689 0.015774805 0.809580743 0.019815877 0.999798596 0.003181473 0.027198015 -0.015834825 -0.002867857 0.999870479 49.251342773
0.999595881 -0.024723448 0.014029681 0.830192447 0.024683407 0.999690771 0.003020098 0.028563006 -0.014100010 -0.002672578 0.999897003 50.627388000
0.999577940 -0.026790410 0.011236855 0.852672219 0.026788039 0.999641061 0.000361655 0.029844269 -0.011242511 -0.000060489 0.999936819 52.000411987
0.999631763 -0.025930280 0.007999020 0.862858951 0.025947208 0.999661267 -0.002019710 0.034890637 -0.007943938 0.002226518 0.999965966 53.378639221
0.999761164 -0.021246491 0.005115396 0.875836909 0.021259857 0.999770701 -0.002572803 0.035697524 -0.005059560 0.002680941 0.999983609 54.774940491
0.999883652 -0.014780936 0.003769297 0.865584850 0.014792576 0.999885857 -0.003079315 0.038097784 -0.003723351 0.003134715 0.999988139 56.157894135
0.999945819 -0.009993415 0.002903648 0.851525068 0.010001614 0.999945998 -0.002822895 0.038695492 -0.002875281 0.002851783 0.999991775 57.523334503
0.999965906 -0.008183107 0.001103022 0.851223171 0.008185121 0.999964833 -0.001833616 0.036761310 -0.001087978 0.001842582 0.999997735 58.895736694
0.999967635 -0.008025594 -0.000544172 0.848998845 0.008024798 0.999966741 -0.001450016 0.033918973 0.000555791 0.001445602 0.999998808 60.265380859
0.999965012 -0.008245281 -0.001425175 0.847483337 0.008244329 0.999965787 -0.000671950 0.029662916 0.001430667 0.000660177 0.999998748 61.624881744
0.999968708 -0.007614705 -0.002138960 0.838216722 0.007614818 0.999971032 0.000044897 0.031276941 0.002138556 -0.000061183 0.999997735 62.956516266
0.999961913 -0.008157203 -0.003096225 0.831760943 0.008156104 0.999966681 -0.000367388 0.030727832 0.003099118 0.000342121 0.999995112 64.294624329
0.999956071 -0.008470730 -0.004006667 0.821880639 0.008470292 0.999964118 -0.000126114 0.028678415 0.004007591 0.000092170 0.999991953 65.621726990
0.999946713 -0.009127326 -0.004817263 0.816571534 0.009135118 0.999957025 0.001597857 0.028296281 0.004802471 -0.001641778 0.999987125 66.938079834
0.999941230 -0.009284590 -0.005600898 0.803138018 0.009301413 0.999952257 0.002985034 0.031090392 0.005572916 -0.003036955 0.999979854 68.255569458
0.999937713 -0.008826655 -0.006833521 0.796550989 0.008847984 0.999956071 0.003097430 0.036823578 0.006805880 -0.003157700 0.999971867 69.555221558
0.999947309 -0.007489378 -0.007019322 0.788439810 0.007507001 0.999968708 0.002487660 0.036891837 0.007000471 -0.002540223 0.999972284 70.869178772
0.999949694 -0.006236580 -0.007853635 0.780375540 0.006254064 0.999978006 0.002203702 0.041203965 0.007839719 -0.002252709 0.999966741 72.144027710
0.999954045 -0.005328719 -0.007970656 0.769245028 0.005350001 0.999982178 0.002651130 0.041543368 0.007956387 -0.002693651 0.999964714 73.425971985
0.999957383 -0.005328387 -0.007535630 0.760662377 0.005354603 0.999979675 0.003462970 0.045612678 0.007517025 -0.003503173 0.999965608 74.686210632
0.999960303 -0.005260532 -0.007189623 0.748385966 0.005290377 0.999977469 0.004138391 0.044614553 0.007167690 -0.004176263 0.999965608 75.939292908
0.999966562 -0.005506261 -0.006050857 0.735813200 0.005538901 0.999970138 0.005390824 0.052054130 0.006020993 -0.005424159 0.999967158 77.174270630
0.999983251 -0.003984908 -0.004191221 0.728698134 0.004005735 0.999979615 0.004972667 0.049890555 0.004171320 -0.004989373 0.999978840 78.372932434
0.999993742 -0.002439111 -0.002565855 0.726254940 0.002445479 0.999993920 0.002481384 0.061163388 0.002559787 -0.002487643 0.999993622 79.586196899
0.999999762 -0.000403585 0.000593938 0.707889199 0.000403581 0.999999940 0.000006586 0.052655790 -0.000593940 -0.000006346 0.999999821 80.744224548
0.999984920 0.002803801 0.004725873 0.709046781 -0.002801438 0.999995947 -0.000506589 0.051753111 -0.004727275 0.000493342 0.999988675 81.942893982
0.999919832 0.006254555 0.011008868 0.706481159 -0.006248092 0.999980271 -0.000621386 0.050835337 -0.011012538 0.000552551 0.999939203 83.138641357
0.999799728 0.007722471 0.018462490 0.716105163 -0.007728486 0.999970078 0.000254450 0.047450177 -0.018459974 -0.000397086 0.999829531 84.335693359
0.999619961 0.008083775 0.026353898 0.738294601 -0.008106461 0.999966860 0.000754128 0.048161700 -0.026346928 -0.000967478 0.999652386 85.543754578
0.999372303 0.007963066 0.034518845 0.773194671 -0.008053089 0.999964535 0.002469709 0.046757013 -0.034497954 -0.002746142 0.999400973 86.744934082
0.999009430 0.008031548 0.043768410 0.814883411 -0.008176383 0.999961674 0.003131114 0.049090609 -0.043741584 -0.003485879 0.999036789 87.912216187
0.998518705 0.009060031 0.053649474 0.869802535 -0.009283507 0.999949217 0.003917747 0.054784521 -0.053611252 -0.004409999 0.998552144 89.082885742
0.997920632 0.008045536 0.063950695 0.942226171 -0.008371181 0.999953330 0.004825809 0.052701756 -0.063908882 -0.005351117 0.997941375 90.245353699
0.997204781 0.008136447 0.074272409 1.023163319 -0.008552914 0.999949455 0.005290946 0.058145232 -0.074225605 -0.005911402 0.997223973 91.407463074
0.996387959 0.006799491 0.084645294 1.111419320 -0.007263301 0.999960244 0.005172698 0.063932553 -0.084606752 -0.005768819 0.996397734 92.587646484
0.995505095 0.004570780 0.094597705 1.218639731 -0.005003531 0.999978065 0.004337959 0.069610924 -0.094575800 -0.004791783 0.995506108 93.730949402
0.994530678 0.003770683 0.104376853 1.342096329 -0.004204785 0.999983430 0.003939259 0.065422684 -0.104360260 -0.004356596 0.994530022 94.903251648
0.993348837 0.004589461 0.115052417 1.461143613 -0.004871053 0.999985814 0.002166477 0.075505227 -0.115040839 -0.002712494 0.993357062 96.045272827
0.992185950 0.004540744 0.124685273 1.606078267 -0.004797553 0.999986947 0.001759470 0.071426913 -0.124675654 -0.002343906 0.992194772 97.194786072
0.990865290 0.007127999 0.134666786 1.750688672 -0.007286738 0.999973238 0.000685897 0.071688414 -0.134658292 -0.001660913 0.990890682 98.316383362
0.989442647 0.009110809 0.144638136 1.908021331 -0.009160706 0.999957979 -0.000321033 0.071920149 -0.144634977 -0.001007343 0.989484549 99.439384460
0.987933755 0.011987479 0.154412374 2.077640772 -0.011960647 0.999927878 -0.001102815 0.073512875 -0.154414460 -0.000757364 0.988005877 100.568939209
0.986359119 0.013457724 0.164056793 2.256520033 -0.013666281 0.999906600 0.000142590 0.069814317 -0.164039552 -0.002382691 0.986450911 101.676284790
0.984738946 0.013529218 0.173511401 2.442373753 -0.014037188 0.999900043 0.001700751 0.070014462 -0.173471048 -0.004110408 0.984830379 102.798446655
0.983079851 0.013635483 0.182669356 2.640394926 -0.014372484 0.999893010 0.002711321 0.073800787 -0.182612851 -0.005290858 0.983170688 103.906616211
0.981408954 0.011291490 0.191595912 2.855556726 -0.011850539 0.999928236 0.001772198 0.077985942 -0.191562146 -0.004009766 0.981472313 105.010826111
0.979757249 0.009747556 0.199951857 3.071551561 -0.010054775 0.999949336 0.000521005 0.076430067 -0.199936643 -0.002520929 0.979805589 106.079368591
0.978269756 0.007926320 0.207184598 3.303641558 -0.008069204 0.999967456 -0.000155433 0.082799755 -0.207179084 -0.001519759 0.978301883 107.168167114
0.976909637 0.006436202 0.213555813 3.537859678 -0.006593389 0.999978244 0.000023805 0.073842086 -0.213551015 -0.001431312 0.976930857 108.256294250
0.975561678 0.004161364 0.219686463 3.776373386 -0.004489235 0.999989450 0.000993259 0.071778700 -0.219680011 -0.001955210 0.975570023 109.336669922
0.974295676 0.002563692 0.225258321 4.018610001 -0.003282936 0.999990642 0.002818461 0.069730408 -0.225248992 -0.003485523 0.974295020 110.398551941
0.973179340 0.000984977 0.230045632 4.270795345 -0.001814263 0.999992609 0.003393384 0.074604370 -0.230040580 -0.003719735 0.973173916 111.475334167
0.972163439 -0.001917564 0.234295949 4.528530598 0.001301920 0.999995291 0.002782277 0.073376954 -0.234300181 -0.002399794 0.972161353 112.528144836
0.971463203 -0.001751517 0.237183824 4.793790817 0.001895127 0.999998152 -0.000377479 0.078488067 -0.237182707 0.000816200 0.971464694 113.604171753
0.970825970 -0.002415990 0.239773005 5.064494133 0.003344549 0.999988377 -0.003465830 0.078453489 -0.239761859 0.004166650 0.970822811 114.666267395
0.970145702 -0.002435135 0.242510512 5.314139843 0.003650774 0.999982893 -0.004563472 0.077424876 -0.242495254 0.005312583 0.970138073 115.704681396
0.969880879 -0.002575165 0.243566200 5.571233273 0.003184922 0.999992728 -0.002109687 0.073156536 -0.243559003 0.002821885 0.969881952 116.728782654
0.969804049 -0.001584302 0.243880391 5.829698563 0.001552656 0.999998748 0.000321991 0.069492556 -0.243880600 0.000066394 0.969805241 117.774765015
0.969736397 -0.000720376 0.244153231 6.077406883 0.000932495 0.999999285 -0.000753211 0.069150612 -0.244152516 0.000958088 0.969736397 118.790832520
0.970065951 0.000554482 0.242841065 6.327415943 0.000472833 0.999991179 -0.004172093 0.065670609 -0.242841244 0.004162029 0.970057130 119.825416565
0.970403492 0.001770997 0.241482794 6.577861786 -0.000090660 0.999975681 -0.006969347 0.063089371 -0.241489276 0.006741186 0.970380068 120.856445312
0.971011043 0.002774620 0.239018455 6.820640564 -0.001274566 0.999978542 -0.006430229 0.059419211 -0.239031151 0.005939179 0.970993757 121.885574341
0.971840620 0.000863963 0.235637471 7.073320389 -0.000149593 0.999995351 -0.003049511 0.057090696 -0.235639021 0.002928389 0.971836269 122.910987854
0.972810507 -0.000643113 0.231601521 7.312224388 0.000240496 0.999998391 0.001766634 0.052590895 -0.231602281 -0.001662901 0.972809136 123.932716370
0.973728895 -0.000862165 0.227708831 7.549789429 -0.000248457 0.999988198 0.004848670 0.050993077 -0.227710322 -0.004777866 0.973717213 124.965606689
0.974753022 -0.001513329 0.223280743 7.776957989 0.000345188 0.999986053 0.005270652 0.055142999 -0.223285601 -0.005060509 0.974739909 125.994461060
0.975835502 -0.002007298 0.218497127 8.004487991 0.001060176 0.999989510 0.004451866 0.061346710 -0.218503773 -0.004112643 0.975827456 127.013229370
0.976905525 -0.001843858 0.213663861 8.229289055 0.001284425 0.999995351 0.002757075 0.068020798 -0.213667959 -0.002418967 0.976903319 128.028518677
0.977881730 -0.001988107 0.209149256 8.445611000 0.001660273 0.999997079 0.001743017 0.069822572 -0.209152102 -0.001357220 0.977882206 129.053924561
0.978874981 -0.002046470 0.204449505 8.656927109 0.001597209 0.999995947 0.002362410 0.072635196 -0.204453498 -0.001985956 0.978874266 130.079666138
0.979870975 -0.002527612 0.199615732 8.858395576 0.001818783 0.999991357 0.003734263 0.079135649 -0.199623451 -0.003296039 0.979867160 131.096557617
0.980886519 -0.004238987 0.194534600 9.059844017 0.003272103 0.999980628 0.005291313 0.080693245 -0.194553271 -0.004553641 0.980881393 132.116516113
0.981841803 -0.005419700 0.189623952 9.256415367 0.004594205 0.999977946 0.004792631 0.083792239 -0.189645752 -0.003834434 0.981845081 133.128829956
0.982783854 -0.003158547 0.184732005 9.441107750 0.002630981 0.999991715 0.003100900 0.087488174 -0.184740260 -0.002561488 0.982784033 134.138870239
0.983542681 -0.005624637 0.180588260 9.629547119 0.005460161 0.999984086 0.001407880 0.090417653 -0.180593312 -0.000398669 0.983557761 135.165924072
0.984180033 -0.004559722 0.177112460 9.801583290 0.004026066 0.999986231 0.003372355 0.095441699 -0.177125394 -0.002605938 0.984184861 136.181427002
0.984710455 -0.001477571 0.174192950 9.981985092 0.000422798 0.999981344 0.006092152 0.099279568 -0.174198702 -0.005925357 0.984692693 137.206802368
0.985117495 -0.002015295 0.171870351 10.154115677 0.000928834 0.999979079 0.006401581 0.103765205 -0.171879649 -0.006146670 0.985098779 138.218292236
0.985471249 -0.000140760 0.169842228 10.325954437 -0.000516282 0.999992549 0.003824374 0.107840098 -0.169841498 -0.003856498 0.985463858 139.216735840
0.985763729 0.001644346 0.168128550 10.493034363 -0.002036434 0.999995589 0.002159683 0.114592455 -0.168124259 -0.002471320 0.985762715 140.221069336
0.986055195 0.003080435 0.166390017 10.656577110 -0.003558468 0.999990344 0.002574916 0.116076231 -0.166380480 -0.003131103 0.986056685 141.231277466
0.986299753 0.004034346 0.164913699 10.822108269 -0.004676829 0.999982893 0.003507767 0.124390006 -0.164896727 -0.004230983 0.986301780 142.234359741
0.986484289 0.003741115 0.163813129 10.994040489 -0.004671344 0.999975085 0.005293747 0.125790432 -0.163789243 -0.005987425 0.986477196 143.260009766
0.986508429 0.003349431 0.163676128 11.160038948 -0.004298411 0.999975920 0.005444097 0.131775767 -0.163653955 -0.006074195 0.986499131 144.259902954
0.986408830 0.007916098 0.164118737 11.316602707 -0.008505519 0.999959648 0.002889012 0.136835188 -0.164089248 -0.004245661 0.986436367 145.256744385
0.986137867 0.012446175 0.165460736 11.473674774 -0.012370455 0.999922395 -0.001488179 0.136354223 -0.165466413 -0.000579275 0.986215234 146.241531372
0.985649228 0.016056266 0.168041110 11.632612228 -0.015328827 0.999866664 -0.005625279 0.133549049 -0.168109030 0.002968679 0.985763967 147.218963623
0.984830141 0.018967774 0.172481477 11.794144630 -0.018094089 0.999814272 -0.006636352 0.135392874 -0.172575325 0.003414784 0.984990418 148.202346802
0.983935893 0.021280810 0.177249387 11.973432541 -0.020876741 0.999773443 -0.004144533 0.126154244 -0.177297428 0.000377565 0.984157264 149.185256958
0.982763112 0.023529334 0.183365718 12.143673897 -0.023452438 0.999721587 -0.002588226 0.126595855 -0.183375567 -0.001756760 0.983041346 150.161056519
0.981552303 0.021666506 0.189962164 12.336014748 -0.021745887 0.999762118 -0.001666792 0.121757329 -0.189953089 -0.002494852 0.981790006 151.137588501
0.980000138 0.021501660 0.197831899 12.528589249 -0.021373088 0.999767661 -0.002785383 0.118821502 -0.197845832 -0.001498603 0.980232000 152.104843140
0.978079259 0.023794601 0.206868961 12.724563599 -0.023741791 0.999714375 -0.002738215 0.122046292 -0.206875026 -0.002233248 0.978364825 153.062744141
0.976044536 0.023229986 0.216327101 12.941301346 -0.023577573 0.999721527 -0.000974243 0.120048672 -0.216289490 -0.004149564 0.976320446 154.050369263
0.973807514 0.024178743 0.226084754 13.161293983 -0.025457285 0.999672174 0.002740911 0.122771084 -0.225944370 -0.008424623 0.974103808 155.000961304
0.971096754 0.025218593 0.237350121 13.391218185 -0.026737785 0.999637425 0.003183176 0.128291249 -0.237183779 -0.009437388 0.971418977 155.952362061
0.968257129 0.025519837 0.248650119 13.637611389 -0.027325584 0.999619305 0.003812868 0.133430272 -0.248458147 -0.010486346 0.968585849 156.897628784
0.964936137 0.027360041 0.261055022 13.869230270 -0.029034518 0.999575138 0.002558994 0.132469475 -0.260874093 -0.010048872 0.965320528 157.827667236
0.961581409 0.025551973 0.273328155 14.131738663 -0.027069796 0.999631941 0.001782633 0.136258423 -0.273182005 -0.009113083 0.961919188 158.756958008
0.958191156 0.023718145 0.285144180 14.411359787 -0.025055856 0.999685526 0.001043727 0.139920175 -0.285029769 -0.008144621 0.958484054 159.685516357
0.954721570 0.022616202 0.296639919 14.696336746 -0.023999460 0.999711454 0.001021859 0.140545845 -0.296531200 -0.008094789 0.954988837 160.605331421
0.951079309 0.019427320 0.308335483 14.992619514 -0.020958384 0.999778986 0.001654238 0.145764768 -0.308235198 -0.008035525 0.951276243 161.517654419
0.947517037 0.016045444 0.319302440 15.312812805 -0.017420776 0.999847174 0.001451571 0.142574370 -0.319230348 -0.006937885 0.947651744 162.438354492
0.943486989 0.017782733 0.330932230 15.628572464 -0.019677129 0.999803543 0.002374728 0.148862123 -0.330825001 -0.008752321 0.943651557 163.345947266
0.939450800 0.017304715 0.342246652 15.964807510 -0.019239794 0.999812365 0.002259691 0.152728915 -0.342143327 -0.008707623 0.939607441 164.268371582
0.935300469 0.015565241 0.353511989 16.308311462 -0.017273005 0.999849379 0.001676190 0.158871979 -0.353432655 -0.007673955 0.935428500 165.175125122
0.930733204 0.014708990 0.365402907 16.654584885 -0.015186732 0.999883473 -0.001566708 0.160646170 -0.365383357 -0.004091089 0.930848122 166.081756592
0.926503062 0.013813815 0.376033634 17.020353317 -0.013630157 0.999902129 -0.003148870 0.160581976 -0.376040339 -0.002207959 0.926600695 166.978149414
0.922862709 0.011607820 0.384954125 17.395105362 -0.010616595 0.999932587 -0.004700243 0.157637209 -0.384982735 0.000250777 0.922923744 167.863586426
0.919261336 0.009869934 0.393524021 17.776695251 -0.008213110 0.999948919 -0.005894012 0.153718650 -0.393562078 0.002186082 0.919295430 168.743881226
0.915767491 0.008502404 0.401618689 18.166601181 -0.006949900 0.999961674 -0.005322427 0.149691701 -0.401648551 0.002082896 0.915791512 169.632873535
0.912565231 0.007232314 0.408867180 18.558095932 -0.006635806 0.999973834 -0.002877509 0.145960450 -0.408877283 -0.000087248 0.912589371 170.520355225
0.909581661 0.008334350 0.415441662 18.952579498 -0.008051207 0.999964654 -0.002433133 0.143399388 -0.415447235 -0.001131674 0.909616590 171.390258789
0.906574905 0.008484297 0.421959728 19.354980469 -0.007601288 0.999963999 -0.003774896 0.136850119 -0.421976566 0.000214789 0.906606734 172.250915527
0.903615892 0.007389640 0.428279996 19.770393372 -0.005740122 0.999970317 -0.005142791 0.137338609 -0.428305268 0.002188728 0.903631449 173.128524780
0.900653064 0.006568349 0.434489280 20.180824280 -0.004373926 0.999972105 -0.006050265 0.129881322 -0.434516907 0.003548766 0.900656700 173.991424561
0.897722006 0.006098574 0.440520138 20.602138519 -0.003473540 0.999971092 -0.006765013 0.129831463 -0.440548658 0.004542938 0.897717237 174.843109131
0.894512057 0.005259186 0.447012872 21.019067764 -0.002974889 0.999978662 -0.005811913 0.122871861 -0.447033912 0.003869013 0.894508660 175.685562134
0.891579926 0.003409187 0.452850521 21.438737869 -0.002347160 0.999993026 -0.002907101 0.120158106 -0.452857286 0.001529001 0.891581714 176.507812500
0.888411999 0.001375707 0.459044844 21.849927902 -0.001241327 0.999999046 -0.000594486 0.112417698 -0.459045231 -0.000041676 0.888412893 177.307250977
0.885134578 0.000515574 0.465334892 22.267791748 -0.000909328 0.999999404 0.000621712 0.110715374 -0.465334296 -0.000973441 0.885134518 178.107498169
0.882077396 -0.000240357 0.471104413 22.682739258 -0.000082372 0.999999762 0.000664428 0.108428843 -0.471104473 -0.000624883 0.882077217 178.878555298
0.878967285 -0.000835846 0.476881355 23.089099884 0.000741921 0.999999642 0.000385257 0.103130221 -0.476881504 0.000015179 0.878967583 179.636871338
0.875611067 -0.001763884 0.483013630 23.485956192 0.002084791 0.999997795 -0.000127504 0.104533397 -0.483012348 0.001118626 0.875612855 180.371063232
0.872703671 -0.003065777 0.488240570 23.891771317 0.003022043 0.999995053 0.000877463 0.096229456 -0.488240838 0.000709719 0.872708678 181.089080811
0.869687438 -0.004325315 0.493583858 24.285497665 0.003809765 0.999990642 0.002050249 0.094148152 -0.493588120 0.000097363 0.869695783 181.780548096
0.866708934 -0.006326598 0.498774111 24.672126770 0.005396633 0.999979973 0.003306429 0.087291643 -0.498785049 -0.000174010 0.866725683 182.449798584
0.863911867 -0.007383275 0.503588915 25.058076859 0.006460912 0.999972701 0.003577154 0.086863548 -0.503601551 0.000163297 0.863936007 183.105773926
0.861184895 -0.008466736 0.508221328 25.442390442 0.008419821 0.999961674 0.002391457 0.087742984 -0.508222103 0.002219646 0.861223161 183.753311157
0.858760357 -0.008114547 0.512313187 25.812648773 0.008590756 0.999962091 0.001438258 0.083235413 -0.512305439 0.003166039 0.858797491 184.366622925
0.856465042 -0.008152399 0.516140640 26.175001144 0.009955397 0.999950171 -0.000725492 0.080698103 -0.516109049 0.005759743 0.856503546 184.965469360
0.854588091 -0.008653463 0.519234359 26.526565552 0.011679617 0.999928534 -0.002558415 0.077239245 -0.519175112 0.008250848 0.854628086 185.539047241
0.853012800 -0.010514542 0.521784008 26.865659714 0.013171159 0.999912322 -0.001382847 0.076528609 -0.521723747 0.008052086 0.853076518 186.088607788
0.851780832 -0.010963894 0.523783565 27.203619003 0.013224388 0.999912381 -0.000575326 0.074945927 -0.523731351 0.007416768 0.851851225 186.623931885
0.850218415 -0.011434167 0.526305974 27.506240845 0.012884065 0.999916553 0.000910011 0.066333264 -0.526272476 0.006007251 0.850294769 187.130783081
0.849114656 -0.012118857 0.528069496 27.814910889 0.012822294 0.999915063 0.002329676 0.059407830 -0.528052926 0.004792900 0.849197984 187.624206543
0.847996831 -0.012698522 0.529849231 28.108772278 0.014002384 0.999900758 0.001553810 0.062973082 -0.529816389 0.006101526 0.848090410 188.088348389
0.847374797 -0.011775121 0.530864656 28.384918213 0.014216343 0.999898791 -0.000513580 0.060420096 -0.530804873 0.007982149 0.847456455 188.530395508
0.847025275 -0.010723228 0.531444490 28.657913208 0.013290627 0.999911189 -0.001007107 0.059069395 -0.531386495 0.007916275 0.847092509 188.960998535
0.846693397 -0.011201127 0.531963229 28.912864685 0.013636000 0.999906838 -0.000649347 0.052522659 -0.531906426 0.007803649 0.846767187 189.370651245
0.846609831 -0.011509833 0.532089591 29.163196564 0.014088409 0.999900460 -0.000786896 0.053209603 -0.532027543 0.008162488 0.846687734 189.763565063
0.846472740 -0.011130093 0.532315671 29.398731232 0.014050985 0.999900222 -0.001436729 0.046037763 -0.532246590 0.008695712 0.846544683 190.143035889
0.846432984 -0.010487503 0.532392025 29.624786377 0.013510330 0.999907136 -0.001782633 0.045595855 -0.532323897 0.008701671 0.846496046 190.503173828
0.846167803 -0.009869231 0.532825172 29.842308044 0.012829353 0.999915957 -0.001853112 0.042164326 -0.532762110 0.008403845 0.846223354 190.859466553
0.845958889 -0.009885107 0.533156455 30.046682358 0.012705524 0.999917984 -0.001620639 0.036186516 -0.533096731 0.008145026 0.846015096 191.188690186
0.846078396 -0.009738750 0.532969475 30.253181458 0.012640600 0.999918520 -0.001795568 0.034507185 -0.532908559 0.008256244 0.846132576 191.510330200
0.845889449 -0.010221066 0.533260345 30.442386627 0.013152775 0.999912083 -0.001698282 0.033371657 -0.533196092 0.008450413 0.845949471 191.811523438
0.845637202 -0.010274488 0.533659220 30.628025055 0.013186260 0.999911726 -0.001643766 0.034454733 -0.533595204 0.008426998 0.845698059 192.105667114
0.845501661 -0.009442121 0.533889353 30.807411194 0.012296066 0.999922812 -0.001788670 0.032895267 -0.533831239 0.008077061 0.845552444 192.383804321
0.844928205 -0.008240151 0.534816265 30.965854645 0.011346675 0.999932468 -0.002519616 0.030318618 -0.534759343 0.008197281 0.844964623 192.641632080
0.844517827 -0.007238559 0.535478473 31.123077393 0.011078143 0.999930799 -0.003954654 0.028259784 -0.535412788 0.009271882 0.844539642 192.884658813
0.843912005 -0.006749478 0.536439240 31.269702911 0.011467728 0.999919355 -0.005459743 0.025314242 -0.536359131 0.010759281 0.843921304 193.134170532
0.843398690 -0.006884124 0.537244081 31.409511566 0.012124871 0.999907136 -0.006221784 0.021741241 -0.537151396 0.011761460 0.843403876 193.337432861
0.842896879 -0.005824970 0.538043618 31.554988861 0.012022349 0.999895632 -0.008009090 0.024292126 -0.537940800 0.013219384 0.842878938 193.561096191
0.842468858 -0.005011371 0.538721740 31.703536987 0.011316739 0.999900699 -0.008396036 0.023623034 -0.538626194 0.013169972 0.842441916 193.779830933
0.841717184 -0.004525973 0.539899766 31.827541351 0.009843215 0.999927282 -0.006963441 0.021076471 -0.539828956 0.011175597 0.841700554 193.993484497
0.841252863 -0.005204771 0.540616810 31.959312439 0.009143926 0.999947608 -0.004601884 0.018943995 -0.540564537 0.008814708 0.841256380 194.199157715
0.840776920 -0.005913065 0.541349471 32.086589813 0.008702504 0.999958754 -0.002593600 0.018395334 -0.541311800 0.006891735 0.840793729 194.396591187
0.840228736 -0.006425420 0.542194068 32.204093933 0.008456688 0.999963462 -0.001254841 0.017471105 -0.542166173 0.005639520 0.840252399 194.577835083
0.839849234 -0.006162724 0.542784810 32.315841675 0.007849356 0.999968886 -0.000791738 0.016184896 -0.542763054 0.004925452 0.839871407 194.748504639
0.839417875 -0.006547318 0.543447137 32.423664093 0.007622263 0.999970913 0.000273924 0.014027745 -0.543433130 0.003912360 0.839443326 194.916061401
0.838998258 -0.006752974 0.544092238 32.520000458 0.007303032 0.999972701 0.001149729 0.014022857 -0.544085145 0.003008902 0.839024663 195.059463501
0.838688314 -0.006538006 0.544572473 32.604434967 0.006675846 0.999976218 0.001724096 0.010673881 -0.544570804 0.002189503 0.838712037 195.189926147
0.838165939 -0.006304003 0.545378923 32.669532776 0.005914776 0.999979436 0.002468577 0.009113938 -0.545383275 0.001156717 0.838186026 195.301345825
0.837702215 -0.006258928 0.546091437 32.744125366 0.005552120 0.999980271 0.002944161 0.010564208 -0.546099067 0.000565634 0.837720394 195.414886475
0.837468266 -0.005961647 0.546453476 32.807571411 0.005137082 0.999982178 0.003036668 0.009619087 -0.546461821 0.000264063 0.837484002 195.513946533
0.837093890 -0.005814707 0.547028363 32.850395203 0.004689852 0.999983013 0.003452769 0.004386783 -0.547039151 -0.000324810 0.837107003 195.592117310
0.836912274 -0.006138926 0.547302604 32.910232544 0.005051690 0.999981165 0.003491650 0.008598864 -0.547313690 -0.000157401 0.836927533 195.673370361
0.836600244 -0.006325248 0.547777355 32.965003967 0.005340054 0.999979973 0.003391216 0.009081662 -0.547787845 0.000088069 0.836617231 195.750320435
0.836610377 -0.006320324 0.547761977 33.010902405 0.005250232 0.999980032 0.003519411 0.011347592 -0.547773242 -0.000068499 0.836626828 195.811843872
0.836378157 -0.006245026 0.548117340 33.041965485 0.005101140 0.999980450 0.003609486 0.012407243 -0.548129141 -0.000222872 0.836393714 195.861755371
0.836167753 -0.005807874 0.548443079 33.070682526 0.004618009 0.999983013 0.003548855 0.012761056 -0.548454404 -0.000434723 0.836180389 195.904159546
0.836154163 -0.005786941 0.548464000 33.084945679 0.004622323 0.999983191 0.003504094 0.010887057 -0.548475027 -0.000394785 0.836166859 195.929504395
0.835993648 -0.005694244 0.548709512 33.094730377 0.004558765 0.999983728 0.003431784 0.010761678 -0.548720121 -0.000367512 0.836006045 195.950531006
0.835900962 -0.005375611 0.548853993 33.100440979 0.004327197 0.999985516 0.003203813 0.011679441 -0.548863292 -0.000303071 0.835912108 195.960998535
0.835985720 -0.005432104 0.548724353 33.105773926 0.004231654 0.999985099 0.003452408 0.011055529 -0.548734903 -0.000564152 0.835996270 195.964294434
0.836000443 -0.005675050 0.548699439 33.101463318 0.004684912 0.999983907 0.003204616 0.008829743 -0.548708797 -0.000108453 0.836013556 195.959320068
0.835969269 -0.004814662 0.548755169 33.099853516 0.004809803 0.999987364 0.001446462 0.008183420 -0.548755229 0.001430206 0.835981846 195.954559326
0.835917294 -0.004047242 0.548840523 33.099971771 0.004795856 0.999988496 0.000069703 0.006150782 -0.548834503 0.002573894 0.835927069 195.959686279
0.835803866 -0.004213812 0.549012005 33.095943451 0.004690359 0.999988854 0.000534677 0.004884094 -0.549008131 0.002128178 0.835814297 195.958297729
0.835860372 -0.004204481 0.548926055 33.095905304 0.004638806 0.999989092 0.000595782 0.006334707 -0.548922598 0.002048370 0.835870743 195.956481934
0.835826039 -0.003852329 0.548980892 33.099517822 0.004419166 0.999990165 0.000288966 0.005585030 -0.548976600 0.002184512 0.835834861 195.961441040
0.835927665 -0.004308283 0.548822761 33.098014832 0.004682884 0.999988794 0.000717321 0.005962357 -0.548819661 0.001970444 0.835938454 195.956756592
0.835910618 -0.004159295 0.548849821 33.098594666 0.004626896 0.999989152 0.000531254 0.007163182 -0.548846066 0.002095390 0.835920811 195.956420898
0.835860431 -0.004310021 0.548925102 33.096298218 0.004774876 0.999988437 0.000580846 0.004467741 -0.548921287 0.002135543 0.835871339 195.956726074
0.835938215 -0.004377834 0.548806131 33.098773956 0.004792199 0.999988317 0.000677471 0.005888775 -0.548802674 0.002063664 0.835949361 195.955825806
0.835896671 -0.003926592 0.548872769 33.101585388 0.004460854 0.999989986 0.000360265 0.007934645 -0.548868716 0.002147297 0.835905790 195.960754395
0.835873306 -0.004126159 0.548906922 33.098251343 0.004646620 0.999989092 0.000441111 0.008416638 -0.548902750 0.002181849 0.835883379 195.961181641
0.835833311 -0.003863876 0.548969686 33.095565796 0.004377339 0.999990344 0.000373631 0.007901415 -0.548965812 0.002090733 0.835842192 195.956527710
0.835786641 -0.003803500 0.549041212 33.093811035 0.004347134 0.999990523 0.000309972 0.007677168 -0.549037158 0.002127685 0.835795283 195.957077026
0.835913539 -0.004106303 0.548845828 33.098552704 0.004522158 0.999989569 0.000594205 0.005714983 -0.548842549 0.001985264 0.835923433 195.956192017
0.835881710 -0.003992706 0.548895180 33.098571777 0.004464399 0.999989927 0.000475421 0.006923750 -0.548891544 0.002053091 0.835891068 195.958312988
0.835882604 -0.004271037 0.548891664 33.098716736 0.004651954 0.999988914 0.000696863 0.005224541 -0.548888564 0.001970923 0.835893214 195.957839966
0.835809112 -0.003950671 0.549005926 33.097221375 0.004412410 0.999990165 0.000478499 0.007422924 -0.549002409 0.002022505 0.835818291 195.957916260
0.835776746 -0.003947090 0.549055278 33.096908569 0.004419755 0.999990106 0.000461016 0.007875994 -0.549051642 0.002041383 0.835785925 195.958847046
0.835800111 -0.003927477 0.549019873 33.096744537 0.004378138 0.999990284 0.000488490 0.007055908 -0.549016416 0.001995404 0.835809171 195.957595825
0.835816205 -0.003649486 0.548997283 33.104949951 0.004192946 0.999991179 0.000263975 0.010942981 -0.548993409 0.002081281 0.835824132 195.963317871
0.835810900 -0.003654357 0.549005330 33.100006104 0.004145388 0.999991357 0.000345286 0.009541839 -0.549001813 0.001987246 0.835818768 195.960556030
0.835854352 -0.003693548 0.548938811 33.100837708 0.004229784 0.999991000 0.000287886 0.009675354 -0.548934937 0.002081262 0.835862517 195.958587646
0.835800290 -0.003988494 0.549019098 33.095878601 0.004454509 0.999989986 0.000483361 0.006999955 -0.549015522 0.002041617 0.835809708 195.956970215
0.835835040 -0.004065945 0.548965633 33.095458984 0.004507465 0.999989688 0.000543578 0.006676570 -0.548962176 0.002020102 0.835844755 195.955413818
0.835781276 -0.003738278 0.549049854 33.095203400 0.004189962 0.999991119 0.000430476 0.007639408 -0.549046576 0.001940714 0.835789502 195.957489014
0.835896015 -0.004175502 0.548871934 33.098209381 0.004616610 0.999989152 0.000576548 0.006205425 -0.548868418 0.002051994 0.835906267 195.957519531
0.835852206 -0.004098110 0.548939288 33.096660614 0.004485855 0.999989748 0.000634964 0.005577952 -0.548936248 0.001931726 0.835862041 195.957748413
0.835799754 -0.004207537 0.549018323 33.092926025 0.004633611 0.999989092 0.000609670 0.005384520 -0.549014866 0.002034375 0.835810125 195.954010010
0.835927546 -0.004204057 0.548823714 33.099502563 0.004682151 0.999988914 0.000528534 0.006465122 -0.548819840 0.002127859 0.835937977 195.956253052
0.835829973 -0.004143643 0.548972726 33.095947266 0.004543508 0.999989450 0.000630266 0.005827457 -0.548969567 0.001967467 0.835840046 195.955505371
0.835920572 -0.004029638 0.548835695 33.098506927 0.004480398 0.999989808 0.000518079 0.007291317 -0.548832178 0.002025929 0.835930109 195.957122803
0.835942745 -0.004092725 0.548801363 33.099613190 0.004553468 0.999989510 0.000521580 0.007401660 -0.548797727 0.002062938 0.835952640 195.958343506
0.835958242 -0.004185452 0.548777163 33.101100922 0.004559043 0.999989390 0.000681949 0.005354106 -0.548774183 0.001931818 0.835968435 195.957580566
0.835952580 -0.004365687 0.548784316 33.100936890 0.004862223 0.999988019 0.000548570 0.007328033 -0.548780143 0.002209733 0.835963845 195.957275391
0.835956573 -0.004212413 0.548779488 33.097320557 0.004700200 0.999988794 0.000516059 0.006813034 -0.548775494 0.002147970 0.835967064 195.954864502
0.835948229 -0.004310455 0.548791409 33.098617554 0.004802585 0.999988317 0.000538807 0.006338656 -0.548787355 0.002185203 0.835959136 195.954589844
0.835883737 -0.004224105 0.548890233 33.093887329 0.004680448 0.999988914 0.000567960 0.004655883 -0.548886538 0.002094303 0.835894227 195.953079224
0.835934579 -0.004230516 0.548812807 33.098037720 0.004734133 0.999988675 0.000497517 0.006531879 -0.548808694 0.002182262 0.835945129 195.955627441
0.835941076 -0.004310297 0.548802257 33.100646973 0.004830054 0.999988198 0.000496729 0.007155672 -0.548797905 0.002235508 0.835952044 195.956756592
0.835913181 -0.003974799 0.548847258 33.103771210 0.004430196 0.999990046 0.000494672 0.007239982 -0.548843801 0.002017998 0.835922480 195.959014893
0.835935593 -0.004110602 0.548812211 33.107463837 0.004586979 0.999989331 0.000503157 0.006438300 -0.548808455 0.002096783 0.835945547 195.960006714
0.835975826 -0.003971881 0.548751891 33.109077454 0.004479486 0.999989867 0.000413847 0.008025661 -0.548747957 0.002112160 0.835985184 195.960800171
0.835893691 -0.003712083 0.548878789 33.100193024 0.004085797 0.999991536 0.000540664 0.007253349 -0.548876166 0.001790670 0.835901737 195.958099365
0.835913658 -0.003910355 0.548847079 33.103569031 0.004333587 0.999990463 0.000524396 0.007420018 -0.548843920 0.001940127 0.835922599 195.959045410
0.835883498 -0.003997593 0.548892319 33.102073669 0.004433513 0.999990046 0.000531347 0.006187692 -0.548888981 0.001989377 0.835892916 195.958267212
0.835839748 -0.003973189 0.548959136 33.100223541 0.004415893 0.999990106 0.000514010 0.006411821 -0.548955739 0.001994515 0.835849047 195.958267212
0.835831881 -0.003976414 0.548971057 33.101470947 0.004524679 0.999989688 0.000354303 0.007789046 -0.548966825 0.002187780 0.835841298 195.958862305
0.835889161 -0.004087619 0.548883080 33.099136353 0.004552985 0.999989510 0.000513381 0.006246105 -0.548879385 0.002069926 0.835898995 195.955642700
0.835817873 -0.004020020 0.548992097 33.097534180 0.004501213 0.999989748 0.000469560 0.006440073 -0.548988342 0.002078664 0.835827410 195.957031250
0.835827470 -0.003867652 0.548978567 33.098834991 0.004341565 0.999990463 0.000435019 0.007474616 -0.548975050 0.002019825 0.835836291 195.958312988
0.835808635 -0.003851196 0.549007416 33.100120544 0.004307769 0.999990642 0.000456624 0.006886899 -0.549004018 0.001983347 0.835817337 195.959472656
0.835822344 -0.003841833 0.548986554 33.098754883 0.004330691 0.999990523 0.000404577 0.007093057 -0.548982918 0.002039336 0.835831106 195.958145142
0.835769176 -0.003897229 0.549067140 33.095478058 0.004376734 0.999990344 0.000435743 0.005934671 -0.549063563 0.002038940 0.835778117 195.957366943
0.835765123 -0.003753294 0.549074352 33.097316742 0.004163156 0.999991238 0.000498731 0.006903738 -0.549071372 0.001869060 0.835773349 195.958557129
0.835761726 -0.003891499 0.549078465 33.096107483 0.004358322 0.999990404 0.000453383 0.006829754 -0.549075007 0.002014140 0.835770667 195.957305908
0.835796773 -0.003894784 0.549025178 33.100585938 0.004381877 0.999990284 0.000423274 0.007921621 -0.549021482 0.002051989 0.835805714 195.960403442
0.835786343 -0.003883131 0.549041092 33.100288391 0.004405029 0.999990225 0.000366877 0.008228183 -0.549037158 0.002111911 0.835795283 195.960220337
0.835801423 -0.003984281 0.549017429 33.097846985 0.004467908 0.999989927 0.000455280 0.007234842 -0.549013674 0.002072436 0.835810781 195.957778931
0.835812330 -0.003817332 0.549001992 33.096366882 0.004260059 0.999990821 0.000467551 0.006533951 -0.548998773 0.001947996 0.835820913 195.956405640
0.835789382 -0.003861410 0.549036622 33.096702576 0.004357867 0.999990404 0.000399087 0.008118197 -0.549032927 0.002059076 0.835798204 195.958389282
0.835849166 -0.003961802 0.548944890 33.100723267 0.004392012 0.999990225 0.000529568 0.006016478 -0.548941672 0.001968333 0.835858345 195.959976196
0.835844636 -0.003899222 0.548952222 33.099510193 0.004292483 0.999990642 0.000567147 0.006586239 -0.548949301 0.001882321 0.835853577 195.959075928
0.835796237 -0.003949270 0.549025476 33.097579956 0.004358125 0.999990344 0.000558675 0.006178245 -0.549022377 0.001925784 0.835805416 195.958099365
0.835849822 -0.003937704 0.548944056 33.097198486 0.004362540 0.999990344 0.000530542 0.006144240 -0.548940837 0.001951337 0.835858941 195.956756592
0.835882723 -0.004066373 0.548893034 33.099399567 0.004488619 0.999989748 0.000572739 0.005396068 -0.548889697 0.001985029 0.835892439 195.957809448
0.835859001 -0.003983155 0.548929811 33.102027893 0.004392731 0.999990165 0.000567307 0.006525800 -0.548926651 0.001937112 0.835868299 195.959960938
0.835855901 -0.004005245 0.548934281 33.101974487 0.004461560 0.999989927 0.000502763 0.006465361 -0.548930764 0.002028865 0.835865378 195.960433960
0.835817695 -0.003940882 0.548992932 33.098175049 0.004388796 0.999990225 0.000496564 0.006722465 -0.548989534 0.001994380 0.835826874 195.958633423
0.835842252 -0.003970031 0.548955381 33.098579407 0.004417404 0.999990106 0.000505942 0.006663442 -0.548951924 0.002002070 0.835851550 195.957870483
0.835832775 -0.003835006 0.548970759 33.100368500 0.004316735 0.999990582 0.000413323 0.008487374 -0.548967183 0.002024292 0.835841417 195.959838867
0.835836411 -0.003952341 0.548964322 33.096282959 0.004389242 0.999990225 0.000516636 0.006127030 -0.548960984 0.001977714 0.835845590 195.956893921
0.835796595 -0.003776832 0.549026251 33.101398468 0.004190349 0.999991119 0.000500011 0.007928148 -0.549023271 0.001882704 0.835804999 195.961181641
0.835788965 -0.003957268 0.549036622 33.102180481 0.004412224 0.999990165 0.000490934 0.007256746 -0.549033165 0.002012155 0.835798144 195.961090088
0.835883021 -0.003858084 0.548894048 33.107719421 0.004289768 0.999990702 0.000496096 0.008789897 -0.548890889 0.001939950 0.835891783 195.963836670
0.835911274 -0.004202826 0.548848510 33.102611542 0.004701860 0.999988794 0.000496387 0.005610377 -0.548844457 0.002165673 0.835921705 195.958068848
0.835871041 -0.004081948 0.548910677 33.104183197 0.004534093 0.999989569 0.000531942 0.006392032 -0.548907161 0.002044177 0.835880876 195.960983276
0.835864186 -0.003883053 0.548922598 33.105411530 0.004399462 0.999990225 0.000374666 0.008657590 -0.548918664 0.002101793 0.835873127 195.961654663
0.835863650 -0.003870922 0.548923433 33.100154877 0.004372892 0.999990344 0.000393029 0.008035809 -0.548919678 0.002071865 0.835872531 195.956909180
0.835834622 -0.003947703 0.548967183 33.097042084 0.004406709 0.999990165 0.000481603 0.006480247 -0.548963726 0.002016598 0.835843801 195.956008911
0.835820735 -0.003808835 0.548989296 33.099029541 0.004261715 0.999990821 0.000449498 0.007841066 -0.548985958 0.001963936 0.835829258 195.958572388
0.835842848 -0.003942273 0.548954666 33.098285675 0.004387138 0.999990225 0.000501456 0.006312743 -0.548951328 0.001989201 0.835851967 195.957550049
0.835808277 -0.003853781 0.549007952 33.098323822 0.004289530 0.999990702 0.000489100 0.007023752 -0.549004734 0.001946192 0.835816979 195.957702637
0.835867107 -0.004038215 0.548917055 33.100803375 0.004482128 0.999989808 0.000531428 0.006013900 -0.548913598 0.002016113 0.835876703 195.959564209
0.835820794 -0.003807229 0.548989177 33.098644257 0.004210367 0.999991000 0.000524751 0.006959781 -0.548986256 0.001872848 0.835829318 195.958892822
0.835823357 -0.003791218 0.548985422 33.099266052 0.004188118 0.999991119 0.000529446 0.006865650 -0.548982501 0.001856692 0.835831761 195.959106445
0.835862041 -0.003971803 0.548925221 33.099609375 0.004411148 0.999990165 0.000518563 0.006345198 -0.548921883 0.001987944 0.835871279 195.957138062
0.835914433 -0.004031308 0.548844993 33.100868225 0.004511511 0.999989688 0.000473776 0.006691635 -0.548841238 0.002080084 0.835924029 195.957992554
0.835829258 -0.003769151 0.548976600 33.102405548 0.004195738 0.999991059 0.000477610 0.007585719 -0.548973501 0.001904161 0.835837603 195.960830688
0.835854590 -0.003780577 0.548937917 33.108177185 0.004252088 0.999990880 0.000412460 0.009880304 -0.548934460 0.001989375 0.835863054 195.963348389
0.835912406 -0.003958478 0.548848629 33.107944489 0.004393792 0.999990225 0.000520387 0.008222625 -0.548845351 0.001976529 0.835921586 195.962188721
0.835934162 -0.004075157 0.548814654 33.103672028 0.004567969 0.999989450 0.000467539 0.007298917 -0.548810780 0.002116136 0.835943937 195.958297729
0.835888922 -0.003910992 0.548884690 33.106506348 0.004381939 0.999990284 0.000452080 0.008337930 -0.548881173 0.002027291 0.835897923 195.961349487
0.835849762 -0.003898747 0.548944414 33.101646423 0.004302390 0.999990582 0.000551165 0.008150071 -0.548941433 0.001901082 0.835858703 195.960113525
0.835825503 -0.003722995 0.548982620 33.102325439 0.004131779 0.999991357 0.000490938 0.009269789 -0.548979700 0.001857936 0.835833669 195.960739136
0.835830450 -0.003915126 0.548973739 33.099643707 0.004421094 0.999990165 0.000400386 0.007796168 -0.548969865 0.002092410 0.835839510 195.958435059
0.835870206 -0.003839748 0.548913717 33.100963593 0.004201397 0.999991000 0.000597346 0.006592870 -0.548911095 0.001806901 0.835878789 195.958068848
0.835843146 -0.003851298 0.548954844 33.100940704 0.004336345 0.999990523 0.000413072 0.008483499 -0.548951209 0.002035193 0.835851908 195.959777832
0.835806251 -0.003882322 0.549010813 33.098846436 0.004397366 0.999990284 0.000376928 0.008062586 -0.549006939 0.002099163 0.835815191 195.958526611
0.835838914 -0.003952782 0.548960567 33.098823547 0.004366931 0.999990284 0.000551393 0.005976826 -0.548957407 0.001936397 0.835848093 195.958114624
0.835831225 -0.003847738 0.548973024 33.096588135 0.004326475 0.999990523 0.000421694 0.007006437 -0.548969448 0.002022653 0.835839987 195.955520630
0.835815907 -0.003828522 0.548996568 33.100112915 0.004269531 0.999990761 0.000473491 0.007165894 -0.548993289 0.001948207 0.835824490 195.959609985
0.835812092 -0.003871614 0.549002051 33.100158691 0.004264924 0.999990761 0.000559020 0.006490305 -0.548999131 0.001874216 0.835820854 195.959960938
0.835806191 -0.003740402 0.549011886 33.099678040 0.004115287 0.999991357 0.000547870 0.007096991 -0.549009204 0.001801429 0.835814357 195.959701538
0.835806906 -0.003701772 0.549011052 33.100345612 0.004124679 0.999991357 0.000463205 0.008086860 -0.549008012 0.001877345 0.835814953 195.960723877
0.835835457 -0.003940451 0.548965931 33.097698212 0.004319316 0.999990463 0.000601451 0.005854964 -0.548963070 0.001868443 0.835844517 195.956924438
0.835860252 -0.003837698 0.548928857 33.097816467 0.004219304 0.999990940 0.000566402 0.006605685 -0.548926055 0.001842665 0.835868895 195.956588745
0.835849941 -0.003984103 0.548943579 33.093444824 0.004342407 0.999990344 0.000645722 0.004136100 -0.548940837 0.001844009 0.835859179 195.953552246
0.835852921 -0.003747919 0.548940659 33.096153259 0.004118233 0.999991357 0.000556797 0.005322739 -0.548938036 0.001795265 0.835861146 195.956161499
0.835862517 -0.003977098 0.548924446 33.097103119 0.004404784 0.999990165 0.000537897 0.005915046 -0.548921168 0.001968286 0.835871816 195.956451416
0.835835278 -0.003954914 0.548966050 33.097782135 0.004355022 0.999990344 0.000573433 0.006001115 -0.548963070 0.001911464 0.835844457 195.957946777
0.835782707 -0.003816112 0.549047053 33.096744537 0.004223683 0.999990940 0.000520895 0.007124379 -0.549044073 0.001883646 0.835791290 195.956909180
0.835785747 -0.003774595 0.549042821 33.101745605 0.004210339 0.999991000 0.000465573 0.008330345 -0.549039662 0.001922537 0.835794091 195.961547852
0.835875452 -0.003935149 0.548905075 33.106239319 0.004376322 0.999990284 0.000504735 0.008196786 -0.548901737 0.001980290 0.835884571 195.960983276
0.835822999 -0.003847588 0.548985541 33.103710175 0.004354801 0.999990463 0.000378349 0.009241417 -0.548981786 0.002074490 0.835831761 195.961547852
0.835826397 -0.003989808 0.548979282 33.101085663 0.004484816 0.999989867 0.000439433 0.006976202 -0.548975468 0.002094781 0.835835814 195.958526611
0.835799694 -0.003895477 0.549020708 33.095848083 0.004359089 0.999990404 0.000459207 0.006920889 -0.549017191 0.002009425 0.835808635 195.956008911
0.835777700 -0.003835203 0.549054623 33.097537994 0.004276268 0.999990761 0.000475651 0.006323397 -0.549051344 0.001950367 0.835786343 195.957595825
0.835784674 -0.003768719 0.549044430 33.096714020 0.004192269 0.999991119 0.000482386 0.006586298 -0.549041390 0.001898571 0.835793018 195.957244873
0.835789621 -0.003845904 0.549036384 33.096858978 0.004332513 0.999990523 0.000409442 0.007092059 -0.549032748 0.002036500 0.835798383 195.957351685
0.835812509 -0.003960291 0.549000680 33.096961975 0.004383140 0.999990225 0.000540561 0.006120265 -0.548997462 0.001954539 0.835821748 195.956771851
0.835807800 -0.003800608 0.549009025 33.097686768 0.004222358 0.999990940 0.000494517 0.007138729 -0.549005985 0.001904791 0.835816264 195.957916260
0.835870981 -0.003934030 0.548911929 33.098274231 0.004365389 0.999990344 0.000519375 0.006328821 -0.548908651 0.001962083 0.835880041 195.956451416
0.835821986 -0.003942811 0.548986375 33.096244812 0.004312424 0.999990523 0.000616326 0.004983440 -0.548983574 0.001852324 0.835831046 195.957763672
0.835850000 -0.003871019 0.548944354 33.097747803 0.004346150 0.999990463 0.000434021 0.006908730 -0.548940778 0.002023018 0.835858822 195.957687378
0.835757971 -0.003818190 0.549084723 33.095573425 0.004201740 0.999991000 0.000558235 0.005452752 -0.549081922 0.001840562 0.835766494 195.957839966
0.835788012 -0.003863443 0.549038708 33.096607208 0.004312794 0.999990582 0.000471415 0.006092012 -0.549035370 0.001973888 0.835796773 195.957138062
0.835787714 -0.003752048 0.549039960 33.097061157 0.004170736 0.999991179 0.000484783 0.006165862 -0.549036920 0.001884726 0.835795999 195.958084106
0.835806131 -0.003826845 0.549011290 33.098762512 0.004295276 0.999990702 0.000431305 0.007519111 -0.549007833 0.001997668 0.835814834 195.958633423
0.835755646 -0.003794943 0.549088478 33.097820282 0.004186868 0.999991119 0.000538549 0.006699398 -0.549085617 0.001848865 0.835764050 195.959762573
0.835810184 -0.003810315 0.549005270 33.096794128 0.004250666 0.999990880 0.000469084 0.007141024 -0.549002051 0.001941573 0.835818768 195.956542969
0.835774660 -0.003975488 0.549058139 33.095108032 0.004402855 0.999990165 0.000538475 0.005448088 -0.549054921 0.001967380 0.835783958 195.956268311
0.835797548 -0.003940876 0.549023569 33.096534729 0.004323342 0.999990463 0.000596331 0.004938021 -0.549020708 0.001875204 0.835806668 195.958053589
0.835755885 -0.003967966 0.549086869 33.096939087 0.004353257 0.999990344 0.000600392 0.004943877 -0.549083948 0.001888535 0.835765064 195.959167480
0.835776925 -0.003782460 0.549056053 33.097663879 0.004176649 0.999991119 0.000531239 0.006471992 -0.549053192 0.001849218 0.835785329 195.958816528
0.835796833 -0.003953008 0.549024642 33.096008301 0.004340681 0.999990404 0.000592037 0.005670771 -0.549021721 0.001888319 0.835805953 195.957229614
0.835811377 -0.003899795 0.549002886 33.099029541 0.004368052 0.999990344 0.000453349 0.007559597 -0.548999369 0.002019159 0.835820317 195.959152222
0.835786879 -0.003940364 0.549039841 33.097766876 0.004325568 0.999990463 0.000592078 0.005436495 -0.549036980 0.001880058 0.835795939 195.958023071
0.835816920 -0.003900165 0.548994422 33.098800659 0.004274887 0.999990702 0.000595828 0.005761892 -0.548991621 0.001848886 0.835825801 195.959381104
0.835796177 -0.003857684 0.549026310 33.097812653 0.004304545 0.999990642 0.000473430 0.006478846 -0.549023032 0.001967617 0.835804939 195.957778931
0.835789084 -0.003805511 0.549037457 33.096611023 0.004234863 0.999990940 0.000484528 0.006480843 -0.549034297 0.001920136 0.835797608 195.956329346
0.835759342 -0.003850758 0.549082458 33.094718933 0.004254399 0.999990821 0.000537385 0.005491152 -0.549079478 0.001886891 0.835767984 195.956008911
0.835794866 -0.003889199 0.549028158 33.098396301 0.004339432 0.999990463 0.000477731 0.006912082 -0.549024761 0.001983185 0.835803747 195.958709717
0.835821807 -0.003972600 0.548986495 33.102272034 0.004386558 0.999990225 0.000557719 0.006235167 -0.548983335 0.001942007 0.835831046 195.960983276
0.835879564 -0.004019522 0.548898160 33.101100922 0.004506115 0.999989748 0.000460760 0.006560728 -0.548894346 0.002088258 0.835889101 195.957916260
0.835821390 -0.003857344 0.548987985 33.100563049 0.004321368 0.999990582 0.000447033 0.007089227 -0.548984528 0.001998740 0.835830152 195.959899902
0.835857332 -0.003913636 0.548932850 33.102851868 0.004364463 0.999990344 0.000483721 0.007579416 -0.548929453 0.001991475 0.835866332 195.960693359
0.835829139 -0.003992884 0.548975170 33.099845886 0.004442303 0.999989986 0.000509748 0.006788701 -0.548971713 0.002012652 0.835838497 195.959167480
0.835868955 -0.003968720 0.548914671 33.099155426 0.004413956 0.999990106 0.000508626 0.006472677 -0.548911273 0.001997741 0.835878253 195.957305908
0.835812211 -0.003899488 0.549001634 33.097145081 0.004399361 0.999990225 0.000405119 0.006107271 -0.548997879 0.002076653 0.835821152 195.954971313
0.835770607 -0.003315901 0.549068749 33.098884583 0.004158310 0.999991298 -0.000290530 0.007469937 -0.549062967 0.002526014 0.835777164 195.959014893
0.835741460 -0.003143888 0.549114168 33.103454590 0.004416287 0.999989748 -0.000996184 0.006959274 -0.549105406 0.003257598 0.835746765 195.966613770
0.835669398 -0.002849552 0.549225390 33.110401154 0.004335574 0.999989629 -0.001408501 0.007821366 -0.549215674 0.003558249 0.835673094 195.977859497
0.835570693 -0.002707766 0.549376249 33.118667603 0.004198280 0.999990106 -0.001456599 0.007364526 -0.549366891 0.003523526 0.835573852 195.991333008
0.835420668 -0.002345935 0.549606085 33.134162903 0.003691858 0.999992311 -0.001343394 0.007037014 -0.549598694 0.003151366 0.835422873 196.016326904
0.835295200 -0.002353580 0.549796700 33.154045105 0.003775097 0.999991834 -0.001454647 0.009929352 -0.549788773 0.003290595 0.835297227 196.042846680
0.835064888 -0.001601109 0.550149202 33.176261902 0.003459686 0.999991298 -0.002341123 0.008852221 -0.550140619 0.003858333 0.835063100 196.074203491
0.834841013 -0.000150232 0.550491214 33.206588745 0.003208278 0.999984324 -0.004592577 0.009623392 -0.550481856 0.005600201 0.834828377 196.119949341
0.834415555 0.001964272 0.551132321 33.246398926 0.003000129 0.999962628 -0.008106137 0.013460070 -0.551127672 0.008417355 0.834378481 196.179870605
0.834007204 0.003981161 0.551739216 33.297206879 0.002794426 0.999930680 -0.011439203 0.010951549 -0.551746488 0.011082172 0.833938241 196.251220703
0.833436549 0.005724511 0.552585542 33.359840393 0.002092524 0.999906480 -0.013514580 0.011937022 -0.552611232 0.012419844 0.833346605 196.348815918
0.832700074 0.006503058 0.553686082 33.447967529 0.001592726 0.999898791 -0.014139173 0.014785409 -0.553721964 0.012655561 0.832605422 196.477996826
0.831758142 0.006764918 0.555096924 33.541427612 0.001240509 0.999900579 -0.014044482 0.013275295 -0.555136740 0.012370215 0.831667066 196.622192383
0.831165671 0.007199133 0.555978239 33.661155701 0.001092064 0.999893129 -0.014579798 0.013578594 -0.556023777 0.012725391 0.831068993 196.798538208
0.830974996 0.007695719 0.556256533 33.788612366 0.000414923 0.999895453 -0.014453234 0.013022244 -0.556309640 0.012241080 0.830884933 196.992599487
0.830912590 0.008419449 0.556339264 33.939331055 -0.000678424 0.999900103 -0.014118895 0.014509678 -0.556402564 0.011354133 0.830835283 197.210815430
0.830299854 0.009937158 0.557228386 34.095558167 -0.002678066 0.999900639 -0.013840956 0.015556693 -0.557310522 0.009999849 0.830243945 197.447921753
0.828794181 0.011304568 0.559439361 34.258388519 -0.004594987 0.999899685 -0.013397583 0.015131652 -0.559534729 0.008533223 0.828763008 197.695724487
0.826703966 0.012660600 0.562494636 34.455497742 -0.006060385 0.999889195 -0.013598445 0.016122639 -0.562604487 0.007832954 0.826689065 197.976837158
0.823983252 0.014306098 0.566433489 34.654747009 -0.007135733 0.999863923 -0.014872756 0.012913823 -0.566569209 0.008212985 0.823973238 198.263046265
0.820619822 0.015475469 0.571264982 34.859279633 -0.007063985 0.999831617 -0.016937880 0.012849212 -0.571430862 0.009864152 0.820590973 198.563705444
0.817103744 0.015890267 0.576271594 35.095054626 -0.006868622 0.999817431 -0.017830117 0.010828018 -0.576449692 0.010610864 0.817063749 198.889862061
0.813539863 0.016801486 0.581266403 35.354141235 -0.007378463 0.999800265 -0.018572304 0.014044166 -0.581462383 0.010820459 0.813501358 199.231277466
0.809460580 0.018850101 0.586871564 35.607337952 -0.009040438 0.999766171 -0.019642826 0.009563684 -0.587104619 0.010594519 0.809441745 199.587997437
0.805136800 0.020825446 0.592723429 35.882453918 -0.011168181 0.999738514 -0.019955488 0.007089019 -0.592983961 0.009447254 0.805158794 199.965499878
0.800923288 0.021723783 0.598372817 36.188850403 -0.012440714 0.999729633 -0.019643027 0.007938981 -0.598637760 0.008288373 0.800976992 200.364379883
0.796208501 0.021582358 0.604637265 36.506141663 -0.013435081 0.999747813 -0.017993912 0.007034063 -0.604873180 0.006203556 0.796297669 200.773483276
0.790926635 0.020660086 0.611562192 36.829982758 -0.013463330 0.999775469 -0.016362919 -0.002503037 -0.611762941 0.004708205 0.791027188 201.204223633
0.785951495 0.020231096 0.617957115 37.179412842 -0.012948645 0.999783933 -0.016262807 -0.005635977 -0.618152559 0.004780069 0.786043644 201.636016846
0.780653596 0.021292672 0.624601185 37.539924622 -0.014233330 0.999765933 -0.016292619 -0.006186962 -0.624801934 0.003828738 0.780773938 202.081283569
0.775294662 0.023506507 0.631162047 37.906963348 -0.016288573 0.999718964 -0.017224511 -0.014847398 -0.631389558 0.003073342 0.775459707 202.537918091
0.770073056 0.026697263 0.637396872 38.290115356 -0.018250259 0.999636948 -0.019820524 -0.019110203 -0.637694657 0.003630595 0.770280719 203.000595093
0.764543772 0.026055427 0.644044995 38.711154938 -0.017241890 0.999651790 -0.019974034 -0.020876169 -0.644341171 0.004166475 0.764726877 203.491073608
0.759122729 0.023050353 0.650539279 39.139152527 -0.014962235 0.999726713 -0.017963376 -0.027406573 -0.650775492 0.003902886 0.759260178 203.977722168
0.753758907 0.023259850 0.656739235 39.582778931 -0.015247252 0.999723375 -0.017907659 -0.032098770 -0.656974077 0.003484590 0.753905058 204.479629517
0.748301804 0.024374282 0.662910461 40.034687042 -0.016737279 0.999700308 -0.017864315 -0.038985014 -0.663147271 0.002272581 0.748485506 204.989257812
0.742977738 0.025149237 0.668843567 40.488952637 -0.016281139 0.999677241 -0.019503210 -0.051572323 -0.669118166 0.003600916 0.743147373 205.507080078
0.739332080 0.025984546 0.672839522 40.973072052 -0.015244975 0.999644935 -0.021853983 -0.054515719 -0.673168480 0.005899933 0.739465714 206.040008545
0.735864997 0.026321735 0.676616490 41.480873108 -0.015855791 0.999639988 -0.021643780 -0.061696291 -0.676942647 0.005198612 0.736017466 206.584014893
0.731774688 0.027638197 0.680986047 41.998306274 -0.017407442 0.999609411 -0.021863997 -0.067647457 -0.681324363 0.004145294 0.731969953 207.152328491
0.728100479 0.030115321 0.684808612 42.532447815 -0.020307170 0.999543607 -0.022365253 -0.078719378 -0.685169637 0.002377630 0.728379726 207.728103638
0.724371433 0.032209095 0.688657105 43.088733673 -0.021745672 0.999478459 -0.023873061 -0.089281082 -0.689066827 0.002317654 0.724694133 208.311096191
0.720035076 0.034489773 0.693080068 43.659172058 -0.023461511 0.999403059 -0.025359372 -0.090797186 -0.693540990 0.001998934 0.720414400 208.918304443
0.715577483 0.033313252 0.697738528 44.243076324 -0.022742344 0.999443710 -0.024394253 -0.099804640 -0.698163033 0.001587771 0.715937018 209.520477295
0.711233974 0.033393987 0.702161729 44.842208862 -0.023739059 0.999442279 -0.023486519 -0.109328032 -0.702554405 0.000035752 0.711629987 210.138610840
0.707260311 0.033724565 0.706148326 45.462760925 -0.025016375 0.999429822 -0.022675470 -0.120610952 -0.706510425 -0.001627812 0.707700729 210.758148193
0.702906251 0.034639027 0.710438550 46.100032806 -0.026414840 0.999395728 -0.022592999 -0.123698711 -0.710791826 -0.002885358 0.703396559 211.398498535
0.698440790 0.031958614 0.714953899 46.764503479 -0.025010685 0.999482214 -0.020244079 -0.130418777 -0.715230703 -0.003742197 0.698878407 212.048980713
0.694425583 0.031167045 0.718889177 47.440319061 -0.024996772 0.999503374 -0.019186778 -0.139537573 -0.719130158 -0.004646120 0.694859862 212.706436157
0.691328526 0.033351697 0.721770406 48.142082214 -0.026831543 0.999430120 -0.020481968 -0.142514229 -0.722042203 -0.005206447 0.691829443 213.383865356
0.688836098 0.035498939 0.724047422 48.852554321 -0.025996264 0.999367476 -0.024265427 -0.146042585 -0.724450827 -0.002107626 0.689323246 214.063415527
0.686971903 0.038430121 0.725667059 49.557529449 -0.027326284 0.999260485 -0.027050024 -0.164734364 -0.726170003 -0.001247176 0.687514067 214.743698120
0.684821844 0.040511914 0.727583647 50.279914856 -0.029609473 0.999175847 -0.027764937 -0.179058075 -0.728108823 -0.002529331 0.685456991 215.442550659
0.683346391 0.037715722 0.729119539 51.017368317 -0.029584827 0.999275029 -0.023962731 -0.192635775 -0.729494691 -0.005196031 0.683966756 216.153991699
0.681644201 0.032034472 0.730982184 51.780170441 -0.030234177 0.999421000 -0.015604991 -0.205862999 -0.731058836 -0.011463590 0.682218075 216.874496460
0.679758668 0.027985763 0.732901692 52.564891815 -0.031903688 0.999454200 -0.008573697 -0.211552858 -0.732741594 -0.017554222 0.680280507 217.618087769
0.677957654 0.027289448 0.734594285 53.349472046 -0.031489372 0.999471545 -0.008067807 -0.213336825 -0.734426260 -0.017662281 0.678458691 218.359710693
0.676560044 0.028784266 0.735824764 54.134540558 -0.030676944 0.999469995 -0.010891476 -0.207015753 -0.735748291 -0.015204116 0.677084446 219.085479736
0.675699770 0.028646478 0.736620069 54.938011169 -0.028447993 0.999513626 -0.012774892 -0.205954552 -0.736627817 -0.012323372 0.676186085 219.830245972
0.675282240 0.028195100 0.737020314 55.754226685 -0.028163914 0.999526024 -0.012432690 -0.205139160 -0.737021506 -0.012361799 0.675756276 220.582794189
0.674626350 0.026310701 0.737690330 56.570137024 -0.027742064 0.999562263 -0.010280268 -0.221866012 -0.737637877 -0.013529710 0.675060987 221.353225708
0.674555898 0.023915028 0.737836242 57.410453796 -0.027368015 0.999598205 -0.007378551 -0.221694350 -0.737716258 -0.015215869 0.674939394 222.126571655
0.674952924 0.022065472 0.737530828 58.238269806 -0.027305841 0.999615014 -0.004917515 -0.222576499 -0.737355411 -0.016819807 0.675295591 222.898117065
0.675711513 0.021991240 0.736838102 59.084281921 -0.027241841 0.999617100 -0.004852073 -0.220474482 -0.736662686 -0.016794221 0.676051855 223.678253174
0.676111698 0.022879206 0.736443818 59.929473877 -0.026636919 0.999623358 -0.006600713 -0.224248290 -0.736317515 -0.015153773 0.676466525 224.467803955
0.676984429 0.024741981 0.735581398 60.789154053 -0.028027933 0.999576509 -0.007826502 -0.222893715 -0.735463500 -0.015318405 0.677391171 225.262084961
0.678260565 0.025056534 0.734394193 61.647224426 -0.028658874 0.999560118 -0.007635309 -0.222859621 -0.734262407 -0.015868183 0.678680241 226.054290771
0.679156661 0.023984669 0.733601391 62.485893250 -0.028547615 0.999572873 -0.006251517 -0.226314187 -0.733438015 -0.016696809 0.679551303 226.846740723
0.680530667 0.023994183 0.732326746 63.331611633 -0.029737502 0.999544680 -0.005115170 -0.229197145 -0.732115984 -0.018296534 0.680934310 227.639953613
0.681955218 0.024342485 0.730988741 64.190467834 -0.030199468 0.999530852 -0.005111404 -0.235377908 -0.730770230 -0.018589722 0.682370424 228.445816040
0.683568656 0.023966020 0.729492724 65.039268494 -0.029143225 0.999559939 -0.005529979 -0.236588955 -0.729304194 -0.017479647 0.683966279 229.236267090
0.685037494 0.020549746 0.728217959 65.887245178 -0.026482480 0.999643862 -0.003297004 -0.236417651 -0.728026330 -0.017026447 0.685337722 230.033264160
0.687168181 0.015323316 0.726336837 66.737518311 -0.023115830 0.999732494 0.000778217 -0.232227683 -0.726130605 -0.017324643 0.687338591 230.840759277
0.690274477 0.009103856 0.723490298 67.582954407 -0.016837664 0.999852180 0.003483253 -0.239751607 -0.723351657 -0.014586287 0.690325737 231.632507324
0.693254709 0.009776087 0.720626414 68.423362732 -0.015686493 0.999875784 0.001526262 -0.232269704 -0.720521986 -0.012362188 0.693321943 232.436386108
0.694971442 0.007607743 0.718997061 69.257652283 -0.010483232 0.999944925 -0.000447537 -0.227238476 -0.718960881 -0.007226388 0.695012927 233.251922607
0.697689056 0.008312544 0.716352522 70.098159790 -0.012675232 0.999919415 0.000741949 -0.220329821 -0.716288567 -0.009597584 0.697738171 234.068878174
0.699454069 0.006402971 0.714648843 70.925788879 -0.010436738 0.999944746 0.001255725 -0.219283909 -0.714601338 -0.008336925 0.699482322 234.885177612
