1.000000000 0.000000000 0.000000000 0.000000000 0.000000000 1.000000000 0.000000000 0.000000000 0.000000000 0.000000000 1.000000000 0.000000000
0.999899983 0.002365140 -0.013944669 -0.029424883 -0.002456977 0.999975383 -0.006572411 0.001795799 0.013928780 0.006606015 0.999881148 0.575750589
0.999681771 0.004225975 -0.024869407 -0.058488332 -0.004520025 0.999920428 -0.011779438 0.003112223 0.024817647 0.011888099 0.999621332 1.158218145
0.999422073 0.001547987 -0.033957724 -0.081290118 -0.002067116 0.999881446 -0.015257708 0.004749217 0.033930082 0.015319085 0.999306798 1.747757792
0.999157727 0.002383153 -0.040965848 -0.118011996 -0.003029081 0.999871969 -0.015712637 0.006950100 0.040923156 0.015823493 0.999036968 2.355009317
0.998965383 0.000671909 -0.045472216 -0.152322695 -0.001392767 0.999873817 -0.015822874 0.000336588 0.045455847 0.015869835 0.998840272 2.970714331
0.998753548 -0.000155173 -0.049912885 -0.183792889 -0.000698224 0.999853909 -0.017079838 -0.011258055 0.049908243 0.017093400 0.998607516 3.594354153
0.998483658 -0.003043992 -0.054965023 -0.214132980 0.001966252 0.999804974 -0.019651193 -0.021353491 0.055014119 0.019513320 0.998294890 4.221389771
0.998209894 -0.004726038 -0.059620634 -0.256564647 0.003433947 0.999757409 -0.021755747 -0.026550826 0.059708990 0.021512069 0.997983992 4.868776321
0.997878611 -0.008561635 -0.064536996 -0.299871653 0.007142237 0.999728203 -0.022192271 -0.034689434 0.064709462 0.021684254 0.997668505 5.511369228
0.997516870 -0.011833997 -0.069426484 -0.345457435 0.010568874 0.999771833 -0.018561602 -0.043815609 0.069630302 0.017781751 0.997414351 6.174424171
0.997167110 -0.016501166 -0.073385380 -0.397211850 0.015464543 0.999772787 -0.014671622 -0.051571727 0.073610805 0.013495187 0.997195721 6.852245808
0.996846974 -0.019550554 -0.076901749 -0.447341532 0.018726010 0.999759316 -0.011428662 -0.058377925 0.077106677 0.009952565 0.996973157 7.529739857
0.996488810 -0.024871577 -0.079946540 -0.504946470 0.024075644 0.999650657 -0.010904509 -0.067895643 0.080189824 0.008941457 0.996739507 8.219344139
0.996245623 -0.025383011 -0.082766913 -0.565534294 0.024287269 0.999603868 -0.014219100 -0.072264999 0.083095051 0.012155534 0.996467471 8.906842232
0.996011317 -0.026049322 -0.085339956 -0.624575198 0.024612810 0.999537826 -0.017842118 -0.078976199 0.085765287 0.015670495 0.996192098 9.595449448
0.995672166 -0.028898131 -0.088328198 -0.682997167 0.027365504 0.999454021 -0.018513730 -0.078266636 0.088814989 0.016016459 0.995919347 10.302118301
0.995345116 -0.029261645 -0.091824859 -0.745743752 0.028090648 0.999507070 -0.014019410 -0.085426122 0.092189826 0.011374732 0.995676458 11.019768715
0.995214283 -0.025914464 -0.094217725 -0.821882844 0.025122967 0.999638498 -0.009577399 -0.095723890 0.094431862 0.007164536 0.995505571 11.745416641
0.994968653 -0.024693998 -0.097095482 -0.901174545 0.024009166 0.999677956 -0.008215394 -0.102854893 0.097267091 0.005842878 0.995241165 12.473623276
0.994493544 -0.027289355 -0.101182505 -0.968078494 0.026046200 0.999568403 -0.013587323 -0.104310922 0.101509623 0.010877085 0.994775116 13.187544823
0.994218349 -0.028149894 -0.103621602 -1.050705314 0.026514895 0.999501765 -0.017122604 -0.112396613 0.104051977 0.014276091 0.994469404 13.928670883
0.994111061 -0.023914391 -0.105694264 -1.142693877 0.022158854 0.999596834 -0.017752966 -0.115803488 0.106076203 0.015306356 0.994240165 14.666398048
0.993861616 -0.022549130 -0.108308174 -1.226964593 0.021113377 0.999673605 -0.014384830 -0.122247957 0.108597182 0.012009779 0.994013309 15.412957191
0.993524969 -0.025094345 -0.110807933 -1.311488986 0.024193969 0.999662519 -0.009462894 -0.126896009 0.111007996 0.006720738 0.993796766 16.162237167
0.993095398 -0.027338235 -0.114079334 -1.391989827 0.026931286 0.999624252 -0.005107189 -0.135261536 0.114176095 0.001999623 0.993458509 16.909912109
0.992654443 -0.028054660 -0.117686428 -1.484207511 0.027811833 0.999606311 -0.003705404 -0.132754236 0.117744051 0.000405111 0.993043900 17.658664703
0.992247701 -0.029454632 -0.120734863 -1.581046700 0.029165931 0.999565959 -0.004158021 -0.141203523 0.120804928 0.000604442 0.992676079 18.419513702
0.991899192 -0.030422388 -0.123330615 -1.669507146 0.030016324 0.999536157 -0.005149641 -0.143361554 0.123430073 0.001405994 0.992352247 19.170291901
0.991820455 -0.029164426 -0.124264479 -1.769798875 0.028383762 0.999564707 -0.008048443 -0.139304966 0.124445118 0.004455517 0.992216468 19.923679352
0.991898537 -0.028458821 -0.123803832 -1.873247385 0.027343798 0.999568880 -0.010696582 -0.142521083 0.124054864 0.007224657 0.992249072 20.676385880
0.991798282 -0.030585645 -0.124099389 -1.966115832 0.029158439 0.999486327 -0.013300972 -0.153585508 0.124442458 0.009573337 0.992180645 21.434595108
0.991814852 -0.032703988 -0.123425014 -2.059717178 0.031051656 0.999400854 -0.015287819 -0.155694887 0.123851039 0.011330136 0.992236137 22.194679260
0.991945446 -0.032077171 -0.122537084 -2.160604954 0.030401628 0.999417245 -0.015519556 -0.159702405 0.122963496 0.011669225 0.992342591 22.964920044
0.992008865 -0.029431637 -0.122687332 -2.257717371 0.027786022 0.999499798 -0.015102897 -0.166280702 0.123070471 0.011573214 0.992330432 23.737491608
0.992035270 -0.029860752 -0.122369967 -2.352761030 0.028245067 0.999489725 -0.014917151 -0.178953141 0.122752964 0.011341992 0.992372453 24.511909485
0.992062211 -0.031574637 -0.121719204 -2.458836079 0.029825315 0.999424338 -0.016167484 -0.188730597 0.122159623 0.012408838 0.992432892 25.279195786
0.992036521 -0.031608611 -0.121919841 -2.554821014 0.029574821 0.999392152 -0.018455550 -0.196056470 0.122429088 0.014702823 0.992368340 26.060562134
0.992076159 -0.029435789 -0.122140907 -2.654600859 0.027338926 0.999449253 -0.018808441 -0.207175165 0.122627281 0.015320206 0.992334545 26.832115173
0.992047787 -0.028155982 -0.122671880 -2.763545990 0.026360501 0.999520659 -0.016235258 -0.222200364 0.123070203 0.012872459 0.992314458 27.620018005
0.991878867 -0.029074354 -0.123818569 -2.863837481 0.027657358 0.999530971 -0.013148021 -0.230589539 0.124142766 0.009616749 0.992217779 28.410587311
0.991723537 -0.031263739 -0.124527134 -2.962805748 0.030444268 0.999500513 -0.008478690 -0.239962086 0.124730006 0.004617380 0.992179990 29.203437805
0.991601050 -0.026514808 -0.126587078 -3.070732117 0.025808958 0.999640882 -0.007213182 -0.241130695 0.126732871 0.003885519 0.991929293 29.998201370
0.991372705 -0.025226725 -0.128622606 -3.181101084 0.024501234 0.999673724 -0.007219870 -0.243686244 0.128762782 0.004006170 0.991667330 30.793909073
0.990952194 -0.027511179 -0.131365657 -3.286366701 0.026798362 0.999615014 -0.007191323 -0.245857164 0.131512925 0.003605872 0.991307914 31.588930130
0.990576029 -0.030290838 -0.133572608 -3.390346527 0.029742816 0.999539018 -0.006096711 -0.246312603 0.133695707 0.002066430 0.991020262 32.390140533
0.990363300 -0.030670445 -0.135055125 -3.501016855 0.030013327 0.999525666 -0.006899418 -0.254830599 0.135202676 0.002779477 0.990814090 33.189743042
0.990020692 -0.030283496 -0.137629792 -3.614519358 0.029292999 0.999528348 -0.009217036 -0.259265482 0.137844011 0.005093467 0.990440845 33.983158112
0.989584506 -0.032516286 -0.140232652 -3.731477022 0.030996747 0.999434829 -0.013007027 -0.262123972 0.140576333 0.008524797 0.990033150 34.778354645
0.989143848 -0.036041584 -0.142462209 -3.845003128 0.034383971 0.999309480 -0.014080957 -0.267392427 0.142871335 0.009029676 0.989700079 35.570816040
0.988665938 -0.039674722 -0.144795090 -3.958298445 0.038089227 0.999180317 -0.013706823 -0.273987383 0.145220220 0.008036336 0.989366710 36.370906830
0.988258958 -0.040635865 -0.147285417 -4.076508522 0.039062276 0.999144733 -0.013561885 -0.284488618 0.147710547 0.007649351 0.989001036 37.161521912
0.987960875 -0.039747529 -0.149510756 -4.198987961 0.038131084 0.999179304 -0.013663822 -0.297899485 0.149931163 0.007798315 0.988665700 37.942806244
0.987730145 -0.039217431 -0.151166171 -4.324100018 0.037453983 0.999193192 -0.014496400 -0.305263877 0.151612729 0.008656756 0.988402069 38.743209839
0.987691343 -0.038065054 -0.151713237 -4.450325489 0.036433525 0.999244630 -0.013520396 -0.312440515 0.152113289 0.007826531 0.988332093 39.521522522
0.987682939 -0.037599262 -0.151883781 -4.571528912 0.036201034 0.999272943 -0.011961670 -0.325639576 0.152223095 0.006315989 0.988325953 40.303127289
0.987693667 -0.038004290 -0.151713341 -4.693774700 0.036731265 0.999262571 -0.011185765 -0.333920538 0.152026579 0.005475488 0.988361239 41.094009399
0.987818062 -0.035540737 -0.151500195 -4.824268341 0.034340080 0.999354661 -0.010534978 -0.336442232 0.151776835 0.005204113 0.988401115 41.871864319
0.987977266 -0.034041278 -0.150804788 -4.943352222 0.033146411 0.999414861 -0.008444394 -0.339068800 0.151004001 0.003344232 0.988527477 42.650115967
0.988080740 -0.034380157 -0.150048316 -5.058584690 0.033928692 0.999408722 -0.005568493 -0.346467406 0.150151044 0.000411178 0.988662958 43.421836853
0.988147736 -0.035463374 -0.149353370 -5.174006462 0.035176307 0.999370694 -0.004564139 -0.353375018 0.149421245 -0.000743656 0.988773346 44.187461853
0.988261938 -0.035248637 -0.148646712 -5.299046993 0.034817670 0.999378562 -0.005501340 -0.352395028 0.148748249 0.000261233 0.988875091 44.983657837
0.988366723 -0.035726983 -0.147833735 -5.414202690 0.034852345 0.999356270 -0.008503408 -0.352892220 0.148042381 0.003252133 0.988975644 45.758586884
0.988360763 -0.037323788 -0.147478521 -5.533611298 0.036354177 0.999296010 -0.009265554 -0.358350039 0.147720516 0.003796251 0.989021838 46.543003082
0.988371789 -0.038376544 -0.147134081 -5.652886868 0.037470199 0.999257863 -0.008927752 -0.361729831 0.147367507 0.003310795 0.989076257 47.328979492
0.988338411 -0.038950391 -0.147207528 -5.776004791 0.038069222 0.999236345 -0.008799632 -0.363894284 0.147437871 0.003092939 0.989066482 48.122287750
0.988253534 -0.040575899 -0.147338152 -5.892318726 0.039442617 0.999165535 -0.010606443 -0.365186393 0.147645578 0.004670452 0.989029288 48.905475616
0.988172710 -0.041751679 -0.147551745 -6.009382725 0.040246330 0.999102950 -0.013174373 -0.375672549 0.147969440 0.007080139 0.988966584 49.689998627
0.987995684 -0.044307481 -0.147991195 -6.128945351 0.042713910 0.998990238 -0.013930436 -0.378686994 0.148458987 0.007441929 0.988890588 50.475570679
0.987833977 -0.044927664 -0.148881018 -6.245988846 0.043291431 0.998961389 -0.014214409 -0.388215184 0.149365008 0.007596205 0.988752961 51.264347076
0.987830877 -0.044023197 -0.149171621 -6.371449471 0.042497937 0.999006689 -0.013398631 -0.400140792 0.149613291 0.006896096 0.988720536 52.045661926
0.987786889 -0.043885726 -0.149502799 -6.501905441 0.042223208 0.999006152 -0.014277873 -0.404484153 0.149980813 0.007791008 0.988658190 52.850070953
0.987752795 -0.041684274 -0.150355816 -6.623639107 0.039786108 0.999086261 -0.015611942 -0.412959814 0.150869206 0.009438667 0.988508701 53.633682251
0.987881899 -0.035850596 -0.151010364 -6.761548042 0.033959467 0.999309361 -0.015084341 -0.423645079 0.151446849 0.009773317 0.988417089 54.437824249
0.987897515 -0.032421160 -0.151681900 -6.891192913 0.030560587 0.999426544 -0.014582104 -0.433311313 0.152067691 0.009770136 0.988321781 55.231555939
0.987909496 -0.029492065 -0.152200505 -7.017680645 0.027720410 0.999521136 -0.013749539 -0.443723202 0.152533114 0.009364241 0.988254011 56.011165619
0.987988353 -0.025769683 -0.152364448 -7.156978607 0.023842957 0.999611139 -0.014459405 -0.456298828 0.152677819 0.010652904 0.988218606 56.807872772
0.987972081 -0.021933900 -0.153069019 -7.289847851 0.019812400 0.999685526 -0.015371541 -0.461438626 0.153358042 0.012153989 0.988095939 57.592426300
0.987804174 -0.023743784 -0.153880313 -7.418804646 0.021648480 0.999648929 -0.015278044 -0.472874224 0.154189050 0.011760442 0.987971365 58.387290955
0.987626374 -0.026019596 -0.154651776 -7.543031216 0.024822710 0.999645114 -0.009665590 -0.481311411 0.154848382 0.005707115 0.987921774 59.188823700
0.987586141 -0.026478345 -0.154830605 -7.668256283 0.026812397 0.999640465 0.000069285 -0.479207098 0.154773101 -0.004219803 0.987941027 59.990592957
0.987545133 -0.025388887 -0.155274123 -7.795849800 0.027550301 0.999550939 0.011783543 -0.484772265 0.154905230 -0.015914628 0.987801135 60.798110962
0.987574875 -0.026046429 -0.154975504 -7.930208683 0.029587107 0.999350250 0.020583764 -0.468618929 0.154338673 -0.024913285 0.987703860 61.620059967
0.987607360 -0.027615968 -0.154496014 -8.054771423 0.031701639 0.999208152 0.024043806 -0.450182378 0.153709680 -0.028643617 0.987700820 62.420848846
0.987784386 -0.029192772 -0.153067946 -8.180490494 0.033204909 0.999167025 0.023720417 -0.429429710 0.152247980 -0.028513264 0.987930954 63.217773438
0.988014996 -0.029172692 -0.151576146 -8.302171707 0.032565195 0.999270558 0.019947000 -0.414453149 0.150883675 -0.024644041 0.988244295 64.010452271
0.988218427 -0.027833544 -0.150497869 -8.426130295 0.030537630 0.999410510 0.015686015 -0.400024533 0.149972558 -0.020097058 0.988485873 64.805023193
0.988379419 -0.026727255 -0.149638847 -8.545457840 0.029022167 0.999491990 0.013173279 -0.382878482 0.149210736 -0.017363042 0.988652945 65.603591919
0.988598704 -0.027302647 -0.148078427 -8.673224449 0.029960632 0.999427021 0.015748674 -0.361672938 0.147563592 -0.020005642 0.988850236 66.403900146
0.988768280 -0.026731327 -0.147046641 -8.794458389 0.029729990 0.999391675 0.018232344 -0.346609205 0.146469817 -0.022399260 0.988961518 67.211044312
0.988886535 -0.026404377 -0.146308482 -8.911798477 0.029325319 0.999410629 0.017843105 -0.338711679 0.145751119 -0.021935351 0.989078104 68.008651733
0.989054561 -0.024643097 -0.145477682 -9.034687996 0.026476894 0.999592364 0.010682331 -0.327147424 0.145155132 -0.014417206 0.989303887 68.797042847
0.989153743 -0.023149027 -0.145048454 -9.152433395 0.023948850 0.999706089 0.003770270 -0.314438373 0.144918546 -0.007203120 0.989417374 69.588569641
0.989257991 -0.023518898 -0.144275710 -9.275924683 0.024008326 0.999710381 0.001651986 -0.302084625 0.144195065 -0.005098058 0.989536166 70.398612976
0.989425063 -0.021321597 -0.143469244 -9.406480789 0.022374488 0.999733269 0.005729256 -0.302407920 0.143308818 -0.008878721 0.989638209 71.206809998
0.989486814 -0.020669403 -0.143138409 -9.522170067 0.022538828 0.999680400 0.011450996 -0.294843674 0.142855987 -0.014556781 0.989636421 72.017318726
0.989632666 -0.018010663 -0.142487988 -9.644770622 0.020410921 0.999673069 0.015401576 -0.287416577 0.142164022 -0.018150212 0.989676714 72.814544678
0.989771187 -0.018978063 -0.141395956 -9.770217896 0.021351213 0.999655187 0.015285417 -0.280588597 0.141057119 -0.018148040 0.989835083 73.604202271
0.989676237 -0.021488756 -0.141701177 -9.878152847 0.023623267 0.999631166 0.013398305 -0.271711498 0.141360998 -0.016607428 0.989818811 74.389839172
0.989625633 -0.025750441 -0.141343698 -9.985136032 0.027706020 0.999545455 0.011884857 -0.258052111 0.140973404 -0.015677629 0.989889264 75.177459717
0.989645541 -0.024126831 -0.141490698 -10.092752457 0.026228648 0.999571323 0.013008462 -0.243916750 0.141116187 -0.016584877 0.989854097 75.963165283
0.989748299 -0.021603309 -0.141179189 -10.208122253 0.024167899 0.999572158 0.016476030 -0.233051091 0.140762851 -0.019719128 0.989846945 76.752670288
0.989756882 -0.019617260 -0.141408712 -10.323884964 0.022253636 0.999606311 0.017086314 -0.226538792 0.141017854 -0.020058155 0.989803851 77.521286011
0.989867508 -0.020190069 -0.140551284 -10.440089226 0.022350205 0.999654830 0.013807364 -0.216754928 0.140223995 -0.016808812 0.989977121 78.312065125
0.990004361 -0.017260930 -0.139976442 -10.556838989 0.018418139 0.999806046 0.006975861 -0.208776057 0.139828891 -0.009484238 0.990130246 79.072067261
0.990130842 -0.017581597 -0.139038891 -10.674075127 0.017899485 0.999839246 0.001036125 -0.206590727 0.138998330 -0.003514623 0.990286410 79.828201294
0.990080118 -0.016834145 -0.139492035 -10.777716637 0.017016251 0.999855220 0.000112850 -0.202421725 0.139469936 -0.002485361 0.990223169 80.569595337
0.990023375 -0.014155026 -0.140190348 -10.879364014 0.014424903 0.999895513 0.000909079 -0.197231606 0.140162840 -0.002922242 0.990124166 81.303695679
0.990100265 -0.010827729 -0.139943659 -10.993879318 0.011612906 0.999921083 0.004795268 -0.203475490 0.139880687 -0.006372949 0.990147829 82.027145386
0.990084887 -0.011999782 -0.139956892 -11.095894814 0.013145753 0.999887168 0.007266405 -0.196764588 0.139853910 -0.009034197 0.990130961 82.747497559
0.989984930 -0.012272093 -0.140638620 -11.189835548 0.013677317 0.999865711 0.009029470 -0.188951090 0.140508920 -0.010862599 0.990019798 83.440063477
0.990069926 -0.012696655 -0.140001252 -11.293210983 0.014572189 0.999817193 0.012379547 -0.184501141 0.139818475 -0.014296741 0.990073919 84.116104126
0.990075886 -0.008401752 -0.140282527 -11.399253845 0.010688649 0.999821842 0.015556604 -0.177012205 0.140126839 -0.016901648 0.989989281 84.806312561
0.989966750 -0.007635996 -0.141094178 -11.492209435 0.010040887 0.999816060 0.016340524 -0.173134208 0.140943453 -0.017593285 0.989861310 85.460968018
0.989864826 -0.009605206 -0.141687691 -11.584591866 0.011938812 0.999806583 0.015629178 -0.164279044 0.141510159 -0.017162357 0.989787996 86.115592957
0.989647269 -0.013571006 -0.142877936 -11.678915977 0.015831031 0.999766707 0.014692934 -0.153434128 0.142645210 -0.016802726 0.989631236 86.770904541
0.989441931 -0.015369159 -0.144112661 -11.771311760 0.017478753 0.999757648 0.013383808 -0.144801557 0.143872038 -0.015761411 0.989470780 87.414863586
0.989390790 -0.013711500 -0.144630268 -11.869677544 0.015691319 0.999798059 0.012556951 -0.141698837 0.144428879 -0.014693170 0.989406109 88.056091309
0.989205122 -0.012468953 -0.146005839 -11.970522881 0.013984523 0.999858439 0.009358361 -0.130427763 0.145868480 -0.011299161 0.989239454 88.702293396
0.988897562 -0.010174698 -0.148249909 -12.064038277 0.011102743 0.999923587 0.005433761 -0.126193359 0.148183301 -0.007019413 0.988934994 89.338386536
0.988906324 -0.012049793 -0.148051068 -12.166850090 0.012300323 0.999924064 0.000776681 -0.121714965 0.148030460 -0.002589140 0.988979399 89.975746155
0.988907993 -0.011603294 -0.148075476 -12.269343376 0.011930297 0.999927938 0.001320333 -0.124279872 0.148049489 -0.003072273 0.988975167 90.608970642
0.989013255 -0.009642054 -0.147512034 -12.373609543 0.010272952 0.999941051 0.003515644 -0.109186754 0.147469431 -0.004992402 0.989054024 91.245437622
0.989289522 -0.001809550 -0.145955414 -12.483073235 0.002841695 0.999972403 0.006863462 -0.106789961 0.145938963 -0.007204711 0.989267349 91.883865356
0.989557207 0.001120973 -0.144136131 -12.584084511 0.000177945 0.999959469 0.008998542 -0.110570870 0.144140378 -0.008930220 0.989516973 92.514175415
0.989593744 -0.000575075 -0.143888593 -12.664450645 0.001662675 0.999970973 0.007438499 -0.106055267 0.143880129 -0.007600331 0.989565969 93.137573242
0.989931822 -0.003590970 -0.141499355 -12.759968758 0.004096750 0.999986231 0.003283284 -0.108173549 0.141485617 -0.003829915 0.989932895 93.754875183
0.990208805 -0.000236513 -0.139594138 -12.851937294 0.000324939 0.999999762 0.000610662 -0.096624136 0.139593959 -0.000650042 0.990208626 94.367347717
0.990335345 0.003631135 -0.138645947 -12.945234299 -0.003374060 0.999992132 0.002089171 -0.092876062 0.138652444 -0.001601180 0.990339816 94.986587524
0.990468144 0.003913200 -0.137686476 -13.034842491 -0.003373284 0.999985695 0.004154469 -0.094863057 0.137700766 -0.003650414 0.990467131 95.591079712
0.990596235 0.002405844 -0.136796772 -13.113216400 -0.001831862 0.999988973 0.004321610 -0.092655323 0.136805668 -0.004030378 0.990589678 96.183990479
0.990809083 0.001651660 -0.135257706 -13.204530716 -0.001280169 0.999995172 0.002833474 -0.096340321 0.135261729 -0.002634279 0.990806401 96.771041870
0.990981281 0.002757893 -0.133972079 -13.286319733 -0.002693479 0.999996126 0.000662038 -0.097209446 0.133973390 -0.000295216 0.990984857 97.326484680
0.990946174 0.002035812 -0.134244114 -13.349321365 -0.002116893 0.999997675 -0.000461250 -0.096538812 0.134242862 0.000741255 0.990948200 97.876663208
0.990882218 0.001588963 -0.134721458 -13.423947334 -0.001603776 0.999998689 -0.000001428 -0.092608497 0.134721279 0.000217478 0.990883529 98.430961609
0.990919232 0.001165870 -0.134453431 -13.507044792 -0.001045849 0.999998987 0.000963287 -0.091596738 0.134454414 -0.000813922 0.990919471 98.963531494
0.990811288 -0.000320463 -0.135251030 -13.580471039 0.000713873 0.999995649 0.002860249 -0.095280983 0.135249525 -0.002930519 0.990807235 99.481651306
0.990587234 -0.000686473 -0.136881128 -13.646858215 0.001152972 0.999993801 0.003328802 -0.098642588 0.136877984 -0.003455289 0.990581870 99.981063843
0.990440488 0.000901495 -0.137937859 -13.718237877 -0.000618047 0.999997616 0.002097712 -0.101980723 0.137939423 -0.001992407 0.990438640 100.464477539
0.990400374 0.000812060 -0.138225928 -13.787878036 -0.001097891 0.999997437 -0.001991617 -0.106006943 0.138223946 0.002124255 0.990398705 100.931274414
0.990236998 0.000452749 -0.139393136 -13.856710434 -0.001363198 0.999978364 -0.006436115 -0.104953580 0.139387205 0.006563299 0.990216196 101.387954712
0.990156651 -0.003777505 -0.139912546 -13.919396400 0.002435172 0.999949336 -0.009764043 -0.113059022 0.139942348 0.009327221 0.990115702 101.833923340
0.989944100 -0.007491082 -0.141260415 -13.971261024 0.005819604 0.999908149 -0.012242012 -0.108758785 0.141339153 0.011296828 0.989896774 102.268470764
0.989962995 -0.009214656 -0.141026199 -14.033946037 0.007678558 0.999905169 -0.011432595 -0.107432537 0.141118169 0.010234968 0.989939868 102.715682983
0.990071654 -0.007160332 -0.140381083 -14.098668098 0.006087188 0.999948919 -0.008072411 -0.110969275 0.140431702 0.007137740 0.990064621 103.166290283
0.990327656 -0.005351881 -0.138645008 -14.163452148 0.004910608 0.999981761 -0.003524627 -0.115071937 0.138661340 0.002809704 0.990335882 103.606575012
0.990747094 -0.004646965 -0.135641351 -14.227211952 0.004875413 0.999987185 0.001352068 -0.117715567 0.135633335 -0.002000865 0.990757108 104.047309875
0.991117597 -0.008046043 -0.132744700 -14.282254219 0.008664137 0.999954164 0.004079289 -0.117953576 0.132705793 -0.005193173 0.991141856 104.476699829
0.991466463 -0.013403951 -0.129671246 -14.329136848 0.014161547 0.999887586 0.004922095 -0.120988987 0.129590690 -0.006716437 0.991544843 104.904876709
0.991892755 -0.017536499 -0.125861898 -14.380164146 0.018277764 0.999821723 0.004737019 -0.119662657 0.125756398 -0.006999088 0.992036462 105.327857971
0.992345333 -0.016078414 -0.122442812 -14.431111336 0.016733335 0.999850631 0.004322309 -0.116811588 0.122355029 -0.006338099 0.992466152 105.750274658
0.992782474 -0.013649704 -0.119149633 -14.487343788 0.014270596 0.999888659 0.004359339 -0.120345034 0.119076863 -0.006028212 0.992866755 106.164657593
0.993191063 -0.012843573 -0.115786441 -14.538183212 0.013382921 0.999902904 0.003881907 -0.117828265 0.115725346 -0.005405036 0.993266523 106.574722290
0.993488193 -0.015846124 -0.112827905 -14.575402260 0.016263243 0.999863863 0.002777445 -0.111484818 0.112768531 -0.004594306 0.993610680 106.996780396
0.993714809 -0.020855663 -0.109981455 -14.609134674 0.021437023 0.999761760 0.004106086 -0.108488098 0.109869622 -0.006437954 0.993925154 107.417152405
0.993936479 -0.024666427 -0.107153393 -14.649932861 0.025564320 0.999648571 0.007013800 -0.109949008 0.106942736 -0.009710575 0.994217753 107.822341919
0.994251430 -0.024771016 -0.104165934 -14.696675301 0.025787774 0.999631941 0.008425329 -0.109401636 0.103918895 -0.011063103 0.994524240 108.214622498
0.994464934 -0.024320258 -0.102215745 -14.734023094 0.025295336 0.999645948 0.008253871 -0.108267650 0.101978816 -0.010793767 0.994728029 108.619422913
0.994717777 -0.024231881 -0.099746548 -14.777995110 0.025048429 0.999662161 0.006941847 -0.111115597 0.099544629 -0.009403673 0.994988680 109.008613586
0.994827449 -0.025588242 -0.098303691 -14.810544014 0.026140643 0.999648869 0.004335261 -0.111764878 0.098158240 -0.006882558 0.995146990 109.399429321
0.994848132 -0.027947014 -0.097448155 -14.847355843 0.028256645 0.999599099 0.001798506 -0.109297164 0.097358823 -0.004542799 0.995238960 109.794303894
0.994787753 -0.030891718 -0.097175248 -14.886331558 0.030828146 0.999522388 -0.002155919 -0.104064345 0.097195439 -0.000851052 0.995264947 110.199562073
0.994616807 -0.033175759 -0.098166816 -14.920573235 0.032749414 0.999445856 -0.005951657 -0.101607092 0.098309875 0.002704713 0.995152175 110.583549500
0.994363427 -0.034581665 -0.100227021 -14.949109077 0.033868320 0.999387443 -0.008810642 -0.096747167 0.100470319 0.005366460 0.994925559 110.981971741
0.994079947 -0.035619404 -0.102646329 -14.991663933 0.034897167 0.999351978 -0.008823969 -0.099434145 0.102894112 0.005189665 0.994678795 111.350914001
0.993701816 -0.036150854 -0.106065422 -15.037533760 0.035559867 0.999339700 -0.007458418 -0.103330642 0.106265016 0.003639771 0.994331181 111.721511841
0.993197739 -0.037310019 -0.110300399 -15.093633652 0.036953859 0.999303043 -0.005272191 -0.108751804 0.110420235 0.001160303 0.993884325 112.130737305
0.992549062 -0.038129460 -0.115726076 -15.142127037 0.037855886 0.999272823 -0.004561727 -0.108587369 0.115815856 0.000146825 0.993270695 112.504936218
0.991813660 -0.037995532 -0.121909991 -15.189132690 0.037779603 0.999277771 -0.004083057 -0.108239397 0.121977083 -0.000556079 0.992532790 112.883857727
0.991229057 -0.035567600 -0.127278671 -15.245981216 0.035458833 0.999366283 -0.003120980 -0.113945201 0.127309009 -0.001419547 0.991862059 113.251815796
0.990570605 -0.033923954 -0.132736534 -15.300781250 0.033835143 0.999423146 -0.002925241 -0.118782669 0.132759199 -0.001593502 0.991147041 113.607528687
0.989832103 -0.033917308 -0.138137519 -15.366417885 0.033762563 0.999423862 -0.003463912 -0.118631199 0.138175413 -0.001235185 0.990406990 113.971717834
0.989068210 -0.034577560 -0.143347234 -15.422112465 0.034262404 0.999401987 -0.004667165 -0.119013041 0.143422887 -0.000295276 0.989661455 114.323829651
0.988300502 -0.035549145 -0.148318544 -15.474632263 0.034985799 0.999367297 -0.006406287 -0.121685013 0.148452446 0.001142294 0.988918900 114.677490234
0.987622440 -0.035280291 -0.152830854 -15.531301498 0.034499560 0.999374628 -0.007758165 -0.120416835 0.153008983 0.002389542 0.988221884 115.021362305
0.987150788 -0.032294013 -0.156494185 -15.595937729 0.031329222 0.999471903 -0.008628386 -0.120809734 0.156690180 0.003614677 0.987641215 115.369712830
0.986788988 -0.029331638 -0.159333363 -15.660263062 0.028249884 0.999559939 -0.009050550 -0.122802064 0.159528717 0.004429834 0.987183332 115.714477539
0.986386180 -0.027715877 -0.162093014 -15.716753006 0.026615543 0.999605596 -0.008956233 -0.126918271 0.162277326 0.004520110 0.986734867 116.058166504
0.986111343 -0.028782168 -0.163572744 -15.780392647 0.027958410 0.999582171 -0.007336409 -0.128695399 0.163715556 0.002661283 0.986504018 116.401596069
0.985893428 -0.030363651 -0.164597005 -15.841471672 0.029923828 0.999538898 -0.005151633 -0.130063310 0.164677531 0.000153588 0.986347437 116.742721558
0.985627651 -0.031974014 -0.165878907 -15.888508797 0.031813845 0.999487221 -0.003623227 -0.128304914 0.165909708 -0.001706093 0.986139476 117.080886841
0.985550642 -0.030795334 -0.166558057 -15.948318481 0.030763203 0.999522865 -0.002773478 -0.127854347 0.166563988 -0.002390457 0.986027777 117.418334961
0.985566914 -0.028198026 -0.166921183 -16.014366150 0.028213026 0.999599338 -0.002281928 -0.129280582 0.166918650 -0.002460359 0.985967577 117.753273010
0.985612273 -0.026589355 -0.166917667 -16.073951721 0.026613627 0.999643624 -0.002091820 -0.129723608 0.166913792 -0.002380561 0.985968590 118.096328735
0.985764265 -0.026698984 -0.165999949 -16.134687424 0.026911948 0.999637365 -0.000966659 -0.129934818 0.165965557 -0.003514483 0.986125290 118.431594849
0.985720336 -0.027355190 -0.166154027 -16.189346313 0.027877331 0.999611020 0.000810703 -0.132317096 0.166067228 -0.005431057 0.986099482 118.771354675
0.985714853 -0.028786154 -0.165944412 -16.254322052 0.029407777 0.999566674 0.001289602 -0.135009170 0.165835381 -0.006151236 0.986134291 119.127799988
0.985563695 -0.030137463 -0.166601166 -16.303213120 0.030591328 0.999531984 0.000158121 -0.131411761 0.166518420 -0.005252388 0.986024380 119.473968506
0.985613644 -0.030440636 -0.166250110 -16.364450455 0.030722437 0.999527574 -0.000877003 -0.127941728 0.166198269 -0.004243222 0.986083210 119.828895569
0.985711992 -0.029304942 -0.165870890 -16.429052353 0.029586909 0.999561906 -0.000771282 -0.126972541 0.165820822 -0.004147344 0.986147165 120.180732727
0.985650659 -0.028456021 -0.166382015 -16.487274170 0.028841835 0.999583960 -0.000097423 -0.125132754 0.166315570 -0.004702738 0.986061335 120.544143677
0.985770881 -0.028347647 -0.165686905 -16.555721283 0.028978987 0.999579072 0.001393769 -0.129014850 0.165577650 -0.006175376 0.986177444 120.909912109
0.985736668 -0.027854180 -0.165974155 -16.620578766 0.028554203 0.999590576 0.001832508 -0.125014052 0.165855154 -0.006545629 0.986128390 121.306495667
0.985862672 -0.026973907 -0.165369928 -16.689268112 0.027760800 0.999611616 0.002448489 -0.120412007 0.165239647 -0.007004675 0.986228585 121.692924500
0.986012518 -0.025690386 -0.164679408 -16.755804062 0.026572293 0.999641895 0.003154175 -0.119861603 0.164539412 -0.007485965 0.986342132 122.097732544
0.986298323 -0.024390757 -0.163158655 -16.825345993 0.025119320 0.999681592 0.002403500 -0.117514133 0.163048074 -0.006469002 0.986596942 122.505462646
0.986647010 -0.024471220 -0.161024302 -16.892366409 0.025037430 0.999685407 0.001487878 -0.115065739 0.160937235 -0.005499646 0.986949325 122.916839600
0.986967325 -0.024360424 -0.159066170 -16.966539383 0.024639146 0.999696374 -0.000220002 -0.117399514 0.159023240 -0.003702120 0.987267911 123.350624084
0.987264276 -0.024289344 -0.157223687 -17.035169601 0.024276011 0.999703288 -0.002005413 -0.114723533 0.157225743 -0.001836891 0.987560987 123.786003113
0.987653792 -0.024384918 -0.154742748 -17.105808258 0.023929646 0.999702096 -0.004804400 -0.114899330 0.154813796 0.001042145 0.987943113 124.235595703
0.987986684 -0.024798069 -0.152536258 -17.173608780 0.023911852 0.999684870 -0.007641859 -0.107652500 0.152677685 0.003902631 0.988268316 124.695632935
0.988335669 -0.024923190 -0.150237978 -17.254209518 0.023959495 0.999679148 -0.008221433 -0.101363957 0.150394678 0.004525909 0.988615692 125.169876099
0.988628983 -0.026429132 -0.148034707 -17.327447891 0.025752138 0.999647319 -0.006488346 -0.106045455 0.148153991 0.002602356 0.988960862 125.651458740
0.988833249 -0.027970696 -0.146377847 -17.390390396 0.027700424 0.999608696 -0.003884822 -0.105996877 0.146429241 -0.000213287 0.989221096 126.129798889
0.989111722 -0.028128272 -0.144453570 -17.461462021 0.028238555 0.999600410 -0.001287225 -0.111915290 0.144432053 -0.002805951 0.989510715 126.602302551
0.989426970 -0.027044987 -0.142488003 -17.525489807 0.027428828 0.999623477 0.000730012 -0.109640986 0.142414600 -0.004630572 0.989796281 127.078414917
0.989755988 -0.025408696 -0.140489936 -17.601243973 0.025877424 0.999664009 0.001510265 -0.111286990 0.140404359 -0.005130311 0.990080953 127.562118530
0.989931405 -0.026969895 -0.138954625 -17.657262802 0.027413737 0.999623358 0.001280873 -0.106623575 0.138867736 -0.005077241 0.990297914 128.037200928
0.990344882 -0.028100435 -0.135747313 -17.726501465 0.028571416 0.999590576 0.001522123 -0.108477220 0.135648966 -0.005385919 0.990742326 128.499938965
0.990836859 -0.029517794 -0.131799176 -17.780229568 0.029865554 0.999553680 0.000662149 -0.108260229 0.131720811 -0.004592337 0.991276205 128.971435547
0.991479993 -0.029149707 -0.126955509 -17.833396912 0.029328940 0.999569714 -0.000457686 -0.109995499 0.126914218 -0.003269684 0.991908312 129.442535400
0.992305100 -0.027383750 -0.120750509 -17.896812439 0.027281057 0.999624670 -0.002503830 -0.107323587 0.120773755 -0.000809639 0.992679715 129.897384644
0.993041873 -0.026597086 -0.114719078 -17.939172745 0.026428249 0.999646246 -0.002992701 -0.103479862 0.114758097 -0.000059946 0.993393481 130.354949951
0.993845165 -0.027269278 -0.107369535 -17.975322723 0.027188070 0.999627888 -0.002220367 -0.104807086 0.107390128 -0.000712469 0.994216681 130.802963257
0.994645596 -0.027354976 -0.099658661 -18.003278732 0.027399201 0.999624133 -0.000925155 -0.108515106 0.099646509 -0.001810365 0.995021284 131.252655029
0.995474279 -0.027616452 -0.090930432 -18.050315857 0.027671840 0.999616861 -0.000651782 -0.107028067 0.090913594 -0.001867380 0.995857060 131.684509277
0.996166945 -0.027571192 -0.083013900 -18.088914871 0.027666721 0.999617219 0.000000417 -0.104166180 0.082982108 -0.002297137 0.996548414 132.089675903
0.996711195 -0.028325502 -0.075923942 -18.108188629 0.028496109 0.999593198 0.001164479 -0.114572771 0.075860068 -0.003324185 0.997112930 132.471954346
0.997168541 -0.028359853 -0.069646060 -18.127584457 0.028583944 0.999588907 0.002222899 -0.114919163 0.069554389 -0.004207364 0.997569263 132.847015381
0.997526646 -0.028399289 -0.064296998 -18.145782471 0.028688876 0.999581933 0.003584957 -0.117642187 0.064168312 -0.005420698 0.997924387 133.209213257
0.997792959 -0.028815776 -0.059823696 -18.164239883 0.029114850 0.999567509 0.004133427 -0.116276801 0.059678718 -0.005866062 0.998200417 133.549362183
0.997969985 -0.029721541 -0.056325655 -18.181959152 0.030032387 0.999537945 0.004680144 -0.114797793 0.056160528 -0.006362237 0.998401463 133.866653442
0.998050570 -0.030595947 -0.054395989 -18.185716629 0.030912403 0.999509692 0.004985603 -0.104019269 0.054216780 -0.006657394 0.998507023 134.182678223
0.998112261 -0.030858032 -0.053100612 -18.199634552 0.031221963 0.999494255 0.006037553 -0.110586911 0.052887451 -0.007684061 0.998570919 134.445983887
0.998135924 -0.030765014 -0.052708123 -18.220474243 0.031076524 0.999503970 0.005100593 -0.105082870 0.052525058 -0.006729071 0.998596907 134.731994629
0.997987926 -0.031203484 -0.055195034 -18.228197098 0.031476486 0.999496162 0.004083513 -0.111994818 0.055039804 -0.005812643 0.998467267 134.996063232
0.997755587 -0.031163611 -0.059267253 -18.244638443 0.031417068 0.999500751 0.003349281 -0.110234484 0.059133288 -0.005203767 0.998236537 135.262619019
0.997384667 -0.031190280 -0.065199561 -18.254289627 0.031496637 0.999497116 0.003675916 -0.110284232 0.065052122 -0.005719869 0.997865498 135.529357910
0.996995211 -0.031280026 -0.070866659 -18.286521912 0.031625222 0.999492764 0.003754069 -0.105575740 0.070713289 -0.005983963 0.997478724 135.793167114
0.996569157 -0.030896477 -0.076781191 -18.326383591 0.031232346 0.999507129 0.003177121 -0.103683263 0.076645188 -0.005564278 0.997042894 136.054351807
0.995936692 -0.031884313 -0.084223039 -18.346017838 0.032274153 0.999473691 0.003270832 -0.106607400 0.084074423 -0.005975769 0.996441543 136.306152344
0.995359242 -0.031479869 -0.090933859 -18.385713577 0.031907737 0.999485493 0.003254980 -0.109006502 0.090784609 -0.006141367 0.995851636 136.563400269
0.994561613 -0.031582899 -0.099245586 -18.412567139 0.031946689 0.999487400 0.002078081 -0.104427435 0.099129081 -0.005237347 0.995060802 136.818847656
0.993780673 -0.031466555 -0.106816746 -18.445632935 0.031828403 0.999491930 0.001684073 -0.104364693 0.106709480 -0.005073405 0.994277298 137.067810059
0.992886662 -0.031394329 -0.114849925 -18.474580765 0.031778112 0.999493778 0.001511750 -0.102301300 0.114744328 -0.005150710 0.993381679 137.323989868
0.992129624 -0.031121589 -0.121285707 -18.520523071 0.031521104 0.999502122 0.001376310 -0.105352908 0.121182486 -0.005188536 0.992616713 137.571304321
0.991203547 -0.031944636 -0.128433079 -18.554824829 0.032364778 0.999475420 0.001185088 -0.107012302 0.128327847 -0.005331371 0.991717458 137.822067261
0.990307450 -0.031600203 -0.135250151 -18.598348618 0.032110389 0.999483049 0.001591807 -0.106851906 0.135129929 -0.005919314 0.990810215 138.072387695
0.989386857 -0.031304948 -0.141892955 -18.637084961 0.031860225 0.999490976 0.001642631 -0.104805797 0.141769305 -0.006145939 0.989880621 138.318893433
0.988604784 -0.030610476 -0.147389278 -18.687971115 0.031133084 0.999514461 0.001239587 -0.101851806 0.147279769 -0.005814145 0.989077806 138.569183350
0.987750649 -0.031007908 -0.152928770 -18.731605530 0.031649344 0.999497473 0.001761176 -0.106556937 0.152797312 -0.006579698 0.988235652 138.813537598
0.986880004 -0.030920690 -0.158466935 -18.771968842 0.031509969 0.999502718 0.001206855 -0.101136506 0.158350810 -0.006184310 0.987363577 139.060653687
0.986158609 -0.030923158 -0.162895381 -18.822349548 0.031557977 0.999501050 0.001310308 -0.104850233 0.162773594 -0.006432820 0.986642480 139.300689697
0.985265195 -0.030995186 -0.168201491 -18.860429764 0.031592447 0.999500453 0.000875356 -0.100329787 0.168090329 -0.006176354 0.985752225 139.554885864
0.984438360 -0.031366222 -0.172908232 -18.907714844 0.031989649 0.999487877 0.000819400 -0.098245591 0.172793984 -0.006337923 0.984937608 139.795227051
0.983574569 -0.031878404 -0.177664936 -18.955812454 0.032556877 0.999469459 0.000904069 -0.101659179 0.177541867 -0.006673434 0.984090626 140.036560059
0.982734084 -0.031634036 -0.182299361 -19.006534576 0.032279793 0.999478698 0.000575443 -0.100149155 0.182186127 -0.006450092 0.983242929 140.277465820
0.981860220 -0.031365834 -0.186993733 -19.058130264 0.032018073 0.999487162 0.000468070 -0.100889802 0.186883152 -0.006446758 0.982361019 140.515014648
0.980994105 -0.030716417 -0.191590756 -19.111690521 0.031302888 0.999509931 0.000034374 -0.094063967 0.191495806 -0.006031064 0.981474876 140.761825562
0.980245769 -0.030509179 -0.195415989 -19.159120560 0.030987795 0.999519587 -0.000608271 -0.094182134 0.195340663 -0.005459254 0.980720282 140.995681763
0.979672730 -0.030227479 -0.198311880 -19.205287933 0.030559871 0.999531984 -0.001384983 -0.091461837 0.198260933 -0.004703555 0.980138004 141.235275269
0.979543090 -0.029587569 -0.199047610 -19.264213562 0.029914428 0.999551535 -0.001365653 -0.101946115 0.198998749 -0.004616679 0.979988873 141.473373413
0.979608893 -0.030363528 -0.198606476 -19.325197220 0.030649725 0.999528825 -0.001633781 -0.101015329 0.198562503 -0.004486767 0.980077982 141.726638794
0.979698002 -0.031562932 -0.197978750 -19.367992401 0.031813309 0.999491990 -0.001916684 -0.091870725 0.197938666 -0.004420586 0.980204463 141.963714600
0.979988396 -0.030981652 -0.196628690 -19.414115906 0.031384271 0.999506831 -0.001068770 -0.098557472 0.196564823 -0.005123666 0.980477452 142.185104370
0.980130076 -0.031168751 -0.195891678 -19.456478119 0.031625345 0.999499500 -0.000797376 -0.094967872 0.195818469 -0.005413609 0.980625212 142.398971558
0.980376005 -0.031087454 -0.194670245 -19.500963211 0.031746846 0.999495924 0.000267437 -0.103738844 0.194563806 -0.006442355 0.980868697 142.604415894
0.980488181 -0.031780239 -0.193992272 -19.536045074 0.032430343 0.999473989 0.000175503 -0.103463173 0.193884656 -0.006463315 0.981003046 142.780532837
0.980657279 -0.030944875 -0.193271026 -19.567840576 0.031478357 0.999504387 -0.000310744 -0.101152092 0.193184853 -0.005779121 0.981145382 142.952575684
0.980696261 -0.031303659 -0.193015382 -19.593570709 0.031719286 0.999496400 -0.000937271 -0.097224087 0.192947507 -0.005203132 0.981195271 143.105560303
0.980830014 -0.032179035 -0.192190066 -19.625911713 0.032644540 0.999466777 -0.000744739 -0.104254663 0.192111552 -0.005543494 0.981357455 143.238891602
0.980967641 -0.032206953 -0.191481635 -19.651582718 0.032256622 0.999475539 -0.002858547 -0.094182700 0.191473275 -0.003372409 0.981492043 143.362655640
0.981046259 -0.031836450 -0.191140503 -19.677234650 0.031663135 0.999490738 -0.003961665 -0.093706667 0.191169277 -0.002165532 0.981554687 143.477035522
0.980986595 -0.032201145 -0.191385418 -19.691116333 0.032005381 0.999479234 -0.004114870 -0.104969978 0.191418245 -0.002088731 0.981506348 143.584838867
0.981212080 -0.031874623 -0.190280959 -19.726327896 0.031524908 0.999491096 -0.004865340 -0.104373515 0.190339208 -0.001224659 0.981717646 143.699523926
0.981049299 -0.031518891 -0.191177621 -19.731109619 0.031122681 0.999502659 -0.005075558 -0.106893092 0.191242516 -0.000970587 0.981542349 143.819259644
0.981160820 -0.031807434 -0.190556288 -19.757129669 0.031280439 0.999493957 -0.005773603 -0.102060646 0.190643504 -0.000295851 0.981659293 143.926437378
0.981190920 -0.031787932 -0.190404668 -19.777233124 0.031120252 0.999494553 -0.006496464 -0.096654028 0.190514937 0.000448830 0.981684208 144.042221069
0.981265724 -0.031598706 -0.190050259 -19.802404404 0.030774904 0.999499798 -0.007285127 -0.091294259 0.190185383 0.001299868 0.981747329 144.156417847
0.981276810 -0.031064780 -0.190080926 -19.825643539 0.030314742 0.999516904 -0.006852975 -0.101043820 0.190201983 0.000962412 0.981744528 144.267456055
0.981188297 -0.031485137 -0.190468401 -19.841745377 0.030548694 0.999502420 -0.007851426 -0.092613310 0.190620840 0.001885166 0.981661916 144.376281738
0.981262147 -0.031286597 -0.190120339 -19.869916916 0.030270658 0.999507725 -0.008246067 -0.092062086 0.190284744 0.002336486 0.981726170 144.493347168
0.981327772 -0.030200342 -0.189957112 -19.895217896 0.029255046 0.999541700 -0.007779188 -0.099403709 0.190104991 0.002076731 0.981761575 144.608108521
0.981455386 -0.028885335 -0.189501852 -19.915468216 0.027834838 0.999578893 -0.008203179 -0.098580748 0.189658999 0.002776301 0.981846094 144.718032837
0.982024431 -0.027743978 -0.186703682 -19.940172195 0.026722688 0.999611020 -0.007985125 -0.101261616 0.186852589 0.002852364 0.982383847 144.831481934
0.982714832 -0.027530491 -0.183067396 -19.953754425 0.026368262 0.999613762 -0.008780234 -0.095346421 0.183238402 0.003801298 0.983061135 144.934020996
0.983638346 -0.027804725 -0.177995786 -19.969329834 0.026692195 0.999606311 -0.008642406 -0.104103744 0.178166017 0.003749904 0.983993292 145.038177490
0.984834731 -0.027618250 -0.171282738 -19.985366821 0.026442101 0.999608517 -0.009144752 -0.105168656 0.171468243 0.004476995 0.985179484 145.145156860
0.986270726 -0.026724534 -0.162959784 -20.001850128 0.025558079 0.999630511 -0.009250605 -0.104760200 0.163146794 0.004958663 0.986589372 145.255157471
0.987810552 -0.026232956 -0.153434411 -20.018808365 0.025152791 0.999643326 -0.008977165 -0.109301656 0.153615177 0.005008436 0.988118052 145.362777710
0.989296198 -0.025820838 -0.143618524 -20.025949478 0.024766956 0.999651611 -0.009121308 -0.109293848 0.143804014 0.005466683 0.989591062 145.476608276
0.990688622 -0.025788072 -0.133682743 -20.024208069 0.024815278 0.999652088 -0.008938236 -0.111384958 0.133866727 0.005537635 0.990983844 145.580047607
0.992103577 -0.025843067 -0.122729912 -20.021558762 0.024881283 0.999646544 -0.009363024 -0.105911694 0.122928500 0.006235411 0.992395937 145.695205688
0.993600547 -0.025809877 -0.109962910 -20.031934738 0.025015444 0.999650061 -0.008598235 -0.117831722 0.110146351 0.005792439 0.993898511 145.813171387
0.995041072 -0.025166677 -0.096228287 -20.035642624 0.024307372 0.999653578 -0.010091898 -0.105816491 0.096448928 0.007702796 0.995308101 145.935012817
0.996373892 -0.025568832 -0.081150159 -20.035377502 0.024721364 0.999629021 -0.011430978 -0.099377394 0.081412330 0.009383386 0.996636331 146.060455322
0.997536063 -0.026275609 -0.065048970 -20.033056259 0.025597272 0.999609172 -0.011239779 -0.103684068 0.065318875 0.009547009 0.997818768 146.195617676
0.998482466 -0.025664194 -0.048724789 -20.022691727 0.025170805 0.999625742 -0.010712859 -0.104959704 0.048981488 0.009470160 0.998754799 146.334716797
0.999185383 -0.025073227 -0.031620506 -20.004905701 0.024768123 0.999643147 -0.010004072 -0.103615940 0.031860057 0.009212742 0.999449909 146.478286743
0.999580264 -0.025146149 -0.014386336 -19.984504700 0.025024574 0.999650121 -0.008569179 -0.108216867 0.014596784 0.008205570 0.999859810 146.616912842
0.999722242 -0.022879107 0.005656729 -19.981464386 0.022920616 0.999710023 -0.007385388 -0.118010752 -0.005486117 0.007512993 0.999956727 146.771743774
0.999467671 -0.021122424 0.024863679 -19.960626602 0.021301812 0.999748766 -0.006972168 -0.121128865 -0.024710163 0.007498098 0.999666512 146.933181763
0.998755097 -0.019863883 0.045756303 -19.943614960 0.020181991 0.999775171 -0.006500712 -0.119751342 -0.045616888 0.007416072 0.998931468 147.103729248
0.997582018 -0.019067945 0.066832192 -19.910703659 0.019487090 0.999794304 -0.005625277 -0.121571720 -0.066711180 0.006914040 0.997748375 147.277832031
0.995935798 -0.016162986 0.088603787 -19.878055573 0.016566347 0.999855459 -0.003818892 -0.121987410 -0.088529259 0.005271212 0.996059656 147.465957642
0.993672967 -0.013118921 0.111543231 -19.843597412 0.013540751 0.999903738 -0.003025029 -0.118430860 -0.111492805 0.004516268 0.993754983 147.663269043
0.990783572 -0.011907383 0.134929985 -19.797458649 0.012430761 0.999918103 -0.003037026 -0.121072203 -0.134882763 0.004686317 0.990850508 147.860992432
0.986938536 -0.012706927 0.160595521 -19.743118286 0.013480588 0.999902189 -0.003728796 -0.125249818 -0.160532430 0.005845014 0.987013280 148.060180664
0.982113421 -0.012974262 0.187842891 -19.679077148 0.013907019 0.999896646 -0.003648516 -0.121843845 -0.187776148 0.006195591 0.982192338 148.263961792
0.976270139 -0.011916056 0.216228247 -19.610105515 0.012722621 0.999916315 -0.002338525 -0.123437226 -0.216182292 0.005034022 0.976340055 148.474121094
0.969141126 -0.008999167 0.246342316 -19.526287079 0.009764617 0.999950528 -0.001885872 -0.118807852 -0.246313155 0.004233114 0.969181061 148.695831299
0.960402489 -0.007364494 0.278518975 -19.444805145 0.008132963 0.999965668 -0.001603756 -0.125055552 -0.278497607 0.003805436 0.960429370 148.896820068
0.950350583 -0.008156988 0.311074287 -19.344694138 0.009114304 0.999957144 -0.001623875 -0.126904637 -0.311047703 0.004378476 0.950384200 149.118148804
0.939033985 -0.009644513 0.343689114 -19.232358932 0.011541598 0.999927342 -0.003474480 -0.123366833 -0.343630612 0.007229376 0.939077079 149.340576172
0.926476777 -0.009167970 0.376240224 -19.107341766 0.012153586 0.999910653 -0.005562577 -0.121014252 -0.376155615 0.009726266 0.926505446 149.557037354
0.912401497 -0.006397939 0.409246445 -18.985828400 0.010030304 0.999927044 -0.006729913 -0.123341121 -0.409173518 0.010245248 0.912399054 149.774002075
0.896922588 -0.001215512 0.442185968 -18.857654572 0.005741362 0.999943912 -0.008896966 -0.117238328 -0.442150354 0.010518639 0.896879256 149.994934082
0.880505323 0.000472440 0.474036008 -18.709894180 0.004268432 0.999951065 -0.008925047 -0.126766995 -0.474017024 0.009881942 0.880460203 150.199142456
0.862291694 0.000310125 0.506411850 -18.554349899 0.005113387 0.999943495 -0.009319172 -0.116507441 -0.506386161 0.010625324 0.862241387 150.414764404
0.842968941 -0.002657175 0.537955642 -18.382701874 0.008250414 0.999934077 -0.007989217 -0.124187186 -0.537898958 0.011173019 0.842935264 150.612365723
0.821472108 -0.003420057 0.570238471 -18.206539154 0.009916134 0.999916494 -0.008287859 -0.128215238 -0.570162535 0.012462806 0.821437418 150.813446045
0.798600733 -0.001626952 0.601859033 -18.022256851 0.009515674 0.999905467 -0.009923297 -0.124686584 -0.601786017 0.013651845 0.798540711 150.989624023
0.773196936 -0.000161109 0.634166002 -17.832090378 0.008349080 0.999915898 -0.009925459 -0.119306192 -0.634111106 0.012969037 0.773133218 151.181198120
0.746264696 -0.000317341 0.665649295 -17.629165649 0.007533951 0.999939859 -0.007969663 -0.121693984 -0.665606737 0.010962447 0.746222198 151.360092163
0.717553973 -0.001059811 0.696502090 -17.414878845 0.006973146 0.999959648 -0.005662353 -0.128668547 -0.696467996 0.008919855 0.717532396 151.539016724
0.688568711 -0.000775397 0.725170732 -17.178730011 0.006582515 0.999964893 -0.005181048 -0.122661866 -0.725141227 0.008340954 0.688549638 151.704101562
0.656661034 -0.001154253 0.754185081 -16.949623108 0.006159927 0.999973655 -0.003832961 -0.124930881 -0.754160762 0.007162680 0.656650901 151.866958618
0.622888029 -0.003241422 0.782304347 -16.716629028 0.007603841 0.999969244 -0.001911047 -0.122496016 -0.782274067 0.007138886 0.622893572 152.018127441
0.588126659 -0.006135053 0.808745623 -16.452808380 0.009499081 0.999954641 0.000677730 -0.125594556 -0.808713078 0.007283749 0.588158250 152.175582886
0.554289043 -0.008283660 0.832283020 -16.186851501 0.012792426 0.999917150 0.001432532 -0.120741770 -0.832225978 0.009852882 0.554349065 152.300781250
0.519088268 -0.010557093 0.854655445 -15.911140442 0.015978066 0.999868870 0.002646308 -0.120367862 -0.854571283 0.012282074 0.519188821 152.432235718
0.484262824 -0.009638272 0.874869525 -15.628746033 0.015489983 0.999877036 0.002441352 -0.114379473 -0.874785483 0.012369458 0.484352529 152.558410645
0.450012922 -0.007356781 0.892991841 -15.337860107 0.012299341 0.999922276 0.002039599 -0.115903251 -0.892937422 0.010065364 0.450068474 152.687515259
0.418815434 -0.004451322 0.908060491 -15.028274536 0.009598233 0.999953806 0.000474889 -0.110463768 -0.908020675 0.008516884 0.418838859 152.796981812
0.387306869 -0.001580041 0.921949625 -14.715194702 0.008139364 0.999965429 -0.001705568 -0.106168404 -0.921914995 0.008164661 0.387306333 152.919692993
0.358047605 -0.000452907 0.933703303 -14.395317078 0.008911168 0.999956012 -0.002932127 -0.114106059 -0.933660865 0.009370228 0.358035922 153.018768311
0.331303298 0.000809459 0.943524063 -14.030364990 0.009055717 0.999950826 -0.004037638 -0.120567858 -0.943480968 0.009881969 0.331279695 153.124588013
0.304656804 0.003049571 0.952457368 -13.671447754 0.008576617 0.999945521 -0.005944969 -0.118514061 -0.952423632 0.009980036 0.304614067 153.223632812
0.279890537 0.005369845 0.960016966 -13.295059204 0.009363980 0.999921501 -0.008323098 -0.112912714 -0.959986329 0.011319135 0.279818296 153.318435669
0.255901635 0.009641631 0.966654837 -12.897888184 0.008216703 0.999892473 -0.012148352 -0.102603197 -0.966668010 0.011051499 0.255794883 153.423095703
0.236204207 0.010725369 0.971644342 -12.493835449 0.008020998 0.999883473 -0.012986969 -0.104469299 -0.971670449 0.010861134 0.236090660 153.494934082
0.217321098 0.010667725 0.976041853 -12.078819275 0.006263367 0.999904454 -0.012323107 -0.105540752 -0.976080060 0.008791381 0.217233539 153.583068848
0.201465249 0.008664453 0.979457319 -11.655342102 0.006326091 0.999928534 -0.010146763 -0.106352568 -0.979475200 0.008240356 0.201396048 153.655364990
0.188096583 0.006277911 0.982130349 -11.205352783 0.004993765 0.999960542 -0.007348283 -0.104652166 -0.982137740 0.006286715 0.188057840 153.734252930
0.177660882 0.003519162 0.984085560 -10.751289368 0.001064515 0.999992311 -0.003768227 -0.108851165 -0.984091282 0.001717040 0.177655756 153.818481445
0.169320762 0.002218248 0.985558569 -10.290969849 -0.001933655 0.999996305 -0.001918538 -0.103561550 -0.985559165 -0.001580882 0.169324458 153.898025513
0.162823677 0.000605896 0.986655056 -9.814651489 -0.002919625 0.999995708 -0.000132274 -0.103629827 -0.986650944 -0.002859125 0.162824750 153.976165771
0.157785535 -0.003556262 0.987467051 -9.320373535 -0.000291469 0.999993324 0.003647947 -0.104149163 -0.987473428 -0.000863409 0.157783449 154.053131104
0.155319452 -0.005451244 0.987849236 -8.835021973 -0.004324180 0.999971449 0.006198028 -0.098643005 -0.987854779 -0.005234312 0.155291438 154.128143311
0.152673423 -0.006213677 0.988257229 -8.324508667 -0.009131724 0.999928653 0.007697801 -0.089707851 -0.988234580 -0.010199742 0.152605772 154.221740723
0.150558531 -0.005609633 0.988585353 -7.815948486 -0.014861790 0.999858081 0.007937008 -0.077242136 -0.988489568 -0.015887130 0.150453806 154.310363770
0.148684621 -0.006790549 0.988861382 -7.276168823 -0.014464458 0.999854505 0.009040907 -0.072300673 -0.988778889 -0.015647588 0.148564756 154.394409180
0.146946967 -0.007284024 0.989117682 -6.732147217 -0.010143350 0.999909222 0.008870431 -0.064908981 -0.989092469 -0.011336450 0.146859765 154.467590332
0.145252883 -0.006985515 0.989370048 -6.182510376 -0.010180105 0.999911606 0.008554524 -0.059649825 -0.989342332 -0.011314460 0.145168900 154.549011230
0.142652035 -0.005321004 0.989758611 -5.620758057 -0.012243741 0.999899566 0.007140189 -0.049648643 -0.989697218 -0.013136911 0.142572582 154.636856079
0.141339064 -0.005669834 0.989945114 -5.058151245 -0.014267098 0.999868095 0.007763650 -0.040074944 -0.989858508 -0.015220951 0.141239524 154.724807739
0.140296161 -0.007302404 0.990082681 -4.487304688 -0.012768476 0.999876320 0.009183950 -0.038697243 -0.990027249 -0.013930320 0.140185595 154.804977417
0.139371872 -0.007628521 0.990210712 -3.915740967 -0.010015683 0.999908328 0.009112936 -0.030851245 -0.990189493 -0.011187725 0.139282703 154.880630493
0.138028860 -0.006852177 0.990404427 -3.345870972 -0.009228465 0.999923766 0.008204172 -0.022901654 -0.990385115 -0.010272326 0.137955129 154.961395264
0.137354255 -0.005749870 0.990505397 -2.772384644 -0.010226052 0.999921620 0.007222589 -0.015206456 -0.990469277 -0.011121013 0.137284696 155.044647217
0.136191607 -0.004943115 0.990670323 -2.201629639 -0.009402950 0.999936044 0.006282012 -0.007101893 -0.990638018 -0.010170780 0.136136413 155.124069214
0.135581315 -0.006185626 0.990746915 -1.624435425 -0.008858897 0.999932945 0.007455296 -0.007722259 -0.990726590 -0.009787723 0.135517418 155.205581665
0.134630501 -0.006538823 0.990874290 -1.051239014 -0.007109210 0.999946117 0.007564619 -0.004121184 -0.990870357 -0.008062762 0.134576738 155.283355713
0.134250462 -0.005940829 0.990929663 -0.474472046 -0.007874585 0.999944031 0.007061717 0.002434611 -0.990916193 -0.008751199 0.134196162 155.359313965
0.133433521 -0.006026242 0.991039515 0.103607178 -0.006878478 0.999951780 0.007006554 0.010405540 -0.991033971 -0.007751752 0.133385658 155.435699463
0.132325411 -0.006338018 0.991186142 0.674209595 -0.006605514 0.999951720 0.007275920 0.012240887 -0.991184413 -0.007510083 0.132277131 155.519332886
0.130710959 -0.006786001 0.991397321 1.252395630 -0.004981446 0.999959469 0.007501388 0.019033432 -0.991408050 -0.005919106 0.130671859 155.605499268
0.131003499 -0.007523194 0.991353452 1.832275391 -0.003703190 0.999960542 0.008077876 0.021095514 -0.991375089 -0.004729401 0.130970478 155.673248291
0.130115151 -0.007308552 0.991471946 2.403747559 -0.004701022 0.999957025 0.007988034 0.027933896 -0.991487741 -0.005700295 0.130075216 155.748977661
0.129382789 -0.005590214 0.991578996 2.965927124 -0.004670689 0.999969602 0.006246957 0.023970008 -0.991583705 -0.005439606 0.129352748 155.824554443
0.128792524 -0.000767305 0.991671383 3.521179199 -0.007315234 0.999971747 0.001723789 0.027728140 -0.991644681 -0.007476319 0.128783226 155.906280518
0.128741801 0.001460756 0.991677105 4.089584351 -0.008419082 0.999964476 -0.000379978 0.028253168 -0.991642416 -0.008300090 0.128749549 155.984588623
0.128472209 0.000735156 0.991712928 4.658309937 -0.009077867 0.999958694 0.000434732 0.036333621 -0.991671681 -0.009058489 0.128473580 156.063995361
0.127908170 -0.001399095 0.991785169 5.208343506 -0.006645331 0.999975324 0.002267682 0.042565405 -0.991763890 -0.006880795 0.127895713 156.141876221
0.128186762 -0.004487467 0.991739869 5.784759521 -0.004452547 0.999977052 0.005100250 0.041641474 -0.991740048 -0.005069553 0.128163815 156.214706421
0.129468441 -0.008095327 0.991550565 6.343170166 -0.005350025 0.999946415 0.008862436 0.038733363 -0.991569161 -0.006452227 0.129418194 156.287673950
0.130556762 -0.008162793 0.991407335 6.895278931 -0.006829045 0.999934971 0.009132314 0.045527458 -0.991417408 -0.007962652 0.130492568 156.370315552
0.132302463 -0.007761228 0.991179109 7.438858032 -0.007831329 0.999929965 0.008875077 0.048169374 -0.991178572 -0.008936445 0.132232428 156.449584961
0.134783089 -0.008084100 0.990842164 7.990432739 -0.005227665 0.999947011 0.008869498 0.057304502 -0.990861356 -0.006375250 0.134733677 156.522033691
0.137439609 -0.009852157 0.990461171 8.543647766 -0.002948000 0.999942005 0.010355538 0.064035296 -0.990505755 -0.004343141 0.137402594 156.593536377
0.139056385 -0.011670395 0.990215838 9.089584351 -0.000892498 0.999928653 0.011910204 0.075656652 -0.990284204 -0.002539957 0.139036059 156.671493530
0.141160429 -0.012687024 0.989905477 9.641220093 0.000648698 0.999918878 0.012722855 0.083901286 -0.989986598 -0.001153814 0.141157210 156.754791260
0.143638134 -0.013373641 0.989539862 10.195312500 0.000759391 0.999909878 0.013403561 0.090384960 -0.989629924 -0.001173815 0.143635392 156.835296631
0.144979179 -0.013921124 0.989336908 10.755294800 0.001569933 0.999903023 0.013839743 0.100502968 -0.989433587 -0.000453284 0.144986987 156.924423218
0.146628022 -0.013034970 0.989105940 11.318283081 0.001957694 0.999915063 0.012887206 0.111591935 -0.989189863 0.000046739 0.146641076 157.011886597
0.148152888 -0.012561165 0.988884687 11.881324768 0.002798436 0.999920666 0.012282090 0.119381011 -0.988960505 0.000947703 0.148176312 157.098312378
0.148734570 -0.012115641 0.988802969 12.447563171 0.005109454 0.999921024 0.011483310 0.130467296 -0.988863945 0.003344277 0.148784697 157.187759399
0.148770988 -0.011235779 0.988807917 13.019599915 0.004714746 0.999932170 0.010652827 0.139893830 -0.988860488 0.003077145 0.148813844 157.281692505
0.150205493 -0.009801644 0.988606215 13.588653564 0.004005586 0.999948680 0.009305505 0.137890875 -0.988646686 0.002562209 0.150237024 157.358428955
0.150524259 -0.008073783 0.988573492 14.155357361 0.004559333 0.999961674 0.007472568 0.142446548 -0.988595903 0.003382431 0.150555313 157.445556641
0.149752617 -0.006150791 0.988704324 14.733581543 0.005782420 0.999969006 0.005345043 0.149778277 -0.988706589 0.004916670 0.149783492 157.550125122
0.150719881 -0.006589686 0.988554537 15.319335938 0.002834464 0.999976575 0.006233668 0.152699381 -0.988572419 0.001862485 0.150735021 157.636322021
0.151166439 -0.005950313 0.988490582 15.899063110 0.000739649 0.999982297 0.005906377 0.165007770 -0.988508224 -0.000161711 0.151168168 157.726760864
0.151040316 -0.008963131 0.988487005 16.480041504 -0.001461560 0.999955773 0.009290450 0.171357393 -0.988526523 -0.002847966 0.151020527 157.826675415
0.151120484 -0.013822036 0.988418698 17.079246521 -0.000816800 0.999900162 0.014107473 0.176660776 -0.988515019 -0.002939268 0.151094079 157.914337158
0.151366353 -0.016925739 0.988332808 17.669311523 -0.001049166 0.999850094 0.017283663 0.185400009 -0.988477170 -0.003653090 0.151325881 158.010726929
0.151689410 -0.014626473 0.988319993 18.258323669 -0.004071368 0.999872804 0.015422329 0.194584250 -0.988419831 -0.006363220 0.151610553 158.108367920
0.152054489 -0.011134831 0.988309324 18.845840454 -0.007218733 0.999897361 0.012376012 0.201185822 -0.988345683 -0.009016169 0.151958525 158.210876465
0.153175235 -0.006540212 0.988177478 19.448768616 -0.009878760 0.999917984 0.008149204 0.206112266 -0.988149762 -0.011010225 0.153098106 158.312225342
0.153946638 -0.002184448 0.988076746 20.041061401 -0.009996105 0.999942958 0.003768119 0.219896317 -0.988028586 -0.010457008 0.153916001 158.410293579
0.154342711 0.000028030 0.988017440 20.638412476 -0.010395110 0.999944687 0.001595501 0.226757437 -0.987962782 -0.010516803 0.154334486 158.508773804
0.155607641 -0.000138033 0.987819076 21.246604919 -0.011098680 0.999936640 0.001888064 0.235637993 -0.987756729 -0.011257283 0.155596256 158.605636597
0.156278312 -0.002988279 0.987708509 21.840766907 -0.012402126 0.999910653 0.004987499 0.233329058 -0.987635136 -0.013029123 0.156227231 158.703048706
0.157403350 -0.004660967 0.987523437 22.465225220 -0.012500190 0.999899328 0.006711811 0.238447785 -0.987455308 -0.013400692 0.157329261 158.813705444
0.158866048 -0.004725562 0.987288892 23.076362610 -0.012935452 0.999892771 0.006867352 0.245365739 -0.987215459 -0.013862017 0.158787906 158.908706665
0.159391761 -0.002832134 0.987211406 23.674140930 -0.015231146 0.999869823 0.005327618 0.246770084 -0.987097979 -0.015885537 0.159327865 159.019515991
0.160617471 -0.001842957 0.987015069 24.285789490 -0.013598696 0.999899209 0.004079938 0.248062015 -0.986923099 -0.014077427 0.160576165 159.116241455
0.162091017 -0.002123237 0.986773610 24.891670227 -0.009659996 0.999946356 0.003738368 0.256189138 -0.986728609 -0.010138184 0.162061810 159.211486816
0.162635446 -0.002681481 0.986682653 25.495300293 -0.004092120 0.999985874 0.003392142 0.264280975 -0.986677825 -0.004589306 0.162622154 159.306777954
0.162150085 -0.004208869 0.986757159 26.126205444 -0.002225816 0.999986827 0.004631058 0.264244556 -0.986763597 -0.002947266 0.162138581 159.418426514
0.162137270 -0.004828118 0.986756563 26.739692688 -0.002219752 0.999983728 0.005257573 0.270371914 -0.986765862 -0.003042804 0.162123919 159.522064209
0.161942720 -0.003332027 0.986794591 27.356987000 -0.003042019 0.999987841 0.003875801 0.273887932 -0.986795545 -0.003629506 0.161930621 159.634292603
0.161768198 -0.002760688 0.986824870 27.980316162 -0.002593631 0.999991417 0.003222690 0.280609667 -0.986825347 -0.003080789 0.161759675 159.730590820
0.160745561 -0.001409496 0.986994863 28.601539612 -0.002024351 0.999996424 0.001757756 0.287869334 -0.986993790 -0.002280576 0.160742104 159.838653564
0.160045505 0.002069922 0.987107456 29.219528198 0.000807279 0.999997199 -0.002227840 0.286619991 -0.987109303 0.001153427 0.160043418 159.934387207
0.159796178 0.002578385 0.987146676 29.859382629 -0.000421246 0.999996662 -0.002543759 0.283531874 -0.987149954 -0.000009349 0.159796774 160.029541016
0.158929646 0.004190963 0.987281144 30.489479065 -0.000376025 0.999991179 -0.004184386 0.290094405 -0.987289965 0.000293781 0.158929765 160.134353638
0.157817423 0.003334766 0.987462759 31.128273010 -0.002066426 0.999993205 -0.003046824 0.297256112 -0.987466216 -0.001559676 0.157823265 160.244567871
0.157825768 0.000093700 0.987466991 31.786666870 -0.000820265 0.999999642 0.000036213 0.296890110 -0.987466633 -0.000815700 0.157825768 160.348266602
0.157429755 -0.001222746 0.987529516 32.444541931 -0.000626834 0.999998927 0.001338114 0.297451884 -0.987530053 -0.000829676 0.157428801 160.451080322
0.157010257 -0.000068518 0.987596989 33.086105347 0.000161200 1.000000000 0.000043750 0.297961235 -0.987596989 0.000152331 0.157010257 160.559661865
0.157135963 -0.000863724 0.987576723 33.754119873 0.003913896 0.999992311 0.000251832 0.303008556 -0.987569332 0.003825700 0.157138169 160.663726807
0.156866372 -0.002757573 0.987616003 34.417121887 0.008986209 0.999958694 0.001364726 0.310326874 -0.987578988 0.008660844 0.156884670 160.759185791
0.156727374 -0.003458827 0.987635970 35.080741882 0.011356198 0.999934077 0.001699787 0.313542962 -0.987576723 0.010949385 0.156756341 160.859573364
0.156346440 -0.001446458 0.987701237 35.756004333 0.009760907 0.999952376 -0.000080688 0.305393994 -0.987654030 0.009653475 0.156353116 160.977386475
0.156359196 0.001978338 0.987698436 36.418830872 0.011063424 0.999931753 -0.003754257 0.310606897 -0.987638474 0.011514338 0.156326592 161.081756592
0.156882405 0.003837302 0.987609863 37.094039917 0.013995344 0.999883413 -0.006108159 0.313747764 -0.987518191 0.014780203 0.156810403 161.185501099
0.157008767 0.001043697 0.987596750 37.777572632 0.017442372 0.999840558 -0.003829638 0.318020344 -0.987443268 0.017827315 0.156965554 161.282409668
0.155941248 -0.004835943 0.987754524 38.454078674 0.016707143 0.999857903 0.002257569 0.315466344 -0.987625062 0.016150508 0.155999899 161.403305054
0.155889869 -0.011638679 0.987705886 39.131027222 0.018161085 0.999795318 0.008914769 0.310793817 -0.987607479 0.016548088 0.156069338 161.509246826
0.155807853 -0.015080759 0.987672269 39.805541992 0.018314544 0.999755681 0.012376094 0.321859956 -0.987617552 0.016160475 0.156045973 161.622680664
0.156054199 -0.017069584 0.987601042 40.484786987 0.018762125 0.999721527 0.014314406 0.322603524 -0.987570286 0.016295670 0.156331003 161.728469849
0.155908227 -0.017238654 0.987621129 41.162490845 0.017796740 0.999734402 0.014640653 0.338275850 -0.987611234 0.015293838 0.156173587 161.844360352
0.156807125 -0.017277742 0.987478077 41.840789795 0.019254126 0.999710441 0.014434299 0.349179149 -0.987441540 0.016749626 0.157094419 161.948822021
0.157706678 -0.017640810 0.987328410 42.511749268 0.019981608 0.999692738 0.014670050 0.360910594 -0.987283826 0.017414844 0.158010721 162.054748535
0.158046246 -0.016764196 0.987289429 43.192390442 0.018299120 0.999733865 0.014046162 0.375438035 -0.987262189 0.015846582 0.158310950 162.175216675
0.158992290 -0.015685722 0.987155259 43.866798401 0.016477600 0.999776661 0.013232374 0.374745429 -0.987142384 0.014162102 0.159215271 162.291671753
0.160983145 -0.013802240 0.986860633 44.538528442 0.014255008 0.999830425 0.011658265 0.390049994 -0.986854196 0.012190922 0.161152601 162.400192261
0.162438750 -0.013486932 0.986626506 45.217330933 0.011987558 0.999859750 0.011694190 0.399100333 -0.986645818 0.009927652 0.162577689 162.518890381
0.164090395 -0.015524768 0.986323178 45.882690430 0.011014250 0.999842644 0.013905172 0.415446758 -0.986383855 0.008581904 0.164235592 162.630432129
0.164174974 -0.017646568 0.986273408 46.567481995 0.008490892 0.999828219 0.016475700 0.424650192 -0.986394703 0.005669443 0.164296567 162.766082764
0.166154802 -0.020873971 0.985878825 47.247001648 0.008010708 0.999771535 0.019818040 0.435671568 -0.986067295 0.004604722 0.166284084 162.879470825
0.167203724 -0.021282477 0.985692680 47.925872803 0.004409909 0.999773145 0.020838439 0.453163266 -0.985912561 0.000862549 0.167259634 163.023773193
0.169818342 -0.020487921 0.985262573 48.601608276 0.003938024 0.999790013 0.020111263 0.467048883 -0.985467672 0.000464723 0.169863343 163.141510010
0.172881842 -0.019007366 0.984759152 49.272872925 0.004413448 0.999818683 0.018523224 0.481146336 -0.984932661 0.001143853 0.172934413 163.253692627
0.175170302 -0.019042252 0.984354019 49.936744690 0.005568041 0.999816120 0.018350506 0.501702547 -0.984522462 0.002266457 0.175244153 163.378051758
0.178232551 -0.019139504 0.983802259 50.591346741 0.005354029 0.999814868 0.018481050 0.514048576 -0.983973861 0.001973380 0.178302050 163.496429443
0.180582643 -0.020441821 0.983347416 51.250823975 0.006029251 0.999788225 0.019676378 0.521104932 -0.983541369 0.002375634 0.180667698 163.621429443
0.182949364 -0.020145316 0.982915938 51.893150330 0.007406725 0.999789894 0.019112548 0.535792351 -0.983094513 0.003783558 0.183060169 163.748565674
0.185636282 -0.020811548 0.982398152 52.516899109 0.010375737 0.999761462 0.019218756 0.540110111 -0.982563794 0.006625405 0.185807943 163.866409302
0.187995911 -0.019699257 0.981972337 53.142921448 0.011251834 0.999776423 0.017902290 0.556155682 -0.982105434 0.007683429 0.188175499 163.990447998
0.190347314 -0.017776821 0.981555939 53.752487183 0.010091622 0.999818623 0.016150566 0.560913086 -0.981665075 0.006831272 0.190492213 164.114562988
0.193288624 -0.013871877 0.981043935 54.348205566 0.005628225 0.999899268 0.013029599 0.572602808 -0.981125891 0.003003060 0.193347275 164.243179321
0.196217597 -0.010583671 0.980503380 54.935714722 0.002694088 0.999943793 0.010254376 0.572363019 -0.980556846 0.000629471 0.196235061 164.368591309
0.198341608 -0.008298485 0.980097830 55.505233765 0.000801414 0.999965191 0.008304520 0.583528399 -0.980132639 -0.000861668 0.198341370 164.494293213
0.200725496 -0.009003428 0.979606271 56.061389923 0.000983855 0.999959111 0.008988893 0.589801788 -0.979647160 -0.000840511 0.200726092 164.611206055
0.203175843 -0.011800036 0.979071259 56.605606079 0.003004414 0.999930203 0.011427961 0.593505085 -0.979137778 0.000619648 0.203197122 164.724731445
0.204586148 -0.014487168 0.978741467 57.144729614 0.005812475 0.999890804 0.013585238 0.602547944 -0.978831410 0.002909556 0.204648018 164.842346191
0.206595063 -0.017504761 0.978269935 57.649223328 0.003182898 0.999846697 0.017218670 0.603192925 -0.978421390 -0.000443559 0.206619143 164.955047607
0.208517909 -0.020672297 0.977800131 58.140373230 0.000491242 0.999778688 0.021032205 0.607579589 -0.978018522 -0.003905257 0.208481908 165.072113037
0.210558653 -0.022748655 0.977316558 58.619827271 -0.002002209 0.999717057 0.023701433 0.619615316 -0.977579236 -0.006947337 0.210453570 165.187164307
0.212138414 -0.022827750 0.976973057 59.089344025 -0.003538927 0.999702632 0.024127286 0.628224611 -0.977233291 -0.008575762 0.211994588 165.297088623
0.213558614 -0.023630058 0.976644516 59.546165466 -0.001028259 0.999701440 0.024412774 0.632981539 -0.976929784 -0.006217804 0.213470578 165.392547607
0.214829147 -0.024177423 0.976352394 60.019351959 0.001598625 0.999700904 0.024403855 0.646081448 -0.976650357 -0.003681838 0.214803517 165.494842529
0.214685619 -0.025468212 0.976351142 60.477600098 0.005000821 0.999675512 0.024977023 0.654988766 -0.976670504 -0.000479653 0.214743316 165.593032837
0.214340329 -0.023682678 0.976471961 60.931472778 0.005510165 0.999719441 0.023037000 0.664566875 -0.976743519 0.000442763 0.214410722 165.695404053
0.213437915 -0.019310022 0.976765811 61.386466980 0.005147261 0.999813020 0.018640896 0.672744513 -0.976943076 0.001048993 0.213497400 165.798706055
0.212187409 -0.015005015 0.977113903 61.840534210 0.005644844 0.999884248 0.014128869 0.676454663 -0.977212787 0.002517685 0.212247491 165.900650024
0.210458159 -0.011955197 0.977529883 62.289440155 0.007555618 0.999915242 0.010602277 0.683491707 -0.977573752 0.005154505 0.210530639 165.995834351
0.209023714 -0.010397360 0.977855265 62.736019135 0.009541557 0.999917567 0.008592367 0.691522777 -0.977863967 0.007534255 0.209105670 166.090682983
0.208006442 -0.009419945 0.978082180 63.187736511 0.011170288 0.999911308 0.007254623 0.698109686 -0.978063762 0.009416449 0.208093226 166.182037354
0.207407653 -0.010713841 0.978195906 63.643596649 0.012651374 0.999885798 0.008268923 0.703609526 -0.978172779 0.010660484 0.207519472 166.271255493
0.205973625 -0.013871378 0.978459239 64.095733643 0.012597784 0.999854267 0.011522754 0.712588191 -0.978476465 0.009953034 0.206118345 166.365081787
0.203685105 -0.019011620 0.978851974 64.543014526 0.014946741 0.999755323 0.016307410 0.718787551 -0.978922486 0.011309067 0.203919411 166.453674316
0.200710535 -0.030726356 0.979168653 64.999954224 0.023701651 0.999367714 0.026501827 0.729029298 -0.979363859 0.017888717 0.201311886 166.533355713
0.197676599 -0.043306652 0.979310274 65.454162598 0.026937600 0.998886347 0.038734909 0.746624947 -0.979897141 0.018723283 0.198623002 166.617263794
0.192726791 -0.052561056 0.979843736 65.905464172 0.024888437 0.998504937 0.048666745 0.762421608 -0.980936825 0.015007393 0.193746805 166.709350586
0.188793480 -0.050710268 0.980706692 66.347595215 0.020380935 0.998653054 0.047714755 0.770016670 -0.981805384 0.010979476 0.189572752 166.804306030
0.186126351 -0.042107847 0.981623173 66.792129517 0.016884707 0.999070764 0.039654762 0.770352125 -0.982380748 0.009193620 0.186664343 166.896667480
0.183079243 -0.035644867 0.982451797 67.215301514 0.016512606 0.999312997 0.033179507 0.771443605 -0.982959569 0.010148359 0.183542013 166.974411011
0.179626703 -0.028819095 0.983312666 67.645767212 0.018162560 0.999497592 0.025975600 0.792131066 -0.983567238 0.013193564 0.180059850 167.048400879
0.175514460 -0.019584483 0.984282076 68.070617676 0.019530524 0.999674618 0.016408123 0.825230479 -0.984283149 0.016343679 0.175839841 167.122222900
0.172590256 -0.014762929 0.984883070 68.502471924 0.020749521 0.999720275 0.011349199 0.852168202 -0.984775126 0.018477090 0.172848284 167.194427490
0.170240521 -0.017814450 0.985241592 68.942909241 0.021669826 0.999662459 0.014330854 0.861937046 -0.985164344 0.018910317 0.170569122 167.265182495
0.168116987 -0.027032981 0.985396385 69.380187988 0.023451917 0.999450684 0.023417441 0.863950253 -0.985488117 0.019172559 0.168658614 167.338684082
0.165716887 -0.031410437 0.985673070 69.811737061 0.025149504 0.999302149 0.027616480 0.864119291 -0.985852659 0.020212671 0.166391194 167.411651611
0.164416134 -0.027896620 0.985996485 70.230316162 0.018687360 0.999508679 0.025162779 0.871598244 -0.986214042 0.014288505 0.164856672 167.491027832
0.162194312 -0.021517070 0.986524343 70.677978516 0.014081448 0.999710917 0.019489555 0.878749251 -0.986658454 0.010730593 0.162450433 167.579681396
0.161401868 -0.017337292 0.986736536 71.099082947 0.012278620 0.999803543 0.015558454 0.885710537 -0.986812413 0.009604598 0.161583066 167.652038574
0.160190344 -0.015337468 0.986967087 71.535224915 0.018412583 0.999751747 0.012547675 0.896874070 -0.986914515 0.016162593 0.160432994 167.707519531
0.158721089 -0.012220260 0.987247884 71.976219177 0.025030481 0.999651790 0.008349613 0.909601986 -0.987006187 0.023386026 0.158971727 167.770843506
0.157308161 -0.007477799 0.987521291 72.415542603 0.031223154 0.999509096 0.002594850 0.921112537 -0.987055898 0.030425336 0.157464445 167.830764771
0.155713856 -0.005094864 0.987789154 72.855316162 0.029191060 0.999573708 0.000554001 0.924912274 -0.987370849 0.028748345 0.155796230 167.899520874
0.153914452 -0.004669524 0.988073289 73.306289673 0.025155798 0.999683201 0.000805813 0.926141977 -0.987764001 0.024731740 0.153983176 167.982437134
0.153016269 -0.004959329 0.988211334 73.762847900 0.022322172 0.999749601 0.001560829 0.926002085 -0.987971663 0.021820189 0.153088689 168.065765381
0.152237535 -0.004725856 0.988332629 74.225585938 0.026435129 0.999650300 0.000708046 0.922872245 -0.987990320 0.026018908 0.152309239 168.128021240
0.151049674 -0.005450294 0.988511264 74.688003540 0.031224171 0.999512136 0.000739729 0.932142138 -0.988032997 0.030753704 0.151146173 168.194702148
0.149838984 -0.007424482 0.988682568 75.149627686 0.033919301 0.999421775 0.002364515 0.934587419 -0.988128424 0.033181123 0.150004148 168.263519287
0.149113357 -0.008634225 0.988782406 75.628082275 0.029889865 0.999544263 0.004220658 0.934522748 -0.988368273 0.028925218 0.149303496 168.342224121
0.147862971 -0.011418663 0.988942087 76.093765259 0.029705564 0.999533474 0.007099486 0.938864052 -0.988561749 0.028327323 0.148133159 168.419326782
0.148266554 -0.013566982 0.988854408 76.567687988 0.027813215 0.999567568 0.009543716 0.941401362 -0.988556325 0.026088206 0.148579776 168.489852905
0.148344338 -0.014468869 0.988829970 77.033020020 0.025838809 0.999608338 0.010750242 0.941793442 -0.988598228 0.023955449 0.148660064 168.565689087
0.148773909 -0.012202282 0.988795936 77.499977112 0.023012625 0.999695778 0.008874321 0.950823665 -0.988603413 0.021434523 0.149009466 168.648071289
0.149355292 -0.010562669 0.988727152 77.953865051 0.022730561 0.999715388 0.007246420 0.952554941 -0.988522232 0.021392033 0.149552882 168.719024658
0.149875522 -0.008526990 0.988668144 78.409286499 0.024083003 0.999697626 0.004971293 0.959041238 -0.988411546 0.023065021 0.150035560 168.785430908
0.150465667 -0.007143230 0.988589406 78.858688354 0.027770748 0.999609828 0.002996083 0.958561838 -0.988225102 0.027003061 0.150605381 168.852722168
0.150865734 -0.005893306 0.988536775 79.299346924 0.028626122 0.999588907 0.001590414 0.965332508 -0.988139808 0.028058032 0.150972426 168.924865723
0.151505232 -0.004913413 0.988444328 79.739257812 0.023453455 0.999723971 0.001374619 0.966984570 -0.988178253 0.022974171 0.151578605 169.004653931
0.152106762 -0.005010612 0.988351405 80.169845581 0.020261651 0.999792814 0.001950359 0.974233985 -0.988156378 0.019728968 0.152176738 169.092529297
0.153837383 -0.005883933 0.988078654 80.589324951 0.021136498 0.999773026 0.002662759 0.971197128 -0.987870097 0.020474890 0.153926849 169.148101807
0.154789627 -0.005972968 0.987929404 80.996444702 0.025097255 0.999682784 0.002111769 0.972441375 -0.987628639 0.024467437 0.154890478 169.208709717
0.156272650 -0.005042731 0.987701178 81.391906738 0.024074413 0.999709308 0.001295017 0.968957961 -0.987420619 0.023575947 0.156348646 169.274475098
0.157068491 -0.002714629 0.987583995 81.775199890 0.023200300 0.999730408 -0.000941834 0.967720091 -0.987315178 0.023060177 0.157089114 169.346221924
0.157718718 0.001372881 0.987483144 82.149620056 0.020618865 0.999776423 -0.004683175 0.966614783 -0.987268865 0.021099405 0.157655120 169.403305054
0.158264875 0.004848994 0.987384796 82.519004822 0.017032219 0.999825776 -0.007640134 0.967330575 -0.987249792 0.018026520 0.158154726 169.472732544
0.159091115 0.009206052 0.987221062 82.874984741 0.016654208 0.999789238 -0.012007087 0.963646770 -0.987123489 0.018351605 0.158904254 169.535186768
0.158449352 0.012838187 0.987283766 83.223770142 0.017190589 0.999728024 -0.015758933 0.965760231 -0.987217605 0.019468982 0.158185601 169.599075317
0.158316553 0.014130961 0.987287343 83.556251526 0.018078696 0.999688506 -0.017207470 0.959998846 -0.987222910 0.020573093 0.158011734 169.649490356
0.158521771 0.016297556 0.987220943 83.889495850 0.014501147 0.999717474 -0.018832359 0.954468966 -0.987248957 0.017301176 0.158240676 169.702438354
0.156474352 0.017603949 0.987525165 84.205490112 0.013088610 0.999716401 -0.019895179 0.953010321 -0.987595379 0.016038418 0.156199574 169.763793945
0.156069934 0.016204711 0.987613142 84.510345459 0.013225720 0.999741495 -0.018493742 0.948923111 -0.987657487 0.015948212 0.155815244 169.814392090
0.154903889 0.013432732 0.987838268 84.803207397 0.017351851 0.999716341 -0.016315214 0.949005127 -0.987777174 0.019668112 0.154626846 169.850875854
0.152412593 0.012190901 0.988241911 85.085067749 0.017025584 0.999743164 -0.014958572 0.943915367 -0.988170445 0.019105269 0.152165890 169.893707275
0.150074303 0.010555250 0.988618493 85.349670410 0.015006357 0.999803483 -0.012952668 0.942298174 -0.988560915 0.016779423 0.149886429 169.941223145
0.148999691 0.008398219 0.988801658 85.606887817 0.012323097 0.999870539 -0.010349166 0.934457183 -0.988760531 0.013727122 0.148876905 169.987854004
0.147426009 0.006495853 0.989051878 85.850685120 0.012564217 0.999885440 -0.008439804 0.926515102 -0.988993406 0.013670908 0.147327542 170.021621704
0.145551980 0.001756539 0.989349127 86.087867737 0.013365926 0.999903679 -0.003741661 0.926696122 -0.989260375 0.013768172 0.145514488 170.053009033
0.144300342 -0.004293923 0.989524662 86.329681396 0.015059460 0.999884307 0.002142787 0.929188311 -0.989419401 0.014592500 0.144348323 170.076934814
0.142759621 -0.010285372 0.989704072 86.557067871 0.015345418 0.999848843 0.008177303 0.931089878 -0.989638507 0.014020031 0.142895877 170.109527588
0.141708672 -0.015559241 0.989786267 86.783737183 0.017711023 0.999756277 0.013180264 0.930493355 -0.989750087 0.015662365 0.141949654 170.139373779
0.140813351 -0.019254191 0.989849031 87.006057739 0.020877246 0.999646306 0.016474823 0.930919886 -0.989816129 0.018345444 0.141165495 170.164474487
0.139224887 -0.022310831 0.990009487 87.227294922 0.023788001 0.999532998 0.019180149 0.934610724 -0.989975095 0.020879991 0.139690578 170.191406250
0.138492644 -0.024806404 0.990052819 87.447090149 0.023437092 0.999488354 0.021764344 0.935461044 -0.990086138 0.020189757 0.139003158 170.222152710
0.137573957 -0.026691850 0.990131795 87.666503906 0.022417618 0.999464691 0.023828626 0.934769034 -0.990237772 0.018918198 0.138098657 170.259185791
0.136517942 -0.028404798 0.990230322 87.879577637 0.022362258 0.999422491 0.025585508 0.936351776 -0.990385234 0.018650902 0.137074351 170.291687012
0.135167003 -0.030563980 0.990351498 88.101341248 0.023594314 0.999339998 0.027621139 0.941435099 -0.990542054 0.019633189 0.135798931 170.325103760
0.134592354 -0.033890907 0.990321398 88.315101624 0.024318567 0.999226868 0.030890591 0.943673372 -0.990602672 0.019925553 0.135312498 170.347198486
0.133511901 -0.037717488 0.990329325 88.533203125 0.023895705 0.999107540 0.034830298 0.944346905 -0.990759194 0.019014351 0.134294033 170.383544922
0.133340240 -0.037289664 0.990368605 88.750442505 0.024470186 0.999111116 0.034324251 0.952895641 -0.990768194 0.019657698 0.134134233 170.402709961
0.132404745 -0.036963020 0.990506291 88.974128723 0.026768044 0.999073327 0.033704530 0.971107006 -0.990834236 0.022051277 0.133271456 170.427032471
0.133498907 -0.034435619 0.990450561 89.196464539 0.024679016 0.999201775 0.031413492 0.978389740 -0.990741670 0.020249676 0.134242177 170.456726074
0.134221256 -0.029332142 0.990517199 89.410064697 0.022383582 0.999396563 0.026561972 0.981083155 -0.990698576 0.018606141 0.134796798 170.491287231
0.136842668 -0.023824353 0.990306437 89.625808716 0.013265958 0.999665141 0.022216383 0.982661247 -0.990504086 0.010097208 0.137112916 170.539154053
0.141418874 -0.018886695 0.989769638 89.842330933 0.010585116 0.999789655 0.017565487 0.987273693 -0.989893258 0.007992735 0.141589046 170.583312988
0.146543264 -0.010898012 0.989144325 90.064460754 0.008829123 0.999913871 0.009708618 0.987908006 -0.989164948 0.007310542 0.146626890 170.626220703
0.153511107 -0.003875760 0.988139391 90.290969849 0.013140436 0.999911904 0.001880519 0.987522423 -0.988059640 0.012695901 0.153548539 170.664459229
0.163189709 0.001265455 0.986594021 90.532066345 0.016780326 0.999850988 -0.004058048 0.986225426 -0.986452103 0.017217599 0.163144171 170.706588745
0.172115505 0.004048163 0.985068560 90.780975342 0.020579893 0.999758542 -0.007704344 0.986673474 -0.984861851 0.021598641 0.171990633 170.755523682
0.180982292 0.005928083 0.983468533 91.040252686 0.022266267 0.999700844 -0.010123468 0.991371155 -0.983234346 0.023730341 0.180796146 170.804199219
0.190081954 0.008778233 0.981728971 91.307411194 0.020384921 0.999709189 -0.012885925 0.997515559 -0.981556535 0.022461848 0.189847708 170.876388550
0.200464547 0.015016175 0.979585946 91.585403442 0.020528095 0.999598622 -0.019523866 1.011117458 -0.979485929 0.024022875 0.200075805 170.933486938
0.209209681 0.020242747 0.977661371 91.862930298 0.015740931 0.999586463 -0.024065116 1.017278194 -0.977744222 0.020423954 0.208804488 171.014892578
0.218655467 0.021198679 0.975571811 92.149772644 0.010409216 0.999656439 -0.024055051 1.016025543 -0.975746572 0.015414707 0.218359709 171.101074219
0.228616893 0.022555137 0.973255157 92.445098877 0.002298477 0.999716282 -0.023708282 1.010239363 -0.973513782 0.007657119 0.228500187 171.196014404
0.238525569 0.020511277 0.970919669 92.744781494 -0.001844623 0.999784708 -0.020667901 1.002011061 -0.971134543 0.003138844 0.238512039 171.291610718
0.249623120 0.015388935 0.968220830 93.053413391 -0.001260697 0.999878049 -0.015567068 0.989690781 -0.968342304 0.002665268 0.249612033 171.380783081
0.259467006 0.011634300 0.965681911 93.368827820 0.004051996 0.999905527 -0.013135341 0.982434034 -0.965743542 0.007321127 0.259395301 171.467407227
0.269242764 0.010021243 0.963020325 93.686248779 0.010682568 0.999853253 -0.013391181 0.980180025 -0.963013232 0.013893007 0.269096196 171.556457520
0.279024422 0.010312733 0.960228682 94.007980347 0.013851850 0.999795079 -0.014762761 0.976879597 -0.960184157 0.017420115 0.278824389 171.649230957
0.287979484 0.011481334 0.957567751 94.369056702 0.013037829 0.999788463 -0.015908569 0.975014210 -0.957547784 0.017065946 0.287768900 171.758560181
0.295602858 0.012260490 0.955232263 94.716110229 0.010525032 0.999815166 -0.016089756 0.974391222 -0.955252945 0.014810028 0.295419216 171.882919312
0.301931381 0.010200812 0.953275144 95.072303772 0.010685164 0.999843717 -0.014083454 0.974584818 -0.953269839 0.014438138 0.301775217 172.006851196
0.306026816 0.005445016 0.952007353 95.453186035 0.013581690 0.999856889 -0.010084584 0.973154962 -0.951925993 0.016016021 0.305909097 172.129180908
0.308308303 0.002134470 0.951284170 95.844718933 0.016015295 0.999844134 -0.007433939 0.974799871 -0.951151729 0.017527042 0.308226049 172.254074097
0.309812009 -0.000889200 0.950797439 96.247802734 0.016365770 0.999856412 -0.004397613 0.970650077 -0.950657010 0.016922966 0.309782028 172.390167236
0.309850097 -0.003248806 0.950779915 96.671104431 0.017194320 0.999849796 -0.002186989 0.972095072 -0.950630009 0.017025651 0.309859395 172.528030396
0.308179200 -0.005134086 0.951314509 97.126365662 0.016360942 0.999866128 0.000095968 0.974140882 -0.951187670 0.015534825 0.308221936 172.678710938
0.305179596 -0.008578156 0.952256262 97.574455261 0.020494130 0.999786973 0.002438355 0.977637291 -0.952074349 0.018771524 0.305290401 172.814514160
0.300599098 -0.010522222 0.953692615 98.040313721 0.024584230 0.999692380 0.003280916 0.982814193 -0.953433812 0.022459555 0.300765336 172.952575684
0.294528067 -0.012178619 0.955565274 98.507087708 0.029960616 0.999544919 0.003504558 0.986762106 -0.955173075 0.027597131 0.294758916 173.091583252
0.288719952 -0.012154786 0.957336545 98.996719360 0.032250468 0.999475420 0.002963487 0.990229726 -0.956870317 0.030018929 0.288960457 173.226318359
0.281135142 -0.011626803 0.959597766 99.521392822 0.032436863 0.999470413 0.002606825 0.996289015 -0.959119856 0.030393468 0.281363368 173.388732910
0.273453295 -0.011907369 0.961811662 100.024284363 0.033309698 0.999440849 0.002902920 1.000144243 -0.961308420 0.031243840 0.273697019 173.524169922
0.266583323 -0.011762965 0.963740170 100.532455444 0.035524953 0.999365985 0.002371120 1.004041195 -0.963157058 0.033604719 0.266832173 173.653228760
0.258582354 -0.010093960 0.965936542 101.072196960 0.038882621 0.999243796 0.000033092 1.009866357 -0.965206385 0.037549585 0.258779287 173.806213379
0.251001775 -0.007955158 0.967954040 101.583312988 0.044158269 0.999019265 -0.003240289 1.010085940 -0.966978967 0.043556485 0.251106918 173.926681519
0.243077636 -0.003634467 0.970000029 102.097961426 0.046841431 0.998870313 -0.007995613 1.011927366 -0.968875229 0.047379743 0.242973268 174.055175781
0.235456228 -0.000399187 0.971884906 102.612632751 0.046968196 0.998836160 -0.010968621 1.011206865 -0.970749438 0.048230309 0.235201001 174.185089111
0.227982402 0.000577678 0.973665118 103.124084473 0.046142351 0.998869836 -0.011396801 1.007896185 -0.972571313 0.047525465 0.227698088 174.301452637
0.221167505 -0.001108441 0.975235224 103.643486023 0.048286267 0.998785317 -0.009815333 1.009038687 -0.974039733 0.049261302 0.220952392 174.417343140
0.215928376 -0.005792495 0.976392031 104.152473450 0.052081451 0.998627186 -0.005593368 1.009852767 -0.975019217 0.052059680 0.215933621 174.520996094
0.213235378 -0.011611837 0.976931930 104.685081482 0.054591350 0.998508751 -0.000047380 1.002746940 -0.975474536 0.053342130 0.213551283 174.625518799
0.212380171 -0.016593639 0.977046371 105.206619263 0.056079771 0.998414934 0.004766507 1.003821015 -0.975576758 0.053780217 0.212974131 174.732269287
0.213714242 -0.019579103 0.976700127 105.700881958 0.054859854 0.998461902 0.008011316 1.007253647 -0.975354731 0.051869489 0.214459658 174.860961914
0.219536960 -0.022980178 0.975333571 106.202247620 0.055934913 0.998374581 0.010932714 1.002423763 -0.973999500 0.052155055 0.220465481 174.976409912
0.228709519 -0.025114467 0.973170757 106.671371460 0.058310799 0.998225689 0.012057157 1.008910298 -0.971746802 0.053988773 0.229768157 175.092010498
0.240911663 -0.025304638 0.970217168 107.134567261 0.057891712 0.998254776 0.011660982 1.020152688 -0.968818963 0.053358261 0.241956174 175.224853516
0.256653666 -0.026823327 0.966131210 107.606018066 0.057819836 0.998250604 0.012355182 1.017507553 -0.964772403 0.052690540 0.257755578 175.350341797
0.274274707 -0.026151203 0.961295784 108.057678223 0.056573860 0.998337626 0.011017368 1.025077939 -0.959985852 0.051362425 0.275298238 175.494613647
0.293069124 -0.023899080 0.955792487 108.476142883 0.054083433 0.998501241 0.008383699 1.029700518 -0.954560339 0.049235538 0.293922424 175.655273438
0.314398825 -0.022424502 0.949026108 108.891540527 0.053745266 0.998537898 0.005789372 1.020164132 -0.947768331 0.049185488 0.315144360 175.802383423
0.337744892 -0.020494796 0.941014528 109.306823730 0.052630290 0.998609960 0.002859352 1.019941807 -0.939765096 0.048560135 0.338354111 175.970046997
0.363047183 -0.020044805 0.931555092 109.703277588 0.052902408 0.998599291 0.000870216 1.025115132 -0.930267751 0.048965581 0.363599122 176.152770996
0.391857445 -0.019978879 0.919809103 110.109817505 0.052100524 0.998641729 -0.000504715 1.026881695 -0.918549657 0.048120305 0.392366111 176.337554932
0.422118366 -0.020554962 0.906307757 110.499206543 0.051136542 0.998690963 -0.001166962 1.021450400 -0.905097365 0.046838034 0.422616899 176.536926270
0.454093754 -0.019932115 0.890730917 110.855484009 0.047999822 0.998845100 -0.002118847 1.025873303 -0.889660001 0.043717083 0.454526007 176.749298096
0.488098025 -0.020359047 0.872551382 111.216667175 0.044364374 0.999014258 -0.001507291 1.018375993 -0.871660590 0.039445896 0.488520145 176.979431152
0.521906495 -0.020795951 0.852749169 111.550056458 0.040680889 0.999172032 -0.000531097 1.019681692 -0.852032125 0.034967776 0.522320390 177.234725952
0.556476235 -0.022681942 0.830553949 111.889572144 0.040781777 0.999168098 -0.000037350 1.019811392 -0.829862118 0.033892244 0.556938350 177.491699219
0.591388941 -0.024380032 0.806017876 112.206298828 0.040644843 0.999173582 0.000400704 1.019973040 -0.805361509 0.032523498 0.591891050 177.752136230
0.625345588 -0.027829915 0.779851496 112.484558105 0.041701436 0.999127686 0.002215585 1.009357333 -0.779232860 0.031135419 0.625960648 178.016403198
0.659081161 -0.028927786 0.751515329 112.764694214 0.040047020 0.999192238 0.003340159 1.008379698 -0.751004875 0.027894510 0.659707189 178.311706543
0.692181885 -0.027835486 0.721186161 113.028526306 0.036521688 0.999326646 0.003517941 1.009160280 -0.720798433 0.023903880 0.692732453 178.613815308
0.724615812 -0.023908170 0.688738227 113.281929016 0.033103220 0.999451935 -0.000133650 1.010737538 -0.688357532 0.022896295 0.725010157 178.923782349
0.755852401 -0.021204099 0.654398620 113.537246704 0.032456215 0.999460101 -0.005103095 1.018726349 -0.653937101 0.025096487 0.756132543 179.269866943
0.785740495 -0.021583531 0.618179619 113.737525940 0.033937119 0.999390006 -0.008242597 1.011582494 -0.617624581 0.027455777 0.785993695 179.592498779
0.814616323 -0.023659451 0.579517543 113.954071045 0.036269333 0.999290168 -0.010185950 1.008110762 -0.578865170 0.029316353 0.814896107 179.949798584
0.842032015 -0.024580983 0.538867235 114.151771545 0.036046896 0.999292374 -0.010743007 1.007815838 -0.538221836 0.028470445 0.842322230 180.325134277
0.867856622 -0.024103336 0.496229738 114.347618103 0.033308998 0.999397933 -0.009710447 1.014517784 -0.495696902 0.024956189 0.868137002 180.725128174
0.891276956 -0.024425076 0.452801108 114.512016296 0.031991296 0.999447107 -0.009058133 1.005440712 -0.452329516 0.022558998 0.891565561 181.138565063
0.912771702 -0.025461020 0.407675833 114.647949219 0.032167997 0.999436319 -0.009604125 1.005561829 -0.407201529 0.021880489 0.913076222 181.541625977
0.931486487 -0.025359755 0.362890840 114.786361694 0.030402800 0.999504149 -0.008191497 1.000650644 -0.362503171 0.018663166 0.931795657 181.980224609
0.947528124 -0.024855519 0.318704695 114.900535583 0.028388567 0.999576211 -0.006444777 0.998545289 -0.318409443 0.015154177 0.947832167 182.427963257
0.960579276 -0.024144284 0.276955694 114.999427795 0.026981663 0.999615192 -0.006437973 0.996932745 -0.276693702 0.013656909 0.960861146 182.906188965
0.971382141 -0.022728771 0.236432061 115.089355469 0.025452761 0.999640107 -0.008475025 0.999463558 -0.236154348 0.014250337 0.971611083 183.380432129
0.979538500 -0.022390814 0.200007454 115.150688171 0.024951110 0.999635696 -0.010289191 0.995304883 -0.199704200 0.015069067 0.979740322 183.857879639
0.985895336 -0.022064790 0.165902212 115.225006104 0.024235332 0.999644995 -0.011070038 0.993857145 -0.165599048 0.014934594 0.986080050 184.379150391
0.990597665 -0.022351483 0.134969071 115.278472900 0.023888893 0.999666750 -0.009781856 0.988433361 -0.134705454 0.012914145 0.990801513 184.911575317
0.994021416 -0.023240890 0.106683388 115.314781189 0.024290700 0.999668360 -0.008551397 0.994073331 -0.106449261 0.011091686 0.994256258 185.444198608
0.996487617 -0.024357202 0.080119766 115.349296570 0.025001638 0.999662578 -0.007049942 0.994442940 -0.079921007 0.009028304 0.996760309 186.002349854
0.998130679 -0.025032656 0.055753857 115.368431091 0.025357733 0.999665260 -0.005130658 0.989018738 -0.055606760 0.006534858 0.998431385 186.568634033
0.999124289 -0.026013393 0.032771215 115.372917175 0.026157361 0.999649942 -0.003971986 0.986602187 -0.032656420 0.004825716 0.999454975 187.140777588
0.999565363 -0.027420847 0.010825427 115.376365662 0.027458446 0.999617338 -0.003339965 0.990140080 -0.010729700 0.003635762 0.999935806 187.731811523
0.999590814 -0.027123896 -0.009082265 115.360794067 0.027088661 0.999625087 -0.003980570 0.995652080 0.009186829 0.003732915 0.999950826 188.340255737
0.999218524 -0.028160101 -0.027737860 115.332725525 0.028058916 0.999598145 -0.004030416 1.000769258 0.027840210 0.003248972 0.999607086 188.964523315
0.998582482 -0.028466409 -0.044974014 115.298156738 0.028335052 0.999592185 -0.003555681 1.003716707 0.045056891 0.002276300 0.998981833 189.591445923
0.997788787 -0.029130945 -0.059740502 115.261627197 0.028913986 0.999571800 -0.004493125 1.006776571 0.059845809 0.002755854 0.998203814 190.250381470
0.996967256 -0.028887218 -0.072261974 115.203430176 0.028593961 0.999578178 -0.005089660 1.006082296 0.072378524 0.003007968 0.997372687 190.914916992
0.996146917 -0.027587701 -0.083248116 115.149665833 0.027148994 0.999610901 -0.006397506 1.013279438 0.083392218 0.004112754 0.996508300 191.586395264
0.995468736 -0.027090991 -0.091148622 115.082092285 0.026717987 0.999628901 -0.005310190 1.013498068 0.091258653 0.002850821 0.995823145 192.264266968
0.994885623 -0.028248375 -0.096977547 115.009078979 0.028005339 0.999600291 -0.003866614 1.012501359 0.097048007 0.001130950 0.995279074 192.962493896
0.994365275 -0.030708162 -0.101462856 114.945014954 0.030499052 0.999528289 -0.003611948 1.012104988 0.101525910 0.000497075 0.994832754 193.644424438
0.993975103 -0.032527573 -0.104668543 114.875518799 0.032313015 0.999470770 -0.003745424 1.006844044 0.104734980 0.000340702 0.994500101 194.328643799
0.993802190 -0.031393573 -0.106637940 114.789718628 0.030966435 0.999504387 -0.005659373 1.010626316 0.106762759 0.002322100 0.994281828 195.020202637
0.993517458 -0.032596696 -0.108905800 114.720108032 0.032214999 0.999467134 -0.005262915 1.008878946 0.109019317 0.001720399 0.994038165 195.704574585
0.993145347 -0.037296962 -0.110775568 114.649963379 0.037074439 0.999304235 -0.004068600 1.007285357 0.110850237 -0.000066231 0.993837118 196.405990601
0.992848456 -0.039238974 -0.112748720 114.578186035 0.039100658 0.999229372 -0.003438685 1.004081249 0.112796769 -0.000994457 0.993617594 197.095352173
0.992667973 -0.039266307 -0.114317231 114.502891541 0.038929075 0.999228537 -0.005181768 1.001283169 0.114432506 0.000693512 0.993430793 197.781616211
0.992393196 -0.041403551 -0.115937658 114.421096802 0.040827964 0.999139249 -0.007336026 0.996996164 0.116141602 0.002546723 0.993229389 198.462097168
0.992210329 -0.041724734 -0.117378734 114.340805054 0.040881857 0.999118030 -0.009580406 0.998789847 0.117674954 0.004707118 0.993041039 199.144653320
0.992031217 -0.040289506 -0.119376622 114.264938354 0.039458428 0.999177754 -0.009318295 0.994968176 0.119653895 0.004533627 0.992805302 199.824661255
0.991912007 -0.039551914 -0.120607555 114.178146362 0.038899880 0.999212980 -0.007756793 0.983820319 0.120819435 0.003002436 0.992669940 200.495697021
0.991760254 -0.038514167 -0.122181363 114.091171265 0.037796088 0.999251902 -0.008190253 0.979305625 0.122405395 0.003504790 0.992474020 201.175842285
0.991601884 -0.037398160 -0.123802602 114.011711121 0.036519650 0.999289095 -0.009358625 0.973633111 0.124064587 0.004758802 0.992262721 201.841339111
0.991529405 -0.036953967 -0.124514297 113.928283691 0.035957955 0.999300838 -0.010237893 0.970838189 0.124805577 0.005673893 0.992164969 202.503082275
0.991571128 -0.035333283 -0.124652572 113.841629028 0.034461752 0.999364197 -0.009141739 0.962533534 0.124896325 0.004768940 0.992158353 203.185073853
0.991497576 -0.034720860 -0.125407502 113.765335083 0.034165014 0.999394536 -0.006581013 0.956827939 0.125560060 0.002240509 0.992083490 203.846008301
0.991540194 -0.032401793 -0.125690788 113.688796997 0.032042406 0.999474585 -0.004880517 0.950172663 0.125782892 0.000811793 0.992057443 204.506652832
0.991872847 -0.030440398 -0.123538107 113.570152283 0.030220268 0.999536574 -0.003655774 0.936691523 0.123592138 -0.000107291 0.992333114 205.172836304
0.991946399 -0.028127754 -0.123495549 113.486671448 0.027864676 0.999604285 -0.003857277 0.928123116 0.123555176 0.000385048 0.992337644 205.827194214
0.991916835 -0.027342863 -0.123908482 113.416107178 0.026985614 0.999625444 -0.004560915 0.935518742 0.123986781 0.001180302 0.992283165 206.471099854
0.992090464 -0.027088974 -0.122567013 113.312881470 0.026947265 0.999632895 -0.002814005 0.922417879 0.122598246 -0.000511098 0.992456257 207.131286621
0.992080867 -0.027290087 -0.122600086 113.239128113 0.027339999 0.999625385 -0.001275486 0.928318977 0.122588970 -0.002086501 0.992455363 207.776641846
0.991939604 -0.027009118 -0.123799585 113.166664124 0.027179137 0.999630511 -0.000315648 0.933522582 0.123762369 -0.003051662 0.992307186 208.426513672
0.991750360 -0.025116513 -0.125699446 113.090896606 0.025473729 0.999674737 0.001234983 0.920850635 0.125627533 -0.004426829 0.992067575 209.063644409
0.991630971 -0.023358433 -0.126973942 112.999588013 0.023753654 0.999716580 0.001599126 0.919036508 0.126900598 -0.004601838 0.991904736 209.700790405
0.991466045 -0.024241144 -0.128091350 112.908027649 0.024615766 0.999696076 0.001342168 0.928477168 0.128019899 -0.004483781 0.991761446 210.342697144
0.991324008 -0.025974620 -0.128848881 112.811553955 0.026492285 0.999646366 0.002305048 0.925309300 0.128743440 -0.005698550 0.991661549 210.973968506
0.990863800 -0.027502693 -0.132032260 112.735198975 0.028110875 0.999601066 0.002744232 0.926063120 0.131904110 -0.006430702 0.991241634 211.608398438
0.990370631 -0.028102811 -0.135559142 112.657600403 0.028724024 0.999583900 0.002628462 0.931222975 0.135428876 -0.006496956 0.990765750 212.236663818
0.990017295 -0.027734432 -0.138190091 112.562057495 0.028539142 0.999585271 0.003844806 0.922320247 0.138026148 -0.007750251 0.990398288 212.858932495
0.989801705 -0.027712882 -0.139730260 112.456687927 0.028299229 0.999597073 0.002210772 0.934318304 0.139612690 -0.006142484 0.990187109 213.475494385
0.989493489 -0.027600382 -0.141918465 112.370445251 0.028043907 0.999606073 0.001125678 0.933533311 0.141831487 -0.005093799 0.989877701 214.088104248
0.989278316 -0.027574500 -0.143415824 112.280929565 0.028051548 0.999605656 0.001305033 0.930659115 0.143323272 -0.005314076 0.989661634 214.702499390
0.989074826 -0.028298773 -0.144672632 112.191070557 0.028817378 0.999583602 0.001489952 0.935439587 0.144570231 -0.005642760 0.989478469 215.315292358
0.988904595 -0.030139755 -0.145462334 112.101509094 0.030766496 0.999524474 0.002060369 0.934114456 0.145331070 -0.006512875 0.989361644 215.917907715
0.988869548 -0.030685114 -0.145586684 112.016052246 0.031226149 0.999511302 0.001431918 0.941368818 0.145471603 -0.005962091 0.989344478 216.529388428
0.988920629 -0.029253336 -0.145534158 111.925415039 0.029777002 0.999555528 0.001420674 0.943136334 0.145427927 -0.005738504 0.989352226 217.130950928
0.988958359 -0.029552268 -0.145217180 111.833534241 0.030012744 0.999549031 0.000980689 0.944345117 0.145122707 -0.005328226 0.989399314 217.726272583
0.988928258 -0.031360809 -0.145042866 111.745239258 0.031689040 0.999497771 -0.000047374 0.940886736 0.144971505 -0.004549419 0.989425361 218.319580078
