1.000000000 0.000000000 0.000000000 0.000000000 0.000000000 1.000000000 0.000000000 0.000000000 0.000000000 0.000000000 1.000000000 0.000000000
0.999984324 0.001551283 -0.005374716 -0.015405878 -0.001547804 0.999998569 0.000651389 0.011570213 0.005375718 -0.000643060 0.999985337 1.723594785
0.999933898 0.000865760 -0.011466996 -0.030011328 -0.000847628 0.999998391 0.001586077 0.007701292 0.011468351 -0.001576252 0.999933004 3.429404020
0.999842703 -0.001269437 -0.017690441 -0.058758121 0.001282771 0.999998927 0.000742402 0.016674094 0.017689480 -0.000764978 0.999843240 5.135100842
0.999697268 -0.005815236 -0.023906184 -0.107319556 0.005805437 0.999983013 -0.000479251 0.021127788 0.023908567 0.000340320 0.999714077 6.835018158
0.999472380 -0.010003474 -0.030900434 -0.153315708 0.010008792 0.999949932 0.000017437 0.024871062 0.030898711 -0.000326704 0.999522448 8.539966583
0.999205947 -0.012944547 -0.037681963 -0.218832538 0.013052289 0.999911368 0.002614639 0.028324638 0.037644777 -0.003104399 0.999286354 10.242667198
0.998886108 -0.015552116 -0.044549707 -0.293595374 0.015722452 0.999870360 0.003475666 0.037970431 0.044489879 -0.004172225 0.999001145 11.964217186
0.998567939 -0.016783513 -0.050797354 -0.386316240 0.017062228 0.999841630 0.005058102 0.055737030 0.050704416 -0.005917575 0.998696148 13.654579163
0.998150349 -0.020687738 -0.057165340 -0.484795481 0.021071464 0.999759257 0.006117893 0.061344657 0.057025012 -0.007311135 0.998345971 15.348937988
0.997681201 -0.024445741 -0.063518569 -0.582340300 0.024875423 0.999672651 0.005982575 0.077538684 0.063351527 -0.007548754 0.997962713 17.068119049
0.997188151 -0.027549511 -0.069690645 -0.696754515 0.028007550 0.999592006 0.005603730 0.085740693 0.069507830 -0.007539838 0.997552931 18.764402390
0.996735752 -0.030065674 -0.074925967 -0.834271908 0.030540297 0.999520004 0.005196617 0.098047927 0.074733764 -0.007467915 0.997175574 20.462497711
0.996312320 -0.032060459 -0.079585582 -0.977829397 0.032506887 0.999462187 0.004319812 0.109259553 0.079404280 -0.006890961 0.996818662 22.162986755
0.995925069 -0.032584820 -0.084091850 -1.115704656 0.032970667 0.999451160 0.003203366 0.124668553 0.083941318 -0.005962878 0.996452868 23.854595184
0.995583832 -0.034257822 -0.087403044 -1.266766906 0.034605149 0.999398053 0.002461297 0.127612174 0.087266117 -0.005475023 0.996169984 25.550306320
0.995218754 -0.037414618 -0.090220898 -1.417971015 0.038109142 0.999255657 0.005987150 0.139558643 0.089929737 -0.009396764 0.995903790 27.241203308
0.994785309 -0.042311419 -0.092800722 -1.572058678 0.043507189 0.998993635 0.010899393 0.157110393 0.092246167 -0.014880054 0.995625019 28.931613922
0.994213283 -0.048692755 -0.095754795 -1.726562500 0.050360583 0.998617291 0.015077391 0.182644188 0.094888233 -0.019812409 0.995290756 30.624649048
0.993690014 -0.053624310 -0.098511919 -1.882123709 0.055399906 0.998345852 0.015376088 0.206747532 0.097524434 -0.020736616 0.995017052 32.318065643
0.993374050 -0.055253498 -0.100772463 -2.052354097 0.056825869 0.998302102 0.012797735 0.233450800 0.099894240 -0.018439420 0.994827211 33.983520508
0.993065834 -0.056851458 -0.102898836 -2.226383448 0.058268867 0.998242319 0.010819297 0.255757987 0.102102876 -0.016740073 0.994632959 35.663059235
0.992728889 -0.059237219 -0.104786739 -2.404182673 0.060557522 0.998119891 0.009460713 0.274220884 0.104029298 -0.015737548 0.994449735 37.339576721
0.992380083 -0.061920453 -0.106525086 -2.579484463 0.063324280 0.997944474 0.009843541 0.295055121 0.105696604 -0.016514158 0.994261265 39.021102905
0.992032647 -0.064416170 -0.108267032 -2.764690161 0.065897249 0.997774720 0.010154549 0.316387057 0.107371993 -0.017208144 0.994069993 40.696350098
0.991830230 -0.065780438 -0.109296516 -2.952160358 0.067229785 0.997691095 0.009624974 0.334005833 0.108411029 -0.016894322 0.993962586 42.381393433
0.991669416 -0.065625928 -0.110837974 -3.136104345 0.066765152 0.997746944 0.006594251 0.348242581 0.110155493 -0.013939432 0.993816614 44.078010559
0.991582870 -0.066393197 -0.111154817 -3.328649044 0.067235649 0.997729719 0.003843754 0.356077909 0.110647269 -0.011284967 0.993795693 45.747108459
0.991420746 -0.066797458 -0.112351894 -3.513061047 0.067736723 0.997692823 0.004559326 0.364646316 0.111788124 -0.012130558 0.993658006 47.419570923
0.991293252 -0.068378478 -0.112525679 -3.713611364 0.069461994 0.997568130 0.005732150 0.373163939 0.111860074 -0.013498500 0.993632257 49.103385925
0.991144300 -0.069302022 -0.113270514 -3.907572508 0.070509747 0.997488678 0.006686213 0.383238077 0.112522684 -0.014613676 0.993541718 50.784061432
0.990892947 -0.071575068 -0.114053324 -4.105203152 0.072671764 0.997340858 0.005481609 0.400362015 0.113357693 -0.013720144 0.993459523 52.472602844
0.990812898 -0.072768636 -0.113993481 -4.307678223 0.073674850 0.997275233 0.003751387 0.413397074 0.113409899 -0.012115375 0.993474424 54.139648438
0.990442991 -0.075627029 -0.115339816 -4.487147808 0.076563865 0.997057796 0.003707531 0.419876397 0.114720076 -0.012502960 0.993319154 55.812099457
0.990308642 -0.076222785 -0.116098486 -4.683352470 0.077687129 0.996944606 0.008133983 0.436310858 0.115123771 -0.017074512 0.993204415 57.492107391
0.990042329 -0.078270994 -0.117003351 -4.880719662 0.080186784 0.996710598 0.011749907 0.452904642 0.115698807 -0.021015028 0.993062019 59.160907745
0.990071535 -0.077235714 -0.117443681 -5.082484245 0.079037122 0.996813655 0.010752317 0.480057418 0.116239004 -0.019927973 0.993021309 60.844882965
0.989904106 -0.079313554 -0.117470287 -5.283955574 0.080882899 0.996686101 0.008645562 0.500234783 0.116395295 -0.018059615 0.993038774 62.520454407
0.989864826 -0.078781039 -0.118157409 -5.484951496 0.080274053 0.996741354 0.007922840 0.521286070 0.117148206 -0.017327514 0.992963254 64.195808411
0.989947975 -0.077754363 -0.118141092 -5.697652817 0.079433978 0.996794224 0.009568310 0.535046220 0.117018379 -0.018856546 0.992950737 65.890548706
0.989817023 -0.078244142 -0.118912034 -5.894112110 0.080195621 0.996710360 0.011708186 0.561164141 0.117604755 -0.021125186 0.992835760 67.559745789
0.989824116 -0.077824913 -0.119128048 -6.111683369 0.080435514 0.996610403 0.017257797 0.578063011 0.117381170 -0.026664309 0.992728889 69.259193420
0.989745319 -0.078219756 -0.119523652 -6.315373421 0.080817439 0.996583343 0.017035723 0.611289263 0.117782749 -0.026520621 0.992685199 70.945144653
0.989793658 -0.077857107 -0.119360119 -6.533027172 0.080068000 0.996693432 0.013833132 0.632333815 0.117888436 -0.023248870 0.992754638 72.644065857
0.989846766 -0.076409042 -0.119854435 -6.738919735 0.077824406 0.996941328 0.007166260 0.656491399 0.118940271 -0.016421100 0.992765605 74.333854675
0.989954710 -0.075093038 -0.119794421 -6.956285477 0.076051131 0.997097969 0.003439747 0.667185962 0.119188473 -0.012515695 0.992792785 75.975509644
0.989845335 -0.074247703 -0.121216752 -7.165983677 0.075470112 0.997132778 0.005518375 0.677389979 0.120459475 -0.014610581 0.992610693 77.650802612
0.989640474 -0.074755013 -0.122570030 -7.373145103 0.076186202 0.997068882 0.007024952 0.695960402 0.121685609 -0.016290320 0.992434978 79.313682556
0.989433050 -0.075340837 -0.123879194 -7.593068600 0.077305853 0.996945322 0.011125894 0.703786850 0.122662552 -0.020584913 0.992234945 80.999824524
0.989211559 -0.075599246 -0.125480115 -7.804299831 0.077667110 0.996911108 0.011662995 0.727276802 0.124210812 -0.021282846 0.992027581 82.678962708
0.989119291 -0.074838243 -0.126657829 -8.021653175 0.076901078 0.996972740 0.011469096 0.750489891 0.125416085 -0.021084428 0.991880178 84.338455200
0.988968611 -0.074139327 -0.128235847 -8.248966217 0.076315485 0.997009873 0.012133705 0.772299886 0.126952827 -0.021786235 0.991669476 86.029357910
0.988661110 -0.074229054 -0.130534500 -8.464862823 0.076546773 0.996983528 0.012821687 0.794547856 0.129189014 -0.022668298 0.991360843 87.702964783
0.988270879 -0.075220466 -0.132900372 -8.682540894 0.077785693 0.996868849 0.014209161 0.814099908 0.131415412 -0.024380246 0.991027534 89.384986877
0.987829149 -0.076194078 -0.135602564 -8.910928726 0.079084836 0.996738613 0.016052268 0.842708051 0.133937240 -0.026581006 0.990633249 91.055816650
0.987517655 -0.075502045 -0.138232738 -9.149913788 0.078468390 0.996786118 0.016128793 0.862560749 0.136570722 -0.026774369 0.990268409 92.721015930
0.987123489 -0.075651206 -0.140940174 -9.386650085 0.078551866 0.996795297 0.015124295 0.888941169 0.139344320 -0.026000658 0.989902556 94.377616882
0.986697197 -0.075172171 -0.144145116 -9.625967979 0.078083783 0.996839285 0.014641314 0.909927666 0.142588899 -0.025701938 0.989448249 96.046234131
0.986097097 -0.077402756 -0.147041813 -9.870373726 0.080460839 0.996645570 0.014955527 0.939734578 0.145390972 -0.026578711 0.989017189 97.709396362
0.985450745 -0.077884108 -0.151065990 -10.116113663 0.081065722 0.996595740 0.015008738 0.960791826 0.149382785 -0.027036646 0.988409758 99.352241516
0.984755039 -0.078548990 -0.155201778 -10.368913651 0.081911653 0.996520877 0.015381271 0.989082515 0.153453633 -0.027859617 0.987763047 101.013748169
0.984149754 -0.078204937 -0.159164399 -10.632679939 0.081924953 0.996494591 0.016936081 1.002784133 0.157281980 -0.029707173 0.987106800 102.638015747
0.983429670 -0.077595904 -0.163844511 -10.894173622 0.081382826 0.996546030 0.016518055 1.031817555 0.161996856 -0.029578472 0.986347854 104.269302368
0.982743621 -0.076852821 -0.168251708 -11.173142433 0.080398075 0.996659517 0.014351137 1.043662190 0.166586742 -0.027630601 0.985639572 105.871551514
0.981977046 -0.075054035 -0.173458725 -11.453889847 0.079005599 0.996746063 0.015980022 1.068768382 0.171694934 -0.029396223 0.984711468 107.493614197
0.981261551 -0.072250359 -0.178621605 -11.743955612 0.077332519 0.996770382 0.021645822 1.093155384 0.176480800 -0.035053469 0.983679712 109.088134766
0.980378032 -0.071433216 -0.183728546 -12.044242859 0.076868176 0.996784568 0.022622213 1.129529238 0.181521803 -0.036301196 0.982716680 110.696472168
0.979465187 -0.070702411 -0.188809693 -12.345447540 0.075929515 0.996900618 0.020587089 1.154894590 0.186768949 -0.034500565 0.981797874 112.252204895
0.978506327 -0.070515633 -0.193785638 -12.652384758 0.075564861 0.996964037 0.018779229 1.182371378 0.191873074 -0.033018980 0.980864167 113.814941406
0.977692604 -0.068517007 -0.198551327 -12.971941948 0.073614679 0.997117043 0.018398542 1.202741146 0.196718290 -0.032604408 0.979917765 115.352951050
0.976823926 -0.066991329 -0.203290999 -13.287431717 0.071763836 0.997290254 0.016187783 1.230448008 0.201655686 -0.030401554 0.978984535 116.890533447
0.976169169 -0.066194952 -0.206668764 -13.623184204 0.070532009 0.997415721 0.013680303 1.250630021 0.205229104 -0.027931051 0.978315353 118.424423218
0.975599706 -0.064289987 -0.209933251 -13.957505226 0.068990946 0.997502387 0.015138756 1.269367337 0.208435655 -0.029252859 0.977598488 119.954399109
0.975214303 -0.062454320 -0.212265119 -14.291390419 0.068105608 0.997489274 0.019409906 1.289453506 0.210519955 -0.033385262 0.977019310 121.466751099
0.974853039 -0.059734277 -0.214693680 -14.617403030 0.066068582 0.997562647 0.022443483 1.319576740 0.212829754 -0.036063604 0.976423502 122.944526672
0.974890292 -0.056842566 -0.215308800 -14.975403786 0.063103206 0.997757614 0.022310296 1.346975565 0.213557810 -0.035336766 0.976291120 124.450492859
0.974793553 -0.053431250 -0.216616318 -15.290735245 0.059576359 0.997982740 0.021933628 1.379043818 0.215007409 -0.034285970 0.976010382 125.916984558
0.975019515 -0.049633261 -0.216502845 -15.625719070 0.055732287 0.998199940 0.022152832 1.407582045 0.215013623 -0.033665642 0.976030648 127.373611450
0.975495398 -0.046336953 -0.215085104 -15.953736305 0.052267332 0.998391569 0.021963956 1.446529865 0.213721409 -0.032667663 0.976348281 128.830123901
0.975951016 -0.043311071 -0.213644087 -16.271383286 0.049301047 0.998524010 0.022786787 1.476925373 0.212341830 -0.032771666 0.976645768 130.270080566
0.976783037 -0.040849138 -0.210300416 -16.604419708 0.046599690 0.998661101 0.022459967 1.504373431 0.209101364 -0.031738449 0.977378786 131.749008179
0.977567732 -0.040322091 -0.206725642 -16.924728394 0.044950463 0.998831689 0.017739145 1.536753178 0.205768853 -0.026633630 0.978238106 133.216934204
0.978399813 -0.041202690 -0.202573702 -17.216833115 0.045093767 0.998875618 0.014628614 1.561732054 0.201743200 -0.023447447 0.979157746 134.640869141
0.979297042 -0.040329982 -0.198370293 -17.502767563 0.044727135 0.998841822 0.017733911 1.580989361 0.197425336 -0.026239302 0.979966700 136.061431885
0.980213642 -0.040106948 -0.193836510 -17.792751312 0.044795036 0.998798728 0.019861795 1.608442783 0.192807063 -0.028151717 0.980832756 137.525268555
0.981055200 -0.040521018 -0.189443290 -18.043645859 0.045046587 0.998791754 0.019642450 1.637470126 0.188418478 -0.027804101 0.981695175 138.931838989
0.982092917 -0.041113250 -0.183856577 -18.342483521 0.045646235 0.998747528 0.020489264 1.666424155 0.182783917 -0.028514722 0.982739508 140.377944946
0.982898295 -0.042170383 -0.179255843 -18.597684860 0.046908420 0.998650849 0.022273846 1.701545238 0.178074688 -0.030301534 0.983550310 141.793029785
0.983720958 -0.043205805 -0.174431399 -18.848011017 0.048137911 0.998548865 0.024142219 1.728563190 0.173135206 -0.032145970 0.984373331 143.175186157
0.984396040 -0.044284109 -0.170303658 -19.096719742 0.049320210 0.998458624 0.025453160 1.769840956 0.168913990 -0.033455402 0.985062838 144.590087891
0.985000670 -0.045423117 -0.166464493 -19.313970566 0.050474674 0.998380601 0.026239993 1.801068187 0.165003017 -0.034248654 0.985698223 145.913803101
0.985702038 -0.045423005 -0.162259728 -19.539710999 0.050143484 0.998426199 0.025114149 1.842247009 0.160863608 -0.032891337 0.986428440 147.310714722
0.986356437 -0.045140386 -0.158314183 -19.768718719 0.049654376 0.998461664 0.024672231 1.870192051 0.156956926 -0.032196604 0.987080514 148.676315308
0.987000942 -0.044697862 -0.154373661 -19.996555328 0.049056612 0.998494506 0.024540160 1.904029608 0.153044358 -0.031794209 0.987707734 150.050415039
0.987612486 -0.043344960 -0.150807008 -20.198276520 0.047692727 0.998540759 0.025331866 1.935883403 0.149488941 -0.032210462 0.988238633 151.387817383
0.988204837 -0.042947374 -0.146992445 -20.401231766 0.047254659 0.998546124 0.025935676 1.968702078 0.145664871 -0.032575838 0.988797545 152.704147339
0.988742650 -0.041053243 -0.143883929 -20.600656509 0.045515217 0.998575151 0.027856395 2.000147820 0.142535329 -0.034091715 0.989202440 154.032302856
0.989181101 -0.040644635 -0.140956566 -20.785301208 0.045091834 0.998576224 0.028499737 2.031396151 0.139597505 -0.034547392 0.989605486 155.333694458
0.989585280 -0.039368093 -0.138459638 -20.970146179 0.043772608 0.998623133 0.028909801 2.065639973 0.137130871 -0.034669451 0.989946008 156.629577637
0.989932597 -0.039401893 -0.135944515 -21.141389847 0.043744482 0.998618722 0.029104676 2.098818302 0.134609953 -0.034758490 0.990288854 157.908126831
0.990322113 -0.038815137 -0.133249775 -21.318103790 0.043051969 0.998650014 0.029062558 2.134593725 0.131941825 -0.034517959 0.990656257 159.192413330
0.990624905 -0.038890533 -0.130957395 -21.469633102 0.043131731 0.998627663 0.029705871 2.165980339 0.129622400 -0.035075795 0.990942836 160.442062378
0.990912795 -0.039045971 -0.128713816 -21.629154205 0.043247644 0.998613536 0.030010819 2.202034473 0.127363563 -0.035304673 0.991227567 161.691741943
0.991206646 -0.038897149 -0.126476884 -21.790021896 0.043028746 0.998620331 0.030099545 2.236997128 0.125131592 -0.035277013 0.991512775 162.941619873
0.991406560 -0.039662980 -0.124659009 -21.942630768 0.043725494 0.998592377 0.030022651 2.267332315 0.123292752 -0.035215430 0.991745293 164.158462524
0.991583586 -0.040098481 -0.123101868 -22.089950562 0.044136845 0.998567283 0.030254140 2.302594662 0.121712357 -0.035432838 0.991932750 165.386138916
0.991763771 -0.040191956 -0.121611215 -22.243911743 0.044212140 0.998555243 0.030540831 2.335707903 0.120208018 -0.035665981 0.992107868 166.602828979
0.991861582 -0.040289447 -0.120777927 -22.388198853 0.044282027 0.998551667 0.030556498 2.373172283 0.119371898 -0.035656109 0.992209136 167.806137085
0.991960704 -0.040572129 -0.119866259 -22.532194138 0.044531513 0.998541117 0.030538782 2.408599377 0.118452363 -0.035631098 0.992320240 168.996810913
0.991988599 -0.040266901 -0.119738251 -22.672163010 0.044224482 0.998553514 0.030579409 2.443574667 0.118333712 -0.035629787 0.992334425 170.210128784
0.991974592 -0.041153282 -0.119552486 -22.819597244 0.045119710 0.998510957 0.030661045 2.478109837 0.118112661 -0.035809152 0.992354333 171.400192261
0.991983533 -0.040471651 -0.119711004 -22.967105865 0.044485390 0.998527467 0.031047437 2.511592150 0.118278190 -0.036123935 0.992323220 172.589538574
0.991983235 -0.040410578 -0.119733885 -23.108732224 0.044471670 0.998515785 0.031440973 2.544517756 0.118285619 -0.036513686 0.992308021 173.753082275
0.991974354 -0.039575063 -0.120086208 -23.259950638 0.043585666 0.998569965 0.030956019 2.583479881 0.118689395 -0.035941616 0.992280722 174.904739380
0.991906106 -0.039229181 -0.120761357 -23.385063171 0.043240439 0.998590529 0.030776115 2.614964724 0.119383834 -0.035748791 0.992204368 176.036331177
0.991867542 -0.038515821 -0.121306449 -23.535104752 0.042564016 0.998614013 0.030958219 2.644977808 0.119945936 -0.035869744 0.992132187 177.207992554
0.991796494 -0.037858617 -0.122092158 -23.685550690 0.042014387 0.998615742 0.031644210 2.678382397 0.120725140 -0.036514245 0.992014170 178.348098755
0.991656363 -0.037516564 -0.123329602 -23.831823349 0.041728988 0.998624325 0.031751182 2.710384369 0.121968746 -0.036632683 0.991857708 179.494171143
0.991567135 -0.037846889 -0.123944618 -23.987186432 0.042042997 0.998621762 0.031415056 2.745173693 0.122584835 -0.036361139 0.991791725 180.650436401
0.991431773 -0.037787717 -0.125040546 -24.128850937 0.042049713 0.998614967 0.031622078 2.780827045 0.123672433 -0.036609050 0.991647601 181.755004883
0.991288781 -0.038217302 -0.126039624 -24.273963928 0.042570803 0.998579919 0.032029044 2.810311556 0.124636583 -0.037115641 0.991508007 182.867584229
0.991173267 -0.038548198 -0.126844808 -24.425619125 0.043151565 0.998498499 0.033744887 2.835396767 0.125353545 -0.038920581 0.991348386 183.970062256
0.991008162 -0.039050858 -0.127976134 -24.564409256 0.043892838 0.998414695 0.035234768 2.865222692 0.126397312 -0.040535178 0.991151154 185.044357300
0.990827858 -0.040030558 -0.129064724 -24.701055527 0.044992384 0.998347104 0.035759699 2.896970272 0.127419919 -0.041238636 0.990991175 186.113479614
0.990677118 -0.040101007 -0.130194873 -24.843288422 0.045172777 0.998321712 0.036237467 2.931351662 0.128523216 -0.041780893 0.990826011 187.150878906
0.990590334 -0.040280964 -0.130798236 -24.988723755 0.045473535 0.998281717 0.036956895 2.973855257 0.129084826 -0.042557005 0.990719974 188.206054688
0.990419209 -0.040730324 -0.131950155 -25.116535187 0.046019465 0.998244464 0.037284844 3.005148411 0.130199894 -0.042999901 0.990554869 189.208908081
0.990285218 -0.041237205 -0.132795811 -25.256048203 0.046628024 0.998199046 0.037742943 3.032721996 0.131000236 -0.043568283 0.990424514 190.193283081
0.990115821 -0.042178795 -0.133759543 -25.389909744 0.047599699 0.998158932 0.037590403 3.064813852 0.131927758 -0.043585766 0.990300655 191.177291870
0.989998221 -0.042872123 -0.134408176 -25.522943497 0.048303735 0.998131752 0.037412766 3.093671560 0.132553101 -0.043530986 0.990219533 192.120880127
0.989863336 -0.043556862 -0.135179132 -25.661531448 0.048979614 0.998112321 0.037050698 3.127654076 0.133310154 -0.043296147 0.990128219 193.074569702
0.989744604 -0.043508347 -0.136061385 -25.782913208 0.048963975 0.998114645 0.037009086 3.158246517 0.134194657 -0.043291651 0.990008891 193.990875244
0.989669740 -0.043982822 -0.136452749 -25.912570953 0.049325202 0.998133063 0.036019418 3.186505318 0.134613767 -0.042377885 0.989991546 194.906951904
0.989631653 -0.044438012 -0.136581346 -26.042938232 0.049714826 0.998133481 0.035468236 3.218804359 0.134750277 -0.041890606 0.989993691 195.816787720
0.989595652 -0.044879589 -0.136697859 -26.163301468 0.050135106 0.998120248 0.035247464 3.241070271 0.134859011 -0.041734099 0.989985526 196.690399170
0.989583373 -0.044722978 -0.136837780 -26.284559250 0.049972031 0.998131335 0.035166353 3.270944357 0.135009333 -0.041638099 0.989969075 197.551300049
0.989591599 -0.045796923 -0.136422619 -26.412504196 0.050928719 0.998110831 0.034365483 3.297256708 0.134591058 -0.040955622 0.990054488 198.461517334
0.989609361 -0.046058688 -0.136205420 -26.532859802 0.051212199 0.998089075 0.034575686 3.320189714 0.134352639 -0.041191801 0.990077078 199.310745239
0.989609301 -0.045702945 -0.136325747 -26.639877319 0.050821986 0.998118281 0.034307249 3.349916935 0.134501293 -0.040879115 0.990069866 200.132980347
0.989673376 -0.046061974 -0.135738477 -26.768526077 0.051186528 0.998092830 0.034506179 3.371859550 0.133890182 -0.041097827 0.990143597 200.948699951
0.989712477 -0.045444671 -0.135661319 -26.876964569 0.050559048 0.998125255 0.034493621 3.402065516 0.133839443 -0.040997673 0.990154624 201.738357544
0.989748180 -0.046259418 -0.135124251 -26.991638184 0.051395271 0.998072982 0.034768760 3.411174774 0.133255482 -0.041357063 0.990218461 202.508041382
0.989712238 -0.046484105 -0.135310292 -27.091711044 0.051652357 0.998053849 0.034936976 3.439965963 0.133422941 -0.041566648 0.990187109 203.264770508
0.989833534 -0.046227522 -0.134508759 -27.201555252 0.051401019 0.998055935 0.035245266 3.459446192 0.132617965 -0.041800834 0.990285397 204.014373779
0.989716768 -0.047482170 -0.134930119 -27.286455154 0.052711654 0.997980356 0.035450485 3.482779026 0.132974342 -0.042198330 0.990220726 204.712478638
0.989895523 -0.047311775 -0.133672893 -27.397882462 0.052555401 0.997969866 0.035973106 3.500199080 0.131699577 -0.042634849 0.990372419 205.451431274
0.989953756 -0.047936235 -0.133017778 -27.492782593 0.053159907 0.997936904 0.035999019 3.525528669 0.131017700 -0.042708576 0.990459681 206.150558472
0.989940464 -0.048945703 -0.132748604 -27.583465576 0.054160368 0.997884572 0.035958026 3.546287775 0.130707800 -0.042786017 0.990497291 206.830413818
0.989982128 -0.049387645 -0.132273421 -27.676380157 0.054642387 0.997842550 0.036393512 3.563911915 0.130190656 -0.043256659 0.990544915 207.486999512
0.990117431 -0.049089983 -0.131368399 -27.765920639 0.054247048 0.997879505 0.035968002 3.587332249 0.129324168 -0.042738896 0.990680873 208.124191284
0.990153313 -0.049322598 -0.131010234 -27.851211548 0.054480907 0.997862637 0.036083214 3.605726480 0.128950506 -0.042865474 0.990724146 208.744689941
0.990134656 -0.049627285 -0.131036282 -27.926763535 0.054773726 0.997850895 0.035965100 3.629476786 0.128969818 -0.042787634 0.990724981 209.354125977
0.990245700 -0.050037317 -0.130037576 -28.014337540 0.055198934 0.997811854 0.036394686 3.639578342 0.127931938 -0.043217614 0.990840912 209.932052612
0.990279317 -0.049751740 -0.129890844 -28.090700150 0.054907884 0.997827053 0.036419138 3.661887646 0.127796680 -0.043197151 0.990859210 210.512893677
0.990316331 -0.049694419 -0.129630446 -28.159347534 0.054841291 0.997829974 0.036439322 3.674955845 0.127538309 -0.043195557 0.990892589 211.060974121
0.990391552 -0.049668785 -0.129064485 -28.237455368 0.054804768 0.997827888 0.036549766 3.693943501 0.126968771 -0.043271925 0.990962386 211.623275757
0.990461171 -0.049704328 -0.128515199 -28.310787201 0.054829817 0.997822702 0.036654793 3.715068579 0.126413479 -0.043351613 0.991029918 212.139785767
0.990507364 -0.049327884 -0.128304049 -28.386331558 0.054471120 0.997833729 0.036889110 3.725616693 0.126206443 -0.043527801 0.991048574 212.665603638
0.990637720 -0.049196616 -0.127344444 -28.456642151 0.054341286 0.997827590 0.037243780 3.733538151 0.125235543 -0.043815155 0.991159081 213.159027100
0.990698814 -0.049228042 -0.126855999 -28.516113281 0.054301634 0.997844398 0.036849964 3.758845091 0.124768503 -0.043395706 0.991236389 213.642364502
0.990745902 -0.050084572 -0.126150921 -28.584436417 0.055167392 0.997786760 0.037123360 3.768335819 0.124012403 -0.043739233 0.991316199 214.144805908
0.990721226 -0.050592229 -0.126142099 -28.645624161 0.055724707 0.997741878 0.037494723 3.775577545 0.123960316 -0.044176050 0.991303325 214.611740112
0.990757406 -0.049175899 -0.126417711 -28.692823410 0.054281507 0.997830153 0.037262276 3.806251526 0.124311008 -0.043780021 0.991276979 215.009384155
0.990784466 -0.048679192 -0.126398087 -28.759365082 0.053748667 0.997868419 0.037009377 3.817478895 0.124327071 -0.043462042 0.991288960 215.438385010
0.990658998 -0.048928916 -0.127282068 -28.804277420 0.054000806 0.997866035 0.036704943 3.830934286 0.125214517 -0.043235414 0.991187155 215.835052490
0.990544558 -0.049290132 -0.128031254 -28.848680496 0.054427307 0.997834265 0.036938556 3.841197968 0.125933260 -0.043557681 0.991082013 216.206665039
0.990523756 -0.049263552 -0.128202111 -28.902978897 0.054389928 0.997841597 0.036795765 3.854941368 0.126112714 -0.043419980 0.991065204 216.584609985
0.990443945 -0.048795059 -0.128995657 -28.950775146 0.053952228 0.997865558 0.036789961 3.868726730 0.126925156 -0.043397997 0.990962446 216.938613892
0.990382671 -0.048307672 -0.129647598 -28.999746323 0.053469773 0.997897267 0.036633488 3.880686045 0.127605319 -0.043213401 0.990883172 217.280197144
0.990275681 -0.048044134 -0.130559638 -29.040634155 0.053186402 0.997928679 0.036187150 3.890352726 0.128550634 -0.042779252 0.990779817 217.603454590
0.990205288 -0.048087906 -0.131076649 -29.082695007 0.053251144 0.997925758 0.036172718 3.896355152 0.129065305 -0.042798396 0.990712106 217.931564331
0.990165949 -0.048321005 -0.131287545 -29.141429901 0.053405643 0.997942150 0.035486091 3.902587175 0.129302651 -0.042148616 0.990709007 218.249084473
0.990070343 -0.048001546 -0.132123113 -29.176071167 0.053083461 0.997969091 0.035211876 3.913601875 0.130164564 -0.041875787 0.990607679 218.535049438
0.990055144 -0.047823787 -0.132301673 -29.223419189 0.052882478 0.997987628 0.034988385 3.925510883 0.130362153 -0.041636869 0.990591764 218.825668335
0.989950120 -0.047895487 -0.133059278 -29.254304886 0.052924223 0.998001873 0.034515113 3.932887554 0.131140292 -0.041210297 0.990506887 219.090744019
0.989901841 -0.048480164 -0.133206576 -29.290735245 0.053506281 0.997974396 0.034412760 3.941131115 0.131268412 -0.041192647 0.990490675 219.338775635
0.989916980 -0.048690554 -0.133017465 -29.327516556 0.053659294 0.997979403 0.034026165 3.945288897 0.131091937 -0.040820699 0.990529418 219.578155518
0.989865899 -0.048996147 -0.133284763 -29.356117249 0.053921998 0.997979701 0.033600170 3.950955391 0.131369203 -0.040446643 0.990508080 219.800323486
0.989836812 -0.048990574 -0.133502975 -29.390697479 0.053900987 0.997986972 0.033416688 3.955036640 0.131597131 -0.040273011 0.990484893 220.015243530
0.989805341 -0.048751753 -0.133823171 -29.420356750 0.053601541 0.998021007 0.032877855 3.964482546 0.131955475 -0.039715804 0.990459681 220.221206665
0.989752471 -0.048902150 -0.134159014 -29.440704346 0.053741463 0.998019695 0.032688346 3.969219923 0.132294804 -0.039563272 0.990420520 220.408554077
0.989773512 -0.048568521 -0.134124741 -29.469604492 0.053427082 0.998030841 0.032863669 3.976213217 0.132264480 -0.039693486 0.990419388 220.584991455
0.989741445 -0.048727315 -0.134303764 -29.491579056 0.053592052 0.998022556 0.032845821 3.978621006 0.132437706 -0.039706483 0.990395725 220.755661011
0.989728451 -0.048973754 -0.134309962 -29.517101288 0.053805675 0.998019695 0.032583103 3.984612703 0.132448271 -0.039475061 0.990403533 220.912796021
0.989719033 -0.049014360 -0.134364679 -29.536989212 0.053858370 0.998014510 0.032654516 3.986651182 0.132497355 -0.039555456 0.990393758 221.057174683
0.989726424 -0.049151551 -0.134260029 -29.561256409 0.053956646 0.998017967 0.032386348 3.994793892 0.132402077 -0.039297841 0.990416765 221.200744629
0.989718080 -0.048808914 -0.134446383 -29.579814911 0.053578053 0.998048127 0.032083616 4.000065804 0.132617995 -0.038957108 0.990401328 221.322402954
0.989685953 -0.048895415 -0.134651229 -29.593416214 0.053644389 0.998051465 0.031867191 4.004195213 0.132830694 -0.038761795 0.990380526 221.445907593
0.989653885 -0.048970710 -0.134859368 -29.610177994 0.053699747 0.998055339 0.031652872 4.005773067 0.133047044 -0.038567301 0.990359068 221.561096191
0.989626527 -0.049426183 -0.134893924 -29.625139236 0.054084271 0.998052359 0.031085961 4.011313438 0.133094743 -0.038059130 0.990372300 221.661636353
0.989614844 -0.049435694 -0.134976402 -29.639205933 0.054082707 0.998055756 0.030979235 4.005994320 0.133182511 -0.037957396 0.990364432 221.770263672
0.989603519 -0.049179550 -0.135152802 -29.652681351 0.053822190 0.998071969 0.030912403 4.009394169 0.133371964 -0.037865240 0.990342438 221.865768433
0.989594340 -0.049408145 -0.135136470 -29.664485931 0.054037355 0.998063684 0.030802833 4.012822628 0.133352906 -0.037784729 0.990348101 221.948089600
0.989551306 -0.050014026 -0.135228872 -29.676626205 0.054629337 0.998036623 0.030634718 4.014251709 0.133431211 -0.037702087 0.990340710 222.030700684
0.989538848 -0.050072558 -0.135298312 -29.689489365 0.054705929 0.998029053 0.030745219 4.017107487 0.133492157 -0.037825208 0.990327775 222.105117798
0.989510953 -0.050326064 -0.135408074 -29.694868088 0.054959126 0.998016655 0.030695396 4.018734455 0.133594736 -0.037815340 0.990314305 222.174697876
0.989502668 -0.050208833 -0.135512263 -29.700658798 0.054823954 0.998028874 0.030540282 4.021741390 0.133711755 -0.037649006 0.990304887 222.233001709
0.989511788 -0.049932439 -0.135547712 -29.710430145 0.054565817 0.998038650 0.030683044 4.020897865 0.133749783 -0.037757505 0.990295589 222.287918091
0.989521921 -0.050035998 -0.135435686 -29.719402313 0.054660134 0.998034775 0.030639855 4.022579193 0.133636430 -0.037721738 0.990312278 222.339569092
0.989492655 -0.050076880 -0.135634243 -29.724067688 0.054694030 0.998036325 0.030529121 4.024964333 0.133839101 -0.037626721 0.990288496 222.381103516
0.989482403 -0.049870733 -0.135784790 -29.723491669 0.054490693 0.998047709 0.030520407 4.028415680 0.133997634 -0.037598412 0.990268171 222.413513184
0.989469707 -0.049874187 -0.135875762 -29.727767944 0.054508619 0.998044252 0.030601339 4.025296211 0.134083807 -0.037685499 0.990253150 222.439971924
0.989491701 -0.049584392 -0.135821775 -29.732278824 0.054198615 0.998064697 0.030485904 4.029712677 0.134047300 -0.037526898 0.990264118 222.464019775
0.989510894 -0.049864434 -0.135579392 -29.737957001 0.054457158 0.998053908 0.030377461 4.028569698 0.133800790 -0.037442096 0.990300655 222.490768433
0.989488959 -0.050120898 -0.135644883 -29.737577438 0.054682627 0.998049617 0.030113287 4.031320095 0.133871019 -0.037214186 0.990299761 222.501098633
0.989501536 -0.050049294 -0.135579601 -29.738908768 0.054607280 0.998053849 0.030108465 4.031091213 0.133808836 -0.037196003 0.990308881 222.505737305
0.989517152 -0.049854375 -0.135537431 -29.741930008 0.054436937 0.998056948 0.030314703 4.030650139 0.133762747 -0.037375160 0.990308344 222.510787964
0.989508867 -0.049948912 -0.135562852 -29.739236832 0.054512173 0.998057544 0.030158632 4.029389381 0.133793145 -0.037232056 0.990309656 222.505020142
0.989498198 -0.050286993 -0.135516018 -29.739429474 0.054694705 0.998081923 0.028998569 4.029419899 0.133797839 -0.036106039 0.990350664 222.505187988
0.989524662 -0.050137326 -0.135377750 -29.739055634 0.054463945 0.998110473 0.028445061 4.028708458 0.133695796 -0.035520297 0.990385652 222.506546021
0.989506602 -0.050301671 -0.135448799 -29.739004135 0.054645278 0.998097837 0.028541233 4.030342102 0.133755475 -0.035643376 0.990373194 222.507492065
0.989512444 -0.050243072 -0.135428011 -29.740858078 0.054588865 0.998100221 0.028566793 4.026159286 0.133735433 -0.035660058 0.990375280 222.504974365
0.989520252 -0.050309323 -0.135346472 -29.741584778 0.054624222 0.998104274 0.028355561 4.026947021 0.133663341 -0.035451598 0.990392506 222.506469727
0.989524603 -0.049816966 -0.135496676 -29.739755630 0.054208796 0.998110831 0.028916461 4.026460648 0.133800164 -0.035958659 0.990355730 222.505691528
0.989493072 -0.050467383 -0.135486260 -29.739057541 0.054777410 0.998098254 0.028271958 4.028589249 0.133801788 -0.035396494 0.990375757 222.504669189
0.989506602 -0.050548911 -0.135357112 -29.740678787 0.054843195 0.998097122 0.028184544 4.031903267 0.133674845 -0.035312209 0.990395904 222.510116577
0.989506602 -0.050323494 -0.135441005 -29.739599228 0.054644115 0.998102725 0.028371729 4.030794621 0.133756265 -0.035475064 0.990379095 222.510726929
0.989489377 -0.050693411 -0.135428712 -29.739656448 0.054966576 0.998095512 0.027999789 4.032359123 0.133751377 -0.035149544 0.990391374 222.507644653
0.989484310 -0.050719097 -0.135456070 -29.739751816 0.054994546 0.998093784 0.028007792 4.032750607 0.133777320 -0.035162617 0.990387380 222.509063721
0.989487231 -0.050741605 -0.135426491 -29.740110397 0.055013284 0.998093307 0.027986284 4.032674313 0.133748204 -0.035142325 0.990392089 222.507247925
0.989508450 -0.050516315 -0.135355741 -29.740840912 0.054807354 0.998099685 0.028162995 4.031984329 0.133675829 -0.035286009 0.990396738 222.509704590
0.989495516 -0.050678700 -0.135389611 -29.740158081 0.054962862 0.998093128 0.028092559 4.032836914 0.133707747 -0.035238862 0.990394115 222.509658813
0.989491820 -0.050675020 -0.135417745 -29.739336014 0.054948576 0.998096347 0.028006779 4.032556534 0.133740708 -0.035153490 0.990392685 222.508224487
0.989514112 -0.050471403 -0.135330901 -29.742311478 0.054773569 0.998098969 0.028254939 4.031040668 0.133647561 -0.035371218 0.990397513 222.509078979
0.989495397 -0.050757818 -0.135360450 -29.741043091 0.055030651 0.998091698 0.028011298 4.031238556 0.133680344 -0.035166025 0.990400374 222.507553101
0.989514172 -0.050549455 -0.135301441 -29.742271423 0.054832082 0.998099744 0.028112955 4.031191826 0.133623242 -0.035237025 0.990405560 222.508590698
0.989510477 -0.050639477 -0.135294706 -29.741271973 0.054916929 0.998096287 0.028070614 4.032213211 0.133615658 -0.035206135 0.990407705 222.509689331
0.989472508 -0.050518844 -0.135617152 -29.739839554 0.054837503 0.998094261 0.028297549 4.028466225 0.133929148 -0.035436552 0.990357101 222.500915527
0.989501595 -0.050687123 -0.135341823 -29.741472244 0.054964185 0.998094201 0.028052144 4.031848431 0.133662000 -0.035196591 0.990401745 222.509429932
0.989530087 -0.050488923 -0.135207579 -29.743507385 0.054764222 0.998104215 0.028087486 4.032195091 0.133533150 -0.035197947 0.990419090 222.510253906
0.989521086 -0.050553329 -0.135249525 -29.742980957 0.054843817 0.998097062 0.028184799 4.031423092 0.133567318 -0.035307053 0.990410626 222.508422852
0.989499986 -0.050484177 -0.135429472 -29.741949081 0.054793179 0.998097181 0.028278437 4.029316902 0.133744165 -0.035402123 0.990383327 222.503967285
0.989525497 -0.050453335 -0.135254249 -29.742149353 0.054739859 0.998103440 0.028160568 4.031925678 0.133576944 -0.035269398 0.990410686 222.509170532
0.989522278 -0.050609577 -0.135219410 -29.741346359 0.054890420 0.998096406 0.028117688 4.030848503 0.133538976 -0.035245329 0.990416646 222.510253906
0.989545941 -0.050477024 -0.135096058 -29.744945526 0.054755852 0.998103082 0.028144114 4.031811237 0.133419171 -0.035247192 0.990432739 222.511474609
0.989521801 -0.050690796 -0.135192737 -29.743057251 0.054970730 0.998092115 0.028112836 4.030614853 0.133509740 -0.035249908 0.990420401 222.508331299
0.989520788 -0.050697200 -0.135197669 -29.743152618 0.054985885 0.998089492 0.028176028 4.030107498 0.133510932 -0.035314728 0.990417957 222.508468628
0.989513516 -0.050585862 -0.135292396 -29.741641998 0.054885436 0.998093247 0.028238649 4.030304909 0.133605942 -0.035368107 0.990403235 222.505599976
0.989527166 -0.050587397 -0.135192186 -29.742065430 0.054880384 0.998094141 0.028216464 4.029086590 0.133507133 -0.035340358 0.990417540 222.507110596
0.989518046 -0.050568342 -0.135266036 -29.742340088 0.054858606 0.998096466 0.028177790 4.030170441 0.133583650 -0.035302937 0.990408540 222.506973267
0.989525259 -0.050455619 -0.135255456 -29.741641998 0.054737046 0.998104692 0.028122339 4.032155991 0.133580163 -0.035231248 0.990411580 222.511077881
0.989493132 -0.050484467 -0.135479540 -29.740623474 0.054815203 0.998091817 0.028425932 4.026889324 0.133785948 -0.035553601 0.990372300 222.503097534
0.989513874 -0.050654892 -0.135263950 -29.742401123 0.054957997 0.998088419 0.028267987 4.028132915 0.133573472 -0.035405401 0.990406275 222.508010864
0.989525378 -0.050494008 -0.135240227 -29.742362976 0.054793350 0.998097837 0.028256776 4.029373169 0.133556187 -0.035371061 0.990409851 222.508178711
0.989533722 -0.050464790 -0.135189891 -29.742954254 0.054767206 0.998098195 0.028294917 4.029572487 0.133504897 -0.035402745 0.990415633 222.508499146
0.989494026 -0.050263193 -0.135554910 -29.740371704 0.054592725 0.998104453 0.028411068 4.027172089 0.133869931 -0.035512894 0.990362406 222.501739502
0.989521146 -0.050525088 -0.135259584 -29.741615295 0.054824814 0.998096228 0.028252438 4.029068947 0.133574620 -0.035371963 0.990407288 222.507659912
0.989519656 -0.050426263 -0.135307103 -29.741165161 0.054724626 0.998102188 0.028236000 4.030615330 0.133626476 -0.035344709 0.990401268 222.509857178
0.989479482 -0.050422188 -0.135602310 -29.738897324 0.054740295 0.998099387 0.028303679 4.027961731 0.133917451 -0.035428818 0.990359008 222.501281738
0.989494920 -0.050231960 -0.135560364 -29.738763809 0.054565560 0.998105049 0.028441712 4.027566910 0.133874789 -0.035539854 0.990360796 222.502700806
0.989488542 -0.050365932 -0.135557085 -29.739353180 0.054684736 0.998101830 0.028324511 4.029657841 0.133873180 -0.035439681 0.990364552 222.501953125
0.989477396 -0.050455127 -0.135605261 -29.738922119 0.054774094 0.998097420 0.028307132 4.028585911 0.133919030 -0.035436921 0.990358472 222.501953125
0.989495814 -0.050470032 -0.135465190 -29.741001129 0.054793656 0.998094380 0.028378069 4.027820110 0.133774802 -0.035502613 0.990375638 222.502105713
0.989492953 -0.050569460 -0.135448977 -29.741628647 0.054878514 0.998092830 0.028268114 4.027913094 0.133761138 -0.035404336 0.990381002 222.502624512
0.989496350 -0.050364830 -0.135500461 -29.740825653 0.054686181 0.998100817 0.028358558 4.028673172 0.133814842 -0.035470694 0.990371346 222.502197266
0.989504516 -0.050394531 -0.135429919 -29.742784500 0.054722033 0.998097062 0.028421093 4.027553082 0.133739933 -0.035533801 0.990379214 222.503341675
0.989521205 -0.050645087 -0.135214329 -29.743616104 0.054940015 0.998090744 0.028221224 4.029136658 0.133526906 -0.035354175 0.990414381 222.508682251
0.989509284 -0.050566949 -0.135330394 -29.741859436 0.054868385 0.998094082 0.028243510 4.028988361 0.133644268 -0.035372578 0.990397871 222.507583618
0.989528239 -0.050542567 -0.135201141 -29.743515015 0.054830428 0.998097956 0.028178915 4.030388832 0.133519754 -0.035296969 0.990417361 222.509033203
0.989531279 -0.050386604 -0.135236934 -29.742919922 0.054704003 0.998098671 0.028398475 4.027661800 0.133548900 -0.035499182 0.990406215 222.508056641
0.989543498 -0.050459284 -0.135120407 -29.744846344 0.054759637 0.998098493 0.028298510 4.028626442 0.133435547 -0.035401750 0.990424991 222.509735107
0.989504158 -0.050676607 -0.135327116 -29.740970612 0.054881889 0.998113394 0.027524846 4.028693676 0.133676946 -0.034662955 0.990418553 222.510803223
0.989511967 -0.050545897 -0.135318682 -29.741962433 0.054569282 0.998166502 0.026188090 4.030431271 0.133746877 -0.033297673 0.990455985 222.522323608
0.989490986 -0.050987992 -0.135306284 -29.744680405 0.054923382 0.998164654 0.025510879 4.030146599 0.133757204 -0.032674264 0.990475357 222.541244507
0.989477634 -0.050629739 -0.135538504 -29.749038696 0.054611325 0.998173833 0.025818536 4.031192780 0.133983791 -0.032948799 0.990435600 222.565582275
0.989445567 -0.050911300 -0.135666937 -29.752042770 0.054910321 0.998155415 0.025897134 4.030885220 0.134098232 -0.033073321 0.990415990 222.599655151
0.989490211 -0.050803449 -0.135381401 -29.763721466 0.054802395 0.998159289 0.025974751 4.031320095 0.133812606 -0.033120986 0.990453005 222.642440796
0.989464641 -0.050721064 -0.135599062 -29.768772125 0.054702859 0.998169303 0.025799109 4.034977436 0.134042263 -0.032944962 0.990427852 222.694534302
0.989461005 -0.050768442 -0.135607660 -29.778068542 0.054660469 0.998188674 0.025130743 4.036990166 0.134086177 -0.032278270 0.990443826 222.749237061
0.989487231 -0.050696824 -0.135443285 -29.784456253 0.054472119 0.998219252 0.024312152 4.038704872 0.133969560 -0.031434447 0.990486741 222.818862915
0.989554822 -0.050836768 -0.134895653 -29.792360306 0.054362126 0.998265982 0.022578109 4.043197632 0.133513942 -0.029675489 0.990602553 222.907760620
0.989705563 -0.051030613 -0.133711368 -29.809156418 0.054320116 0.998301268 0.021067724 4.045280933 0.132409140 -0.028114060 0.990796328 223.014968872
0.989930451 -0.051030412 -0.132036388 -29.826372147 0.054119676 0.998335898 0.019912865 4.050129890 0.130800501 -0.026858117 0.991044819 223.139862061
0.990238070 -0.051182102 -0.129649401 -29.843458176 0.054167468 0.998339415 0.019603489 4.053211212 0.128430754 -0.026434900 0.991366088 223.285079956
0.990552008 -0.051583551 -0.127066165 -29.860010147 0.054519292 0.998317719 0.019733224 4.057416916 0.125834480 -0.026474340 0.991697907 223.451477051
0.990969896 -0.051865932 -0.123647027 -29.884437561 0.054652695 0.998319805 0.019251470 4.061069965 0.122440785 -0.025835270 0.992139518 223.637130737
0.991392195 -0.052122708 -0.120103113 -29.906730652 0.054765590 0.998322070 0.018808233 4.069482327 0.118921258 -0.025223851 0.992583215 223.846359253
0.991815448 -0.052533798 -0.116371326 -29.936717987 0.055186819 0.998281837 0.019692196 4.074531555 0.115136877 -0.025953187 0.993010521 224.070327759
0.992232919 -0.052813921 -0.112625800 -29.956190109 0.055471383 0.998247921 0.020591594 4.087955952 0.111340947 -0.026679166 0.993424058 224.310775757
0.992689550 -0.052801155 -0.108533345 -29.982963562 0.055373535 0.998248518 0.020823592 4.097286224 0.107243747 -0.026681237 0.993874669 224.575714111
0.993181765 -0.052497383 -0.104086347 -30.009830475 0.055044077 0.998247087 0.021745536 4.104398727 0.102762304 -0.027326606 0.994330525 224.849792480
0.993662775 -0.052547723 -0.099362917 -30.041124344 0.055071950 0.998221278 0.022832366 4.105192661 0.097986393 -0.028159780 0.994789243 225.169982910
0.994071901 -0.052686512 -0.095106117 -30.075853348 0.055078182 0.998224020 0.022698114 4.123659611 0.093741328 -0.027801828 0.995208323 225.497222900
0.994335830 -0.053246900 -0.091984004 -30.102952957 0.055625249 0.998175442 0.023487028 4.132454872 0.090565562 -0.028470626 0.995483458 225.823059082
0.994540274 -0.054141000 -0.089209713 -30.141307831 0.056510404 0.998107493 0.024250032 4.139140606 0.087727964 -0.029158911 0.995717585 226.175018311
0.994640708 -0.054584365 -0.087809280 -30.176033020 0.057043750 0.998039663 0.025745258 4.145791531 0.086231858 -0.030616250 0.995804548 226.529159546
0.994588733 -0.055677649 -0.087710865 -30.198112488 0.058222294 0.997945905 0.026723698 4.158737183 0.086042784 -0.031685818 0.995787442 226.920593262
0.994505644 -0.056280814 -0.088266298 -30.242181778 0.058813050 0.997921109 0.026353216 4.169114113 0.086599626 -0.031399634 0.995748222 227.322570801
0.994239450 -0.057267521 -0.090599753 -30.280158997 0.059842110 0.997870266 0.025958451 4.181051254 0.088920228 -0.031230595 0.995549023 227.737289429
0.993887067 -0.057296976 -0.094369285 -30.322364807 0.059991851 0.997860968 0.025969362 4.196104527 0.092679463 -0.031472001 0.995198488 228.158187866
0.993402719 -0.057249703 -0.099365376 -30.364406586 0.060028195 0.997878551 0.025199153 4.215021610 0.097711936 -0.030997632 0.994731903 228.609832764
0.992736518 -0.057841521 -0.105491765 -30.426136017 0.060724389 0.997858226 0.024321141 4.232065201 0.103859052 -0.030550409 0.994122744 229.060623169
0.991857767 -0.058624636 -0.113054432 -30.490955353 0.061709989 0.997805893 0.023984237 4.231149673 0.111400314 -0.030765539 0.993299305 229.526107788
0.990468562 -0.060046546 -0.123961225 -30.554943085 0.063356549 0.997727454 0.022931192 4.245024681 0.122302577 -0.030566381 0.992022038 230.006118774
0.988681972 -0.061622199 -0.136787072 -30.634363174 0.065233536 0.997625887 0.022073144 4.260823727 0.135102123 -0.030746423 0.990354538 230.514312744
0.986435354 -0.063038044 -0.151563495 -30.720020294 0.067025721 0.997522950 0.021341877 4.275017738 0.149842709 -0.031211033 0.988217115 231.031921387
0.983607054 -0.064483359 -0.168401495 -30.821666718 0.068842478 0.997423589 0.020170396 4.286776543 0.166666970 -0.031432919 0.985512078 231.545883179
0.979698479 -0.065971479 -0.189311042 -30.933935165 0.070731975 0.997323930 0.018493766 4.305546761 0.187584370 -0.031508658 0.981742978 232.085266113
0.974753141 -0.067360446 -0.212882355 -31.054893494 0.072696641 0.997203529 0.017329765 4.312914371 0.211119696 -0.032368071 0.976924121 232.576782227
0.968730330 -0.068299390 -0.238530338 -31.190429688 0.074094750 0.997132242 0.015403938 4.325134277 0.236794204 -0.032596104 0.971012890 233.089508057
0.961608946 -0.067851439 -0.265902936 -31.354799271 0.074165493 0.997150958 0.013764708 4.330865860 0.264211416 -0.032957088 0.963901520 233.632980347
0.953319609 -0.066826761 -0.294475704 -31.532073975 0.073727883 0.997201502 0.012382994 4.339237690 0.292824090 -0.033516020 0.955578744 234.145767212
0.943975389 -0.066623032 -0.323221028 -31.738477707 0.074051253 0.997196794 0.010724218 4.347385883 0.321600497 -0.034058318 0.946262717 234.659362793
0.932563484 -0.067641541 -0.354612410 -31.946300507 0.075573534 0.997103572 0.008548751 4.355204582 0.353007078 -0.034771565 0.934974313 235.199279785
0.919121802 -0.068578094 -0.387958974 -32.188400269 0.077082239 0.997004330 0.006380337 4.361114025 0.386359215 -0.035769049 0.921654582 235.737564087
0.904068232 -0.068368554 -0.421884328 -32.435703278 0.077365294 0.996993899 0.004220284 4.357250690 0.420327574 -0.036454629 0.906639814 236.203338623
0.887597561 -0.067207836 -0.455690384 -32.723541260 0.075864248 0.997117877 0.000708347 4.366884232 0.454329431 -0.035199337 0.890138090 236.691055298
0.869120598 -0.065615080 -0.490228593 -33.036239624 0.074249633 0.997237980 -0.001839883 4.367478371 0.488995284 -0.034800209 0.871591985 237.184448242
0.848081708 -0.064291686 -0.525950670 -33.366996765 0.073252216 0.997306228 -0.003792450 4.372026443 0.524777710 -0.035310738 0.850506663 237.669235229
0.825109959 -0.063299552 -0.561414897 -33.713977814 0.073399462 0.997292161 -0.004569727 4.367609501 0.560183942 -0.037437022 0.827521861 238.131378174
0.800115347 -0.060051791 -0.596832693 -34.077705383 0.071021602 0.997461498 -0.005150311 4.355919361 0.595626891 -0.038267169 0.802349210 238.580322266
0.773952544 -0.057185229 -0.630656302 -34.482967377 0.068584524 0.997625470 -0.006292289 4.349809647 0.629518628 -0.038383327 0.776036799 239.024414062
0.745809078 -0.054840587 -0.663898587 -34.892860413 0.066211663 0.997773230 -0.008039192 4.342540741 0.662861049 -0.037962127 0.747779369 239.443206787
0.715225101 -0.054404154 -0.696773410 -35.313392639 0.065806054 0.997778654 -0.010357974 4.336365223 0.695789158 -0.038443632 0.717216492 239.856231689
0.683427751 -0.053645618 -0.728044450 -35.778045654 0.064002573 0.997859120 -0.013446480 4.334256649 0.727207184 -0.037407015 0.685398102 240.255996704
0.650079787 -0.051555328 -0.758114994 -36.271835327 0.061758179 0.997979760 -0.014909917 4.325556278 0.757352114 -0.037127163 0.651950479 240.644073486
0.614181757 -0.049331330 -0.787621260 -36.762580872 0.059995323 0.998074710 -0.015728775 4.315391541 0.786880791 -0.037593260 0.615958929 240.994400024
0.575746059 -0.048314929 -0.816199839 -37.271278381 0.060631532 0.998026967 -0.016308796 4.304415703 0.815377414 -0.040097721 0.577539504 241.333801270
0.536238074 -0.045682315 -0.842829704 -37.821754456 0.059233051 0.998109221 -0.016412476 4.297124863 0.841985881 -0.041122377 0.537930131 241.655731201
0.495316625 -0.041902427 -0.867701411 -38.379695892 0.057747707 0.998214900 -0.015240525 4.285661697 0.866791070 -0.042558875 0.496852219 241.942626953
0.452526867 -0.037212990 -0.890974045 -38.971298218 0.054697663 0.998405933 -0.013919042 4.283457756 0.890071750 -0.042435449 0.453840971 242.212524414
0.408618569 -0.032864414 -0.912113369 -39.580291748 0.053902760 0.998476148 -0.011828203 4.273415089 0.911112189 -0.044332203 0.409767389 242.464355469
0.362717807 -0.029846061 -0.931420982 -40.205436707 0.054061819 0.998477638 -0.010941818 4.263135433 0.930329621 -0.046385519 0.363779187 242.681991577
0.316037118 -0.027586501 -0.948345721 -40.844429016 0.053722005 0.998493791 -0.011142351 4.253470898 0.947224677 -0.047425635 0.317043066 242.867279053
0.267633736 -0.025993003 -0.963170111 -41.510208130 0.052429724 0.998547912 -0.012379220 4.250429153 0.962093234 -0.047185641 0.268607914 243.031692505
0.220413744 -0.024880825 -0.975089073 -42.182296753 0.049470454 0.998673201 -0.014300071 4.240808964 0.974151134 -0.045086168 0.221352160 243.148895264
0.172525346 -0.023878567 -0.984715641 -42.872863770 0.045302063 0.998840630 -0.016284017 4.236355782 0.983962834 -0.041800242 0.173407078 243.249298096
0.127654612 -0.022708384 -0.991558731 -43.562774658 0.042981818 0.998925328 -0.017343553 4.224211693 0.990886986 -0.040405013 0.128493488 243.313873291
0.084498644 -0.021852430 -0.996183991 -44.280807495 0.040050723 0.999026060 -0.018517578 4.217750072 0.995618403 -0.038333178 0.085291564 243.361846924
0.043969274 -0.021216866 -0.998807728 -45.003356934 0.037772253 0.999094903 -0.019560164 4.207468033 0.998318732 -0.036867164 0.044730902 243.372024536
0.005984664 -0.021731555 -0.999745905 -45.727233887 0.035593316 0.999134958 -0.021505207 4.195106030 0.999348402 -0.035455573 0.006753027 243.363540649
-0.029663444 -0.024659757 -0.999255836 -46.458251953 0.033650499 0.999104321 -0.025654949 4.182257652 0.998993456 -0.034386463 -0.028807044 243.335266113
-0.062722802 -0.027497506 -0.997652113 -47.189483643 0.030850343 0.999089301 -0.029476689 4.163626194 0.997554064 -0.032626770 -0.061817288 243.270370483
-0.094663978 -0.029070878 -0.995084882 -47.954238892 0.028798983 0.999075234 -0.031927146 4.151468754 0.995092809 -0.031679772 -0.093739152 243.171356201
-0.125927687 -0.028996615 -0.991615593 -48.684234619 0.027447037 0.999088228 -0.032700695 4.134129047 0.991659701 -0.031334832 -0.125016928 243.088760376
-0.156458259 -0.026971485 -0.987316310 -49.426757812 0.026950374 0.999138296 -0.031565212 4.109821796 0.987316906 -0.031547174 -0.155596495 242.962982178
-0.186712503 -0.026123004 -0.982067168 -50.176803589 0.024389800 0.999215007 -0.031216174 4.090837479 0.982111752 -0.029780876 -0.185928822 242.809448242
-0.216103554 -0.025004381 -0.976050377 -50.905578613 0.022583069 0.999276578 -0.030599423 4.076440811 0.976109385 -0.028654851 -0.215382576 242.634017944
-0.244318247 -0.022846684 -0.969425917 -51.673614502 0.020446228 0.999378800 -0.028705522 4.054274559 0.969479501 -0.026834387 -0.243699431 242.430221558
-0.272079110 -0.022366237 -0.962015152 -52.409027100 0.018377414 0.999426723 -0.028433571 4.041847229 0.962099612 -0.025415523 -0.271512032 242.206268311
-0.299184322 -0.022797314 -0.953923047 -53.164581299 0.015596049 0.999464154 -0.028777156 4.019716263 0.954067945 -0.023487102 -0.298668504 241.957931519
-0.325504303 -0.025731388 -0.945190489 -53.907775879 0.012951708 0.999414504 -0.031667858 4.012789726 0.945451975 -0.022549851 -0.324980497 241.679840088
-0.350725174 -0.027667465 -0.936069906 -54.637664795 0.010628814 0.999381483 -0.033521157 3.987976789 0.936418355 -0.021706015 -0.350214124 241.380065918
-0.375834465 -0.027343750 -0.926283300 -55.419036865 0.010270723 0.999380291 -0.033668853 3.974045515 0.926629901 -0.022167515 -0.375320673 241.064514160
-0.401222944 -0.025010381 -0.915639102 -56.167816162 0.009635255 0.999456644 -0.031521894 3.959991693 0.915929914 -0.021469720 -0.400763988 240.719329834
-0.426923394 -0.021871088 -0.904023349 -56.925292969 0.009917955 0.999534070 -0.028865522 3.939095259 0.904233456 -0.021289429 -0.426507592 240.352264404
-0.452986598 -0.021419477 -0.891259909 -57.721191406 0.009755400 0.999532402 -0.028979789 3.916267872 0.891463876 -0.021822054 -0.452565789 239.935134888
-0.478654742 -0.022376569 -0.877717972 -58.469268799 0.009641948 0.999480963 -0.030738937 3.900927782 0.877950251 -0.023176251 -0.478190541 239.513061523
-0.503662944 -0.022368154 -0.863610864 -59.233581543 0.010112951 0.999443591 -0.031784255 3.879996777 0.863841295 -0.024742199 -0.503156543 239.048736572
-0.528973699 -0.020664264 -0.848386586 -60.000305176 0.009782286 0.999488592 -0.030443985 3.849619150 0.848581791 -0.024403229 -0.528501034 238.571594238
-0.553324223 -0.018185932 -0.832767487 -60.737976074 0.009482471 0.999559343 -0.028128861 3.833376646 0.832912087 -0.023461072 -0.552907944 238.072937012
-0.576876044 -0.015531531 -0.816684127 -61.494628906 0.008151331 0.999659956 -0.024769131 3.808317661 0.816791117 -0.020945780 -0.576553226 237.534484863
-0.599015713 -0.014362453 -0.800608575 -62.216644287 0.006234313 0.999725163 -0.022599006 3.799072742 0.800713122 -0.018528404 -0.598761559 236.970077515
-0.620431423 -0.013143167 -0.784150481 -62.944458008 0.004871112 0.999775708 -0.020611363 3.771821260 0.784245491 -0.016607622 -0.620228291 236.377716064
-0.640902758 -0.014714251 -0.767481089 -63.651062012 0.001897189 0.999782860 -0.020752264 3.766295671 0.767619789 -0.014756239 -0.640735626 235.766510010
-0.661001563 -0.016172038 -0.750210166 -64.348266602 -0.001370623 0.999792099 -0.020344555 3.738796711 0.750383198 -0.012419529 -0.660886407 235.137680054
-0.679961562 -0.016527098 -0.733061671 -65.026336670 -0.004439552 0.999820411 -0.018423287 3.731830359 0.733234465 -0.009272660 -0.679912806 234.485839844
-0.697587490 -0.013352660 -0.716375291 -65.682250977 -0.004824501 0.999891222 -0.013939197 3.714758396 0.716483474 -0.006267655 -0.697576046 233.825820923
-0.714964867 -0.011610559 -0.699064314 -66.360351562 -0.006050199 0.999927402 -0.010419698 3.701704264 0.699134529 -0.003220238 -0.714983106 233.120040894
-0.731293797 -0.011184211 -0.681971252 -66.991516113 -0.006542173 0.999934554 -0.009383433 3.701588392 0.682031572 -0.002400471 -0.731319189 232.414108276
-0.748154402 -0.010275608 -0.663445413 -67.629760742 -0.005146481 0.999939859 -0.009683735 3.694822073 0.663505018 -0.003830518 -0.748162270 231.683029175
-0.765043736 -0.010167689 -0.643898070 -68.250457764 -0.004672116 0.999936640 -0.010238688 3.684768438 0.643961430 -0.004824677 -0.765042782 230.938049316
-0.781179905 -0.010820874 -0.624212325 -68.843658447 -0.005426675 0.999929726 -0.010542734 3.678945541 0.624282539 -0.004848374 -0.781183720 230.174087524
-0.796977520 -0.011329740 -0.603902936 -69.422576904 -0.006070345 0.999923825 -0.010748333 3.673854351 0.603978693 -0.004900279 -0.796985507 229.382736206
-0.812660694 -0.012297594 -0.582607329 -69.999359131 -0.007122956 0.999912262 -0.011170419 3.670431614 0.582693577 -0.004927874 -0.812676907 228.556320190
-0.828129053 -0.012364708 -0.560401082 -70.551330566 -0.008323483 0.999917686 -0.009762242 3.668946743 0.560475707 -0.003419908 -0.828163862 227.724258423
-0.842302084 -0.010730736 -0.538899362 -71.078063965 -0.008393746 0.999941707 -0.006791700 3.666035652 0.538940787 -0.001197277 -0.842342973 226.863327026
-0.856694460 -0.009423803 -0.515738130 -71.602325439 -0.008887139 0.999954343 -0.003509165 3.667961121 0.515747666 0.001577154 -0.856739163 225.978851318
-0.870197773 -0.009320300 -0.492614418 -72.104400635 -0.010642281 0.999943376 -0.000119533 3.664260626 0.492587626 0.005138524 -0.870247722 225.053741455
-0.883170962 -0.007782304 -0.468986392 -72.578567505 -0.010403713 0.999941409 0.002998830 3.667695284 0.468935549 0.007527681 -0.883200169 224.127349854
-0.895512581 -0.008286583 -0.444958925 -73.035644531 -0.011575970 0.999922037 0.004675690 3.667847157 0.444885492 0.009337970 -0.895538688 223.172241211
-0.907508731 -0.009090454 -0.419935107 -73.469589233 -0.012643351 0.999903977 0.005677948 3.683093071 0.419843137 0.010462173 -0.907536507 222.213180542
-0.918798208 -0.009958568 -0.394602150 -73.899200439 -0.014475622 0.999859333 0.008471842 3.693709612 0.394462287 0.013496024 -0.918813229 221.200607300
-0.929146051 -0.010206764 -0.369572282 -74.282928467 -0.015495139 0.999815583 0.011343828 3.709641933 0.369388342 0.016266646 -0.929132819 220.204910278
-0.938725710 -0.011468233 -0.344474256 -74.658462524 -0.016333530 0.999803603 0.011225000 3.715886593 0.344277859 0.016163677 -0.938728690 219.162658691
-0.947236180 -0.013514823 -0.320252240 -74.994995117 -0.016871762 0.999827921 0.007709674 3.733722210 0.320092946 0.012706098 -0.947301149 218.133773804
-0.955107927 -0.013395685 -0.295954883 -75.302474976 -0.015714945 0.999861598 0.005459073 3.740465403 0.295840800 0.009864919 -0.955186248 217.105194092
-0.962476015 -0.011265868 -0.271133542 -75.606735229 -0.013521630 0.999887764 0.006453054 3.755346298 0.271030426 0.009877075 -0.962520361 216.042999268
-0.968956709 -0.008836008 -0.247072935 -75.870880127 -0.011780561 0.999876082 0.010442020 3.760157108 0.246950045 0.013028523 -0.968940735 214.967971802
-0.974395633 -0.008525837 -0.224678889 -76.113662720 -0.012232985 0.999810934 0.015112863 3.774483204 0.224507570 0.017474400 -0.974315763 213.887390137
-0.978746414 -0.009215534 -0.204866976 -76.339477539 -0.013718635 0.999694288 0.020571148 3.792069435 0.204614758 0.022944434 -0.978573680 212.781951904
-0.982038021 -0.011093752 -0.188357592 -76.543029785 -0.016193483 0.999542177 0.025557455 3.818936825 0.187987819 0.028148554 -0.981768131 211.676193237
-0.984418273 -0.013538551 -0.175320417 -76.727508545 -0.018746383 0.999429822 0.028082598 3.854961395 0.174840257 0.030931648 -0.984110832 210.562057495
-0.986348152 -0.017179061 -0.163774922 -76.911483765 -0.022162274 0.999343812 0.028648632 3.880941391 0.163175300 0.031887148 -0.986081600 209.431900024
-0.987488270 -0.020253910 -0.156386629 -77.079376221 -0.024981545 0.999286592 0.028324176 3.913161278 0.155701384 0.031876571 -0.987289786 208.312088013
-0.988054991 -0.023401901 -0.152315423 -77.244491577 -0.028078366 0.999195814 0.028624060 3.947950363 0.151523083 0.032558911 -0.987917423 207.187805176
-0.988292456 -0.024816364 -0.150540590 -77.411163330 -0.029539291 0.999136508 0.029218160 3.982305527 0.149685517 0.033322945 -0.988172054 206.041870117
-0.988351822 -0.026361123 -0.149886891 -77.583557129 -0.031064041 0.999093056 0.029121852 4.019897461 0.148983270 0.033438724 -0.988274336 204.898269653
-0.988279223 -0.027058106 -0.150239676 -77.754318237 -0.031785131 0.999069512 0.029151142 4.057197571 0.149311110 0.033584855 -0.988219738 203.753860474
-0.988105178 -0.028102288 -0.151190788 -77.928970337 -0.032779381 0.999055266 0.028531723 4.097737312 0.150246158 0.033148281 -0.988092899 202.619857788
-0.987807035 -0.028969103 -0.152964696 -78.106246948 -0.033720341 0.999023199 0.028558102 4.129758835 0.151987985 0.033367913 -0.987818956 201.440490723
-0.987191200 -0.030028541 -0.156691134 -78.283843994 -0.034971569 0.998970807 0.028884742 4.164049149 0.155662492 0.033994492 -0.987225294 200.295028687
-0.986337543 -0.031546116 -0.161688909 -78.458038330 -0.036779411 0.998888612 0.029475462 4.200906754 0.160579368 0.035019573 -0.986401558 199.145034790
-0.985419393 -0.031923350 -0.167121544 -78.644012451 -0.037416290 0.998854697 0.029822316 4.243700981 0.165978104 0.035640556 -0.985485196 197.988327026
-0.984526753 -0.031041915 -0.172463149 -78.845748901 -0.036927145 0.998836339 0.031020941 4.276116371 0.171299517 0.036909517 -0.984527349 196.838531494
-0.983473539 -0.030669926 -0.178435475 -79.039077759 -0.036777403 0.998841882 0.031020708 4.310219765 0.177277416 0.037070438 -0.983462453 195.704193115
-0.982476950 -0.029173471 -0.184086934 -79.257827759 -0.035296865 0.998924255 0.030074211 4.347992897 0.183011532 0.036044911 -0.982449770 194.551010132
-0.981371760 -0.027638083 -0.190120116 -79.472427368 -0.034039393 0.998955429 0.030486433 4.383002281 0.189078942 0.036390096 -0.981287479 193.407943726
-0.980279565 -0.025826806 -0.195922226 -79.698196411 -0.032577366 0.998978674 0.031310838 4.419723511 0.194913462 0.037075993 -0.980119705 192.292800903
-0.978875637 -0.024965649 -0.202926755 -79.940353394 -0.032198634 0.998955548 0.032419987 4.453036308 0.201905414 0.038269095 -0.978657126 191.133758545
-0.977180958 -0.023966895 -0.211052299 -80.178421021 -0.031679496 0.998945236 0.033238124 4.491179466 0.210033089 0.039165694 -0.976909637 190.001068115
-0.975223541 -0.022466620 -0.220078975 -80.425674438 -0.030713519 0.998945594 0.034122329 4.523663521 0.219080314 0.040036287 -0.974885345 188.897705078
-0.973003030 -0.021659272 -0.229773551 -80.686889648 -0.029991815 0.999010742 0.032833554 4.564298630 0.228835091 0.038838476 -0.972690105 187.766250610
-0.970509410 -0.020015316 -0.240230992 -80.958190918 -0.028555190 0.999076009 0.032120161 4.605409622 0.239366129 0.038032755 -0.970184326 186.652114868
-0.967779994 -0.017618811 -0.251180470 -81.248916626 -0.026531776 0.999131083 0.032141902 4.644726753 0.250395924 0.037770547 -0.967406511 185.540344238
-0.964670777 -0.016272387 -0.262956768 -81.564147949 -0.025542779 0.999165475 0.031874284 4.683116913 0.262218654 0.037464827 -0.964281321 184.405517578
-0.960783005 -0.015481582 -0.276868850 -81.873062134 -0.025398275 0.999156535 0.032266926 4.707594872 0.276135772 0.038033504 -0.960365772 183.275497437
-0.956850767 -0.013849325 -0.290249884 -82.207092285 -0.024279624 0.999181151 0.032365177 4.743879795 0.289563984 0.038015801 -0.956403613 182.176239014
-0.952603221 -0.010961580 -0.304018706 -82.554901123 -0.021835171 0.999236763 0.032389570 4.779720306 0.303431630 0.037492704 -0.952115536 181.096984863
-0.947456479 -0.011918332 -0.319663048 -82.903045654 -0.023103014 0.999245524 0.031219613 4.810168266 0.319049776 0.036964398 -0.947016954 180.012527466
-0.942767859 -0.010360478 -0.333288938 -83.293136597 -0.021635363 0.999311626 0.030135345 4.847777367 0.332747310 0.035621461 -0.942342997 178.947296143
-0.937228799 -0.008746189 -0.348605663 -83.688003540 -0.020655915 0.999322474 0.030461505 4.884598255 0.348103046 0.035750166 -0.936774492 177.875396729
-0.930703044 -0.006660286 -0.365715295 -84.092056274 -0.019550486 0.999310791 0.031554598 4.915781021 0.365253091 0.036517870 -0.930191755 176.791030884
-0.924189210 -0.005253323 -0.381899506 -84.523483276 -0.018948991 0.999304712 0.032109965 4.947112083 0.381465286 0.036912281 -0.923646212 175.728515625
-0.916766405 -0.004862815 -0.399394453 -84.975662231 -0.018891104 0.999334753 0.031195093 4.984902859 0.398977071 0.036143612 -0.916248441 174.674468994
-0.908913732 -0.003767513 -0.416967750 -85.456878662 -0.018302813 0.999355912 0.030867109 5.021720886 0.416582912 0.035687216 -0.908397198 173.637588501
-0.899976254 -0.003443659 -0.435925543 -85.950302124 -0.018611537 0.999360561 0.030529259 5.057376385 0.435541660 0.035588849 -0.899464846 172.583190918
-0.890530229 -0.002519671 -0.454917252 -86.476318359 -0.017869383 0.999406636 0.029445024 5.094439030 0.454573154 0.034350771 -0.890046835 171.539611816
-0.880814910 -0.000548866 -0.473460555 -87.023757935 -0.016382221 0.999435842 0.029318489 5.132023335 0.473177373 0.033580497 -0.880326986 170.507553101
-0.870547891 0.002574009 -0.492077649 -87.603897095 -0.014404350 0.999424517 0.030711010 5.174336910 0.491873503 0.033823453 -0.870009780 169.480621338
-0.859784961 0.005373323 -0.510628402 -88.199081421 -0.012571841 0.999418855 0.031685036 5.210321426 0.510501862 0.033661846 -0.859217644 168.460083008
-0.849019289 0.007273826 -0.528312147 -88.828125000 -0.010343178 0.999484837 0.030382864 5.246995449 0.528260946 0.031260058 -0.848506689 167.459777832
-0.838395119 0.009292505 -0.544983566 -89.474914551 -0.007797652 0.999547839 0.029039072 5.286034584 0.545006990 0.028595811 -0.837943673 166.458557129
-0.827923417 0.011580492 -0.560721934 -90.140060425 -0.005788786 0.999557078 0.029191002 5.325156212 0.560811639 0.027413808 -0.827489614 165.474456787
-0.817701817 0.012952650 -0.575496316 -90.827957153 -0.004174726 0.999587059 0.028429342 5.361411095 0.575626910 0.025649263 -0.817310095 164.501358032
-0.807482719 0.013464984 -0.589737535 -91.530319214 -0.003528618 0.999611318 0.027654758 5.396635056 0.589880705 0.024411699 -0.807121396 163.525390625
-0.797344089 0.014067060 -0.603361189 -92.250305176 -0.002437888 0.999645114 0.026527898 5.432896137 0.603520215 0.022622788 -0.797026873 162.566543579
-0.787038088 0.015052161 -0.616721034 -92.995468140 -0.000238421 0.999694765 0.024703577 5.468702793 0.616904616 0.019589692 -0.786794305 161.620956421
-0.776985526 0.015781462 -0.629320741 -93.755081177 0.001600406 0.999732018 0.023094330 5.500135899 0.629516602 0.016936790 -0.776802659 160.684555054
-0.766470432 0.016752206 -0.642061174 -94.526367188 0.003017892 0.999742687 0.022481924 5.527110577 0.642272592 0.015294058 -0.766323805 159.749023438
