1.000000000 0.000000000 0.000000000 0.000000000 0.000000000 1.000000000 0.000000000 0.000000000 0.000000000 0.000000000 1.000000000 0.000000000
0.999964535 0.000009523 0.008419594 0.007667199 -0.000010096 1.000000000 0.000067998 0.003251035 -0.008419593 -0.000068080 0.999964535 0.081834808
0.999850094 -0.000317052 0.017312627 0.017136082 0.000311212 0.999999881 0.000340024 0.000191874 -0.017312733 -0.000334585 0.999850094 0.168891609
0.999615550 -0.000138332 0.027726276 0.023123858 0.000118098 0.999999702 0.000731418 -0.003469501 -0.027726369 -0.000727863 0.999615312 0.261322021
0.999195874 -0.001544584 0.040064935 0.039153364 0.001520542 0.999998629 0.000630541 -0.001374689 -0.040065855 -0.000569113 0.999196887 0.362815410
0.998541772 -0.002632246 0.053919900 0.053845566 0.002640964 0.999996483 -0.000090437 -0.003799814 -0.053919472 0.000232706 0.998545289 0.466011822
0.997603655 -0.002597043 0.069139406 0.076695107 0.002723347 0.999994814 -0.001732611 0.000813907 -0.069134541 0.001916750 0.997605503 0.575056076
0.996214628 -0.000678033 0.086924978 0.097429641 0.000956403 0.999994576 -0.003160812 -0.001815959 -0.086922362 0.003231982 0.996209860 0.697053432
0.994201899 0.001352128 0.107520834 0.122266524 -0.000821244 0.999987245 -0.004981620 -0.002117345 -0.107526198 0.004864436 0.994190335 0.824733198
0.991355479 0.002639388 0.131176993 0.160287544 -0.001730807 0.999973714 -0.007039904 0.001463470 -0.131192118 0.006752005 0.991333961 0.970458508
0.987359226 0.003156811 0.158467099 0.201575041 -0.001911028 0.999966085 -0.008013229 -0.002495944 -0.158487022 0.007609100 0.987331748 1.117141485
0.982089102 0.004274779 0.188368484 0.259391129 -0.002566816 0.999953389 -0.009310145 -0.003723268 -0.188399494 0.008659884 0.982054293 1.271496654
0.974881232 0.006299398 0.222636178 0.317797720 -0.004012302 0.999934435 -0.010723627 -0.005866538 -0.222689137 0.009560980 0.974842608 1.445792198
0.965716302 0.009588283 0.259422541 0.393378973 -0.006728249 0.999906421 -0.011910328 -0.005015591 -0.259512454 0.009756538 0.965690494 1.636904001
0.954319715 0.010024193 0.298619092 0.481091559 -0.007011792 0.999913156 -0.011157462 -0.007739292 -0.298705012 0.008553931 0.954307139 1.829873919
0.940580487 0.008851659 0.339455515 0.589070916 -0.005873419 0.999934733 -0.009799982 -0.007840415 -0.339520097 0.007223907 0.940571070 2.027176142
0.923728108 0.008148912 0.382962197 0.705985248 -0.005095870 0.999946654 -0.008985952 -0.012116770 -0.383014977 0.006349052 0.923720300 2.241025448
0.904259861 0.008990865 0.426887870 0.847998023 -0.005718144 0.999943614 -0.008947713 -0.012992542 -0.426944256 0.005650052 0.904260278 2.439985514
0.880876124 0.009944821 0.473242402 1.000811577 -0.006087625 0.999934614 -0.009681565 -0.005943264 -0.473307729 0.005647338 0.880879045 2.665624857
0.854457855 0.011113784 0.519401848 1.174054384 -0.006110136 0.999916971 -0.011343834 -0.016262602 -0.519484818 0.006519213 0.854454815 2.892089367
0.824537277 0.011873710 0.565683067 1.374034882 -0.005061923 0.999894559 -0.013609589 -0.019086067 -0.565785050 0.008358169 0.824510455 3.114756584
0.790291905 0.013203030 0.612588286 1.593471050 -0.005509575 0.999880552 -0.014442458 -0.021358434 -0.612705767 0.008038657 0.790270269 3.337626457
0.752770543 0.013930225 0.658135593 1.839259028 -0.005818718 0.999877810 -0.014508203 -0.025251308 -0.658257306 0.007091844 0.752759635 3.559637308
0.713426411 0.015054815 0.700568438 2.092511892 -0.006391154 0.999867380 -0.014978126 -0.031979002 -0.700700998 0.006208351 0.713428020 3.730888844
0.669290483 0.016670950 0.742813826 2.379944086 -0.007271438 0.999847353 -0.015887832 -0.034109622 -0.742965341 0.005232252 0.669309497 3.939727306
0.621099234 0.018217908 0.783520281 2.684875488 -0.009168062 0.999830306 -0.015979858 -0.039356690 -0.783678412 0.002741717 0.621160805 4.135759830
0.569121540 0.018412143 0.822047234 3.012192011 -0.009631013 0.999829948 -0.015726341 -0.037454590 -0.822197020 0.001033051 0.569202065 4.321891785
0.515088916 0.014652877 0.857011616 3.379404545 -0.006503372 0.999891877 -0.013187079 -0.047061682 -0.857112169 0.001219054 0.515128493 4.469319344
0.454485536 0.010760416 0.890689194 3.761699200 -0.003112331 0.999940097 -0.010492170 -0.048113890 -0.890748739 0.001996421 0.454491794 4.639405727
0.391746223 0.008687814 0.920032322 4.149605274 -0.001616133 0.999960363 -0.008754428 -0.048026174 -0.920071900 0.001942619 0.391744733 4.761857033
0.327984333 0.008642158 0.944643617 4.579597473 0.000120890 0.999957740 -0.009190178 -0.044825017 -0.944683135 0.003128432 0.327969432 4.858406067
0.262065232 0.007707387 0.965019464 5.020660400 -0.000144950 0.999968410 -0.007947153 -0.046354529 -0.965050220 0.001942794 0.262058079 4.942934036
0.197492361 0.005050851 0.980291486 5.485669613 -0.001156403 0.999987245 -0.004919359 -0.054332491 -0.980303764 -0.000162076 0.197495699 4.996384621
0.135652065 0.004815786 0.990744829 5.991127014 -0.001252483 0.999988198 -0.004689226 -0.045409910 -0.990755737 -0.000604788 0.135656476 5.036701679
0.074621558 0.004494353 0.997201800 6.493805885 -0.000006337 0.999989867 -0.004506445 -0.046324603 -0.997211933 0.000329959 0.074620843 5.040158749
0.015438139 0.004987149 0.999868333 7.000139236 0.001738580 0.999985933 -0.005014579 -0.040166281 -0.999879301 0.001815767 0.015429258 5.009186745
-0.041822314 0.005881848 0.999107897 7.532760620 0.003263984 0.999978125 -0.005750344 -0.034095019 -0.999119878 0.003020580 -0.041840553 4.945458412
-0.094805598 0.006849913 0.995472312 8.089508057 0.005303278 0.999965608 -0.006375766 -0.028200895 -0.995481789 0.004674809 -0.094838619 4.856247902
-0.143890977 0.006703993 0.989570856 8.633036613 0.006940584 0.999959290 -0.005765159 -0.030283030 -0.989569247 0.006038645 -0.143931627 4.759389877
-0.187979937 0.006972086 0.982148230 9.217556953 0.010001927 0.999936521 -0.005184027 -0.027348870 -0.982122004 0.008848881 -0.188037753 4.620822906
-0.225684524 0.007644227 0.974170446 9.805110931 0.012414596 0.999910593 -0.004970137 -0.023753935 -0.974121332 0.010972249 -0.225759149 4.459039688
-0.257087827 0.008430724 0.966351330 10.427189827 0.014945506 0.999877036 -0.004747115 -0.019605111 -0.966272533 0.013222184 -0.257182240 4.264693260
-0.283710957 0.009658284 0.958861351 11.064696312 0.018974777 0.999810040 -0.004456432 -0.013457282 -0.958722234 0.016929841 -0.283840299 4.059447289
-0.304971218 0.010879452 0.952299356 11.748889923 0.021938996 0.999749660 -0.004395639 -0.004317120 -0.952108800 0.019551948 -0.305133581 3.845923424
-0.319770575 0.011129405 0.947429717 12.427750587 0.024780557 0.999687195 -0.003379495 0.000127193 -0.947170973 0.022397174 -0.319946289 3.601959229
-0.330731153 0.011884437 0.943650126 13.149566650 0.028365174 0.999594092 -0.002647552 0.006848415 -0.943298578 0.025891174 -0.330934048 3.347734451
-0.336144686 0.012698798 0.941724777 13.880730629 0.031488314 0.999501586 -0.002238275 0.014411480 -0.941283882 0.028900942 -0.336377025 3.076925278
-0.337968707 0.013333316 0.941062868 14.640944481 0.034515727 0.999402583 -0.001764085 0.025154728 -0.940524220 0.031885266 -0.338227034 2.802335739
-0.337184429 0.013080761 0.941347718 15.414131165 0.036570553 0.999330759 -0.000787154 0.028868148 -0.940728009 0.034160189 -0.337437153 2.530025482
-0.334972382 0.012712325 0.942142248 16.223648071 0.036754377 0.999324262 -0.000416112 0.045631304 -0.941510856 0.034488466 -0.335213304 2.250280380
-0.333001137 0.011890665 0.942851543 17.041839600 0.037231676 0.999306500 0.000547032 0.060157038 -0.942191184 0.035286102 -0.333212972 1.963850021
-0.330851436 0.011282376 0.943615556 17.887575150 0.037304413 0.999303281 0.001131495 0.069558814 -0.942945361 0.035575379 -0.331041813 1.666746140
-0.329069495 0.011777604 0.944232225 18.762899399 0.038556743 0.999255955 0.000973285 0.076996967 -0.943518221 0.036726803 -0.329278827 1.367185593
-0.327092290 0.011823195 0.944918513 19.644367218 0.038361013 0.999263644 0.000775835 0.096080184 -0.944213569 0.036501799 -0.327305079 1.065319061
-0.325602293 0.012343356 0.945426285 20.556413651 0.038571551 0.999255836 0.000237791 0.110543340 -0.944719791 0.036543984 -0.325836062 0.762971878
-0.324057579 0.012368446 0.945956528 21.490909576 0.038863000 0.999244511 0.000248158 0.107315890 -0.945238829 0.036843125 -0.324293494 0.450458527
-0.322779298 0.011563125 0.946403623 22.438676834 0.038087830 0.999274075 0.000781097 0.122085415 -0.945707619 0.036298584 -0.322985411 0.129533768
-0.321654439 0.010375228 0.946800470 23.419193268 0.036139842 0.999345839 0.001326675 0.138969302 -0.946167350 0.034643944 -0.321819067 -0.198804855
-0.322421908 0.010477532 0.946538270 24.414955139 0.035922866 0.999353886 0.001174333 0.150897145 -0.945914388 0.034380991 -0.322589993 -0.510805130
-0.321703315 0.010541404 0.946781993 25.424011230 0.034720641 0.999396861 0.000670369 0.164531186 -0.946203828 0.033088535 -0.321875215 -0.859004974
-0.322067976 0.011852440 0.946642518 26.464473724 0.034231283 0.999413550 -0.000866954 0.185548261 -0.946097672 0.032125562 -0.322284818 -1.201309204
-0.323248744 0.013064198 0.946224034 27.525739670 0.034515686 0.999402165 -0.002007179 0.193000779 -0.945684552 0.032010749 -0.323506355 -1.544170380
-0.323254228 0.014242926 0.946205199 28.593498230 0.035433453 0.999367714 -0.002937960 0.206194341 -0.945648789 0.032577604 -0.323554516 -1.911724091
-0.324009061 0.015115554 0.945933402 29.699798584 0.036015335 0.999344647 -0.003632770 0.223680824 -0.945368409 0.032891054 -0.324341178 -2.281314850
-0.324087858 0.015424221 0.945901334 30.822177887 0.037693262 0.999283612 -0.003380105 0.222119868 -0.945275843 0.034558654 -0.324437022 -2.659927368
-0.323969007 0.015541743 0.945940256 31.951557159 0.038325269 0.999259889 -0.003292017 0.237093672 -0.945291340 0.035186898 -0.324324846 -3.044876099
-0.322754860 0.014682774 0.946368873 33.102554321 0.039896313 0.999202013 -0.001896022 0.247768894 -0.945641577 0.037144676 -0.323083162 -3.449756622
-0.322669029 0.013939998 0.946409404 34.293434143 0.041146398 0.999152899 -0.000688424 0.259933531 -0.945617318 0.038719200 -0.322969198 -3.840694427
-0.321235180 0.012779980 0.946913302 35.473312378 0.041954413 0.999119222 0.000748226 0.273365676 -0.946069777 0.039967548 -0.321488380 -4.248355865
-0.320639372 0.011493373 0.947131574 36.684066772 0.042589113 0.999090016 0.002294120 0.286420614 -0.946243346 0.041073084 -0.320837140 -4.648906708
-0.319890261 0.009902920 0.947402775 37.910331726 0.042528171 0.999087572 0.003916459 0.300048530 -0.946499586 0.041544151 -0.320019484 -5.049285889
-0.318512440 0.008914941 0.947876871 39.132125854 0.042580102 0.999080956 0.004911545 0.318692207 -0.946961939 0.041925076 -0.318599343 -5.461334229
-0.317746282 0.008167092 0.948140621 40.359691620 0.042382479 0.999085784 0.005597536 0.332622766 -0.947228134 0.041963145 -0.317801952 -5.862777710
-0.316524506 0.008011171 0.948550701 41.609489441 0.041922852 0.999105453 0.005551204 0.356194198 -0.947657645 0.041523036 -0.316577196 -6.276451111
-0.315822721 0.007490094 0.948788643 42.850696564 0.041367076 0.999126673 0.005882353 0.364100307 -0.947916031 0.041106395 -0.315856814 -6.673316956
-0.314735532 0.007485374 0.949150026 44.113471985 0.041674711 0.999113560 0.005939808 0.378548592 -0.948264182 0.041425020 -0.314768434 -7.089611053
-0.313784122 0.006604268 0.949471354 45.419395447 0.040716618 0.999149561 0.006506335 0.398385704 -0.948620915 0.040700849 -0.313786268 -7.515422821
-0.312565327 0.006012927 0.949877381 46.699661255 0.039907463 0.999180198 0.006806865 0.416335404 -0.949057698 0.040034782 -0.312548995 -7.928455353
-0.311774731 0.005381410 0.950140834 48.006904602 0.039012473 0.999213219 0.007142026 0.428666651 -0.949354827 0.039294045 -0.311739445 -8.341056824
-0.310883284 0.005067970 0.950434625 49.320602417 0.037534483 0.999271154 0.006948996 0.451987803 -0.949706733 0.037834398 -0.310846925 -8.765499115
-0.311000824 0.002928248 0.950405300 50.613800049 0.036344659 0.999300420 0.008814150 0.466972828 -0.949714661 0.037283361 -0.310889721 -9.178649902
-0.311644077 0.002063236 0.950196803 51.925731659 0.035633415 0.999319613 0.009517089 0.488665402 -0.949530661 0.036824699 -0.311505556 -9.605525970
-0.313409209 0.000503885 0.949618101 53.251556396 0.033948258 0.999366581 0.010673901 0.506240785 -0.949011207 0.035583179 -0.313227773 -10.021297455
-0.314436197 0.001706610 0.949277163 54.568084717 0.034008764 0.999376655 0.009468297 0.527343035 -0.948669314 0.035260912 -0.314298272 -10.448139191
-0.315330625 0.001546205 0.948980749 55.916511536 0.033674154 0.999387145 0.009561026 0.542145252 -0.948384404 0.034971002 -0.315189362 -10.884841919
-0.315577269 0.001813874 0.948898315 57.257198334 0.034594152 0.999355376 0.009594725 0.568526745 -0.948269248 0.035854205 -0.315436602 -11.332183838
-0.316269159 0.000420236 0.948669672 58.606246948 0.034763820 0.999333382 0.011146938 0.591422141 -0.948032618 0.036504805 -0.316072941 -11.770980835
-0.316851616 0.000082668 0.948475182 59.966735840 0.036109094 0.999276102 0.011975657 0.602851331 -0.947787583 0.038043082 -0.316625237 -12.208213806
-0.316515923 -0.000015748 0.948587298 61.325771332 0.036716633 0.999250412 0.012267852 0.628851473 -0.947876453 0.038711898 -0.316277981 -12.662925720
-0.317001343 0.000131103 0.948425114 62.667007446 0.037526011 0.999218643 0.012404561 0.643175185 -0.947682440 0.039522875 -0.316758633 -13.093994141
-0.316870213 0.000784815 0.948468804 64.042549133 0.037723567 0.999218822 0.011776104 0.676535010 -0.947718620 0.039511114 -0.316652179 -13.549659729
-0.316946626 0.000845133 0.948443055 65.415328979 0.038482651 0.999187589 0.011969614 0.691752911 -0.947662354 0.040292330 -0.316721678 -13.989944458
-0.316662431 0.000138814 0.948538303 66.788345337 0.038161475 0.999192238 0.012593697 0.717063427 -0.947770357 0.040185571 -0.316411853 -14.440124512
-0.316768169 -0.000570789 0.948502839 68.181404114 0.038618069 0.999162853 0.013498417 0.740104556 -0.947716475 0.040905215 -0.316480875 -14.894546509
-0.316144943 -0.001423954 0.948709846 69.565834045 0.039018825 0.999133229 0.014502143 0.771792173 -0.947908163 0.041602321 -0.315815330 -15.360557556
-0.316434145 -0.001925414 0.948612630 70.946372986 0.039202675 0.999117076 0.015104981 0.793851733 -0.947804153 0.041967880 -0.316079259 -15.798271179
-0.315967202 -0.001776983 0.948768497 72.339164734 0.039879411 0.999089599 0.015152221 0.818379760 -0.947931647 0.042623933 -0.315608740 -16.257637024
-0.316079974 -0.000736485 0.948732436 73.748161316 0.040687349 0.999069154 0.014330963 0.842276216 -0.947859883 0.043131128 -0.315755844 -16.716957092
-0.315593481 -0.000607072 0.948894501 75.152061462 0.041136570 0.999050915 0.014320795 0.870579481 -0.948002577 0.043553807 -0.315268993 -17.171928406
-0.315412641 -0.000475234 0.948954463 76.603713989 0.042940620 0.998968422 0.014772846 0.896242261 -0.947982550 0.045408234 -0.315066934 -17.652526855
-0.315201640 -0.001064985 0.949024260 78.023345947 0.044178091 0.998898804 0.015793920 0.927594543 -0.947996020 0.046904340 -0.314807534 -18.119728088
-0.315008044 -0.002314519 0.949086189 79.443740845 0.045456197 0.998812616 0.017523007 0.948496699 -0.947999835 0.048661739 -0.314528823 -18.580192566
-0.314942837 -0.002737977 0.949106872 80.852119446 0.046491034 0.998750925 0.018308336 0.976378083 -0.947971463 0.049891029 -0.314422131 -19.040847778
-0.314306140 -0.002529081 0.949318349 82.274475098 0.047398768 0.998707414 0.018353736 1.003073931 -0.948137701 0.050765209 -0.313780069 -19.511352539
-0.313957214 -0.001583651 0.949435890 83.699600220 0.048348118 0.998674512 0.017653419 1.034721732 -0.948205411 0.051445853 -0.313464522 -19.978187561
-0.313714504 -0.001343699 0.949516356 85.130340576 0.049741071 0.998602688 0.017847313 1.058500648 -0.948213577 0.052828927 -0.313209295 -20.444953918
-0.313588858 -0.001841796 0.949557006 86.544311523 0.050481241 0.998551667 0.018608138 1.087173581 -0.948215961 0.053770125 -0.313041687 -20.908554077
-0.314460278 -0.002680570 0.949266911 87.993904114 0.051072244 0.998499870 0.019738117 1.113754988 -0.947895825 0.054688040 -0.313851595 -21.374389648
-0.315393567 -0.002818050 0.948956966 89.412933350 0.051789530 0.998454154 0.020177703 1.148250103 -0.947546899 0.055509944 -0.314760089 -21.839614868
-0.316673875 -0.002975336 0.948530018 90.834457397 0.053030409 0.998375475 0.020836284 1.170574188 -0.947051108 0.056899231 -0.316001654 -22.309738159
-0.317361832 -0.002747579 0.948300540 92.288444519 0.054466534 0.998292208 0.021120401 1.203021765 -0.946739078 0.058353454 -0.316670179 -22.786231995
-0.318154693 -0.002358428 0.948036015 93.696891785 0.055353463 0.998244703 0.021059591 1.238936663 -0.946421564 0.059177276 -0.317465663 -23.254425049
-0.318639517 -0.001484065 0.947874904 95.123657227 0.057507433 0.998126388 0.020894554 1.268210173 -0.946129978 0.061167676 -0.317957163 -23.735778809
-0.319622755 -0.000692853 0.947544813 96.563835144 0.058908723 0.998050809 0.020600678 1.299441814 -0.945712090 0.062403090 -0.318958879 -24.198379517
-0.319728136 -0.000137437 0.947509289 97.975433350 0.060547940 0.997953176 0.020576088 1.330812931 -0.945572734 0.063948490 -0.319065332 -24.676445007
-0.319856048 0.000486710 0.947466195 99.398445129 0.062190831 0.997854054 0.020482464 1.362072706 -0.945423067 0.065475136 -0.319199920 -25.154151917
-0.320043325 0.000544857 0.947402894 100.813941956 0.063469753 0.997765601 0.020866971 1.396283865 -0.945274591 0.066809759 -0.319362760 -25.629257202
-0.319766402 0.001118569 0.947495937 102.246971130 0.065233037 0.997652471 0.020837426 1.426655054 -0.945248365 0.068471134 -0.319088697 -26.093322754
-0.319433212 0.001613076 0.947607517 103.668441772 0.067364208 0.997507215 0.021010075 1.463814735 -0.945211411 0.070546135 -0.318745494 -26.577667236
-0.319587708 0.001240632 0.947555900 105.091461182 0.066928931 0.997531056 0.021267442 1.489824772 -0.945190072 0.070215717 -0.318881631 -27.038787842
-0.319424272 0.001226806 0.947611153 106.502532959 0.067765743 0.997468472 0.021551365 1.521138668 -0.945185840 0.071099594 -0.318698764 -27.507133484
-0.318958521 0.001251146 0.947767794 107.910812378 0.068134747 0.997442007 0.021613115 1.554619551 -0.945316374 0.071469612 -0.318227768 -27.983009338
-0.318475485 0.002401541 0.947928131 109.329788208 0.069425061 0.997370362 0.020797934 1.592456102 -0.945385456 0.072433598 -0.317804694 -28.463470459
-0.318999767 0.002943298 0.947750211 110.748321533 0.069364235 0.997385859 0.020249607 1.617316961 -0.945213079 0.072199591 -0.318369985 -28.924209595
-0.318498492 0.003834350 0.947915733 112.149711609 0.070686795 0.997303665 0.019716550 1.643455505 -0.945284247 0.073284812 -0.317910790 -29.393295288
-0.318727851 0.004467000 0.947835982 113.576278687 0.071391687 0.997261465 0.019306863 1.673627138 -0.945154071 0.073821232 -0.318173885 -29.867835999
-0.318475008 0.004479858 0.947920561 114.990005493 0.072345175 0.997187197 0.019593280 1.702132702 -0.945166469 0.074817456 -0.317903280 -30.340370178
-0.318223000 0.004627827 0.948004782 116.422088623 0.073104225 0.997130275 0.019671718 1.737693310 -0.945193231 0.075563133 -0.317648053 -30.820381165
-0.317988157 0.004130278 0.948085845 117.827194214 0.073915102 0.997054875 0.020447522 1.763382912 -0.945209205 0.076579921 -0.317356944 -31.292800903
-0.318417549 0.004191373 0.947941422 119.242614746 0.074832544 0.996980667 0.020728359 1.792365551 -0.944992363 0.077537134 -0.317769766 -31.753295898
-0.318108797 0.004416610 0.948043942 120.662223816 0.075960480 0.996892929 0.020843772 1.817718029 -0.945006251 0.078644454 -0.317455888 -32.233001709
-0.318300724 0.004650606 0.947978318 122.072273254 0.077734493 0.996748447 0.021210887 1.849737167 -0.944797277 0.080442064 -0.317627192 -32.706237793
-0.319356441 0.004960434 0.947621703 123.486137390 0.079277463 0.996620715 0.021500241 1.880328655 -0.944312751 0.081991285 -0.318670511 -33.181182861
-0.320871115 0.005704399 0.947105765 124.883926392 0.081273317 0.996459246 0.021533024 1.913393021 -0.943629444 0.083883747 -0.320198536 -33.655288696
-0.322570562 0.007198432 0.946518242 126.293121338 0.082908437 0.996342599 0.020677583 1.939386368 -0.942907631 0.085144311 -0.321987629 -34.126068115
-0.324440360 0.007838781 0.945873618 127.695465088 0.084870994 0.996173680 0.020855628 1.970864296 -0.942090929 0.087043643 -0.323864222 -34.602462769
-0.326596022 0.007990315 0.945130408 129.083923340 0.086316131 0.996037781 0.021406405 1.996037006 -0.941214561 0.088571236 -0.325991750 -35.073089600
-0.328500748 0.008916692 0.944461763 130.509475708 0.087778345 0.995915949 0.021128401 2.034568310 -0.940416157 0.089843974 -0.327941895 -35.575820923
-0.330459118 0.008657092 0.943780720 131.905593872 0.088706501 0.995816469 0.021925626 2.073682308 -0.939642608 0.090964995 -0.329844475 -36.065032959
-0.332968354 0.008306278 0.942901373 133.302505493 0.089576565 0.995717525 0.022860777 2.099304199 -0.938673556 0.092073783 -0.332286477 -36.551147461
-0.335531831 0.009131832 0.941984773 134.692565918 0.090799369 0.995610654 0.022690726 2.136927128 -0.937642872 0.093145072 -0.334888220 -37.038116455
-0.337829947 0.009647066 0.941157699 136.093582153 0.091244869 0.995573163 0.022547645 2.171229839 -0.936773837 0.093493082 -0.337214708 -37.535675049
-0.340131521 0.010799496 0.940316021 137.479675293 0.093116932 0.995406508 0.022250073 2.203411102 -0.935756445 0.095127285 -0.339574695 -38.031738281
-0.341853261 0.011781363 0.939679503 138.882431030 0.094612934 0.995272279 0.021941599 2.237850666 -0.934978485 0.096406639 -0.341351748 -38.543380737
-0.343673587 0.012659876 0.939003885 140.269668579 0.096893750 0.995050490 0.022047410 2.273764610 -0.934077203 0.098560721 -0.343199253 -39.048690796
-0.344819665 0.012886892 0.938580513 141.656906128 0.098565646 0.994875014 0.022551637 2.304150581 -0.933479607 0.100288033 -0.344322681 -39.568801880
-0.345800400 0.013920741 0.938204885 143.088958740 0.101232506 0.994607091 0.022554316 2.336409092 -0.932831287 0.102776118 -0.345344663 -40.083938599
-0.346493244 0.014023287 0.937947631 144.477722168 0.103047140 0.994405866 0.023199912 2.371013165 -0.932375312 0.104691438 -0.346000075 -40.604934692
-0.347758770 0.015186702 0.937461197 145.871124268 0.104675628 0.994246781 0.022723639 2.410657883 -0.931722641 0.106031679 -0.347347736 -41.111633301
-0.348707080 0.014767562 0.937115610 147.279403687 0.105860680 0.994097888 0.023725942 2.437457085 -0.931234241 0.107477084 -0.348212242 -41.639343262
-0.350000739 0.014987613 0.936629713 148.657485962 0.107462220 0.993913352 0.024252336 2.479283333 -0.930565238 0.109140627 -0.349480987 -42.148834229
-0.351655364 0.014805781 0.936012566 150.039520264 0.108133733 0.993824363 0.024905061 2.509327412 -0.929863334 0.109972514 -0.351084709 -42.660446167
-0.353018999 0.014982658 0.935496211 151.439910889 0.108905695 0.993733108 0.025181299 2.544849396 -0.929256260 0.110770337 -0.352438331 -43.193817139
-0.354777813 0.016499896 0.934805214 152.824386597 0.109597214 0.993684947 0.024055215 2.586541653 -0.928504944 0.110986292 -0.354345679 -43.721755981
-0.357341886 0.017722325 0.933805704 154.218231201 0.110259697 0.993628800 0.023335656 2.623574257 -0.927442729 0.111299925 -0.357019186 -44.240737915
-0.359232903 0.018116614 0.933072150 155.607498169 0.111095153 0.993532360 0.023481131 2.654311180 -0.926611960 0.112094983 -0.358922124 -44.779708862
-0.361271381 0.018392272 0.932279408 156.980789185 0.111368977 0.993499875 0.023556978 2.690140724 -0.925786197 0.112337455 -0.360971332 -45.309677124
-0.363901496 0.019192867 0.931239605 158.353271484 0.111954294 0.993440747 0.023273673 2.718648911 -0.924684703 0.112725608 -0.363663316 -45.843688965
-0.366517782 0.019617274 0.930204213 159.710159302 0.111122280 0.993544459 0.022831177 2.756903648 -0.923751354 0.111734442 -0.366331697 -46.367004395
-0.369356036 0.019405499 0.929085255 161.084457397 0.109567985 0.993717730 0.022803092 2.785785198 -0.922805965 0.110220470 -0.369161844 -46.900558472
-0.372240424 0.018928766 0.927943528 162.436996460 0.107852876 0.993901014 0.022990471 2.819233418 -0.921848774 0.108639337 -0.372011662 -47.442520142
-0.375398636 0.017776014 0.926693022 163.831619263 0.106789723 0.993987262 0.024193095 2.849851608 -0.920691013 0.108043343 -0.375039697 -48.001846313
-0.378513813 0.016548852 0.925447702 165.190414429 0.105438106 0.994102776 0.025348293 2.886641026 -0.919570625 0.107172132 -0.378026485 -48.553176880
-0.382424116 0.016172336 0.923845470 166.542007446 0.104601212 0.994177043 0.025895942 2.922049522 -0.918047190 0.106538579 -0.381888866 -49.108078003
-0.386294961 0.015860574 0.922238946 167.917358398 0.103555307 0.994276524 0.026276378 2.961814404 -0.916543841 0.105653167 -0.385726452 -49.683532715
-0.390658498 0.016645679 0.920385301 169.258926392 0.104293220 0.994199157 0.026286710 3.003613472 -0.914608717 0.106259055 -0.390128374 -50.248931885
-0.394974232 0.016692571 0.918540716 170.612289429 0.104197524 0.994197130 0.026737642 3.033744812 -0.912764251 0.106270328 -0.394421577 -50.827545166
-0.399654508 0.016967161 0.916508973 171.942260742 0.103956737 0.994217277 0.026925772 3.079309940 -0.910752237 0.106038272 -0.399107218 -51.415634155
-0.404856563 0.017360518 0.914215326 173.277679443 0.104895964 0.994100809 0.027575260 3.115680218 -0.908343494 0.107061528 -0.404289365 -52.002670288
-0.410678029 0.017805917 0.911606610 174.630416870 0.105159685 0.994062245 0.027957870 3.149236679 -0.905695915 0.107345939 -0.410112023 -52.600570679
-0.415968657 0.019207738 0.909176290 175.955535889 0.105363235 0.994061589 0.027204968 3.193151474 -0.903254688 0.107110150 -0.415522218 -53.206069946
-0.421312332 0.019908244 0.906697214 177.281524658 0.105316155 0.994069159 0.027110269 3.232099533 -0.900780022 0.106911741 -0.420910239 -53.812408447
-0.426668406 0.021363286 0.904155791 178.589279175 0.105532795 0.994067609 0.026312903 3.270973682 -0.898229897 0.106644973 -0.426391840 -54.424835205
-0.432339430 0.021567540 0.901453078 179.904541016 0.104849204 0.994134963 0.026500983 3.314495087 -0.895594478 0.105974048 -0.432065129 -55.041412354
-0.437514901 0.021521691 0.898953736 181.214355469 0.105905063 0.993989050 0.027746381 3.355833054 -0.892953038 0.107343197 -0.437164307 -55.675521851
-0.442277789 0.023671640 0.896565616 182.568145752 0.108946636 0.993666887 0.027508257 3.399416924 -0.890236437 0.109844103 -0.442055821 -56.345291138
-0.446929097 0.026237436 0.894184530 183.873077393 0.112327673 0.993304372 0.026997507 3.445195675 -0.887489080 0.112507641 -0.446883917 -56.995223999
-0.450403929 0.028489504 0.892370343 185.194580078 0.114058435 0.993137360 0.025861878 3.486518383 -0.885509491 0.113430642 -0.450562477 -57.664581299
-0.454210043 0.030390382 0.890376329 186.518692017 0.116304204 0.992887735 0.025441241 3.533033848 -0.883270562 0.115110166 -0.454514027 -58.339126587
-0.457528353 0.031601507 0.888633490 187.846664429 0.117104650 0.992805183 0.024987293 3.571701050 -0.881450295 0.115495488 -0.457937241 -59.026046753
-0.461106777 0.031910852 0.886770666 189.178146362 0.117776260 0.992712200 0.025518598 3.614890575 -0.879493773 0.116207331 -0.461504698 -59.722366333
-0.465390921 0.031506103 0.884544492 190.526565552 0.116860032 0.992804825 0.026122116 3.656159401 -0.877357006 0.115524881 -0.465724230 -60.415817261
-0.469316602 0.031451672 0.882469893 191.864730835 0.116535857 0.992830455 0.026591290 3.706967831 -0.875306606 0.115319096 -0.469617009 -61.127700806
-0.473502278 0.032178294 0.880204737 193.210235596 0.115866028 0.992923677 0.026030563 3.744894028 -0.873138487 0.114311345 -0.473879933 -61.836608887
-0.477323532 0.034114290 0.878065348 194.551940918 0.116282910 0.992910564 0.024636110 3.793566704 -0.870999932 0.113863371 -0.477906466 -62.565261841
-0.481827617 0.035255332 0.875556707 195.913177490 0.116676882 0.992874324 0.024229169 3.838549137 -0.868463576 0.113831490 -0.482507825 -63.298034668
-0.485725522 0.035344839 0.873396695 197.267257690 0.117660627 0.992732525 0.025260899 3.885190487 -0.866156459 0.115034252 -0.486354232 -64.051620483
-0.489293694 0.034957957 0.871418357 198.630126953 0.118339561 0.992616117 0.026626645 3.930878639 -0.864053130 0.116151497 -0.489817739 -64.818405151
-0.493620992 0.034366027 0.868998170 199.992340088 0.118276954 0.992587745 0.027931778 3.985380650 -0.861597061 0.116570145 -0.494026899 -65.576141357
-0.497978806 0.034703884 0.866494536 201.373931885 0.118948005 0.992488205 0.028609969 4.033480644 -0.858992755 0.117314957 -0.498365998 -66.365219116
-0.501462817 0.036240816 0.864419997 202.746124268 0.119689286 0.992421389 0.027826235 4.089455128 -0.856860399 0.117415622 -0.501999974 -67.168807983
-0.506194234 0.038295578 0.861568868 204.131713867 0.120396353 0.992368758 0.026626552 4.143281937 -0.853974342 0.117207952 -0.506942034 -67.956817627
-0.510264397 0.040039968 0.859085143 205.518035889 0.121226683 0.992290676 0.025755731 4.203222752 -0.851430893 0.117286265 -0.511184573 -68.780548096
-0.514322281 0.040445577 0.856642723 206.920928955 0.122178182 0.992154062 0.026511315 4.262314320 -0.848849297 0.118298404 -0.515228510 -69.606872559
-0.518180013 0.039475396 0.854360282 208.337371826 0.121181384 0.992245138 0.027651662 4.317869663 -0.846643269 0.117861085 -0.518945336 -70.466186523
-0.522215128 0.039301511 0.851907849 209.746551514 0.120189711 0.992358983 0.027894648 4.377935410 -0.844302118 0.116957560 -0.522948503 -71.322601318
-0.526129603 0.040583629 0.849435627 211.196289062 0.119998977 0.992409229 0.026911320 4.438730717 -0.841895580 0.116090238 -0.527005792 -72.210052490
-0.529329896 0.041755460 0.847388089 212.618286133 0.120263197 0.992395639 0.026222872 4.500765324 -0.839849353 0.115790144 -0.530326247 -73.098541260
-0.533194542 0.042651549 0.844916999 214.050659180 0.121490166 0.992236674 0.026579471 4.550898075 -0.837223947 0.116821125 -0.534236908 -73.970825195
-0.536382318 0.042818859 0.842888474 215.488525391 0.121191129 0.992269635 0.026713967 4.611264706 -0.835228801 0.116479486 -0.537425160 -74.877655029
-0.539279580 0.043010537 0.841027796 216.929504395 0.121533193 0.992214978 0.027186573 4.662317276 -0.833311081 0.116873950 -0.540308475 -75.790649414
-0.542742729 0.043136586 0.838790715 218.373626709 0.120799661 0.992306054 0.027132409 4.718096733 -0.831166744 0.116051540 -0.543777704 -76.705505371
-0.545251131 0.044233378 0.837104857 219.826721191 0.121672049 0.992207885 0.026822349 4.772373676 -0.829395592 0.116477184 -0.546384454 -77.651000977
-0.548454762 0.043865759 0.835028946 221.285614014 0.121245474 0.992241263 0.027510712 4.830922127 -0.827343345 0.116331853 -0.549517989 -78.597686768
-0.551579595 0.043995246 0.832961261 222.716796875 0.120737150 0.992302418 0.027539754 4.880667210 -0.825337887 0.115759738 -0.552645564 -79.543518066
-0.555003524 0.044415396 0.830661595 224.170898438 0.119781390 0.992434025 0.026966130 4.933665752 -0.823179126 0.114464082 -0.556124568 -80.496337891
-0.557832360 0.044187978 0.828776598 225.640808105 0.119073644 0.992511988 0.027228108 4.990284443 -0.821367562 0.113874160 -0.558916926 -81.478454590
-0.561153173 0.043807972 0.826551795 227.098876953 0.119768962 0.992386460 0.028714830 5.044396877 -0.819000900 0.115108676 -0.562127709 -82.453216553
-0.564591646 0.043865867 0.824203908 228.575561523 0.120675944 0.992242873 0.029855521 5.099289894 -0.816500843 0.116317764 -0.565505624 -83.441375732
-0.567745209 0.043814223 0.822037816 230.030944824 0.121925011 0.992044628 0.031332675 5.159558773 -0.814125419 0.118015923 -0.568570614 -84.447387695
-0.571905494 0.044694278 0.819101036 231.492462158 0.122691303 0.991943598 0.031539001 5.217837811 -0.811092436 0.118533902 -0.572781682 -85.435028076
-0.576109290 0.044457424 0.816162765 232.925415039 0.123165004 0.991840303 0.032912355 5.278020859 -0.808039904 0.119483806 -0.576884031 -86.423583984
-0.578947425 0.045562517 0.814091027 234.359191895 0.124276526 0.991702795 0.032877263 5.340258598 -0.805838406 0.120206594 -0.579806209 -87.461791992
-0.581943750 0.046679802 0.811888397 235.786163330 0.125272185 0.991580725 0.032781057 5.404206753 -0.803522646 0.120783754 -0.582891941 -88.495056152
-0.586861014 0.047534835 0.808291018 237.219421387 0.125495642 0.991551697 0.032804113 5.454763889 -0.799902976 0.120688468 -0.587868452 -89.500610352
-0.590526938 0.048297718 0.805571437 238.635147095 0.126188248 0.991455257 0.033060413 5.514901638 -0.797091305 0.121176705 -0.591575623 -90.531036377
-0.594301701 0.048354331 0.802787423 240.042861938 0.127118811 0.991290867 0.034397282 5.566604137 -0.794132590 0.122491725 -0.595272660 -91.571533203
-0.597578287 0.048815440 0.800323367 241.453125000 0.127789885 0.991184890 0.034960017 5.635213375 -0.791561842 0.123164564 -0.598548651 -92.635711670
-0.601938367 0.049267709 0.797021329 242.870971680 0.127804309 0.991172671 0.035253141 5.692530632 -0.788248956 0.123082973 -0.602921486 -93.669372559
-0.605099320 0.049344249 0.794619679 244.271453857 0.127567723 0.991191089 0.035591297 5.757677555 -0.785863698 0.122904070 -0.606063843 -94.732543945
-0.608329654 0.049802925 0.792120636 245.661407471 0.126195177 0.991402447 0.034582488 5.817908287 -0.783587992 0.120999344 -0.609384418 -95.788574219
-0.610988259 0.049910482 0.790064871 247.048294067 0.124466285 0.991654456 0.033609234 5.881989956 -0.781793892 0.118871279 -0.612101436 -96.859680176
-0.614225268 0.049867667 0.787553549 248.440795898 0.123604782 0.991762400 0.033603180 5.944827080 -0.779390275 0.117985308 -0.615329385 -97.931701660
-0.617306471 0.049747556 0.785148323 249.820770264 0.123137683 0.991807938 0.033972777 6.007835388 -0.777026296 0.117652960 -0.618375301 -99.005584717
-0.620252013 0.049473219 0.782840908 251.205261230 0.122697346 0.991843164 0.034532692 6.064676285 -0.774746954 0.117471471 -0.621262908 -100.094696045
-0.622255445 0.051146641 0.781141698 252.563858032 0.123249337 0.991818905 0.033238988 6.129012585 -0.773051023 0.116958328 -0.623468518 -101.183013916
-0.624734521 0.051249620 0.779153585 253.937408447 0.122469559 0.991925061 0.032952659 6.190116405 -0.771173120 0.116009258 -0.625966311 -102.279632568
-0.627102613 0.050535135 0.777295649 255.310928345 0.121081896 0.992087603 0.033186201 6.252937317 -0.769468307 0.114927582 -0.628259659 -103.386444092
-0.629335880 0.049659099 0.775545359 256.671600342 0.120220140 0.992163956 0.034026206 6.315120220 -0.767778456 0.114650071 -0.630374432 -104.480895996
-0.631629705 0.049792405 0.773669600 258.052124023 0.120268367 0.992147505 0.034334630 6.370923996 -0.765884757 0.114734754 -0.632658243 -105.593536377
-0.633872747 0.050088968 0.771813750 259.403503418 0.120058075 0.992177248 0.034210857 6.432359695 -0.764062405 0.114347801 -0.634927750 -106.690948486
-0.635766625 0.050224233 0.770245790 260.763183594 0.119609870 0.992237687 0.034027562 6.508677006 -0.762557864 0.113762572 -0.636838913 -107.822692871
-0.637920499 0.050408568 0.768450737 262.112823486 0.119671516 0.992222369 0.034256455 6.567850113 -0.760747194 0.113814555 -0.638991475 -108.940490723
-0.640202045 0.050404876 0.766551137 263.476928711 0.118749321 0.992344558 0.033924099 6.634431362 -0.758972943 0.112745702 -0.641286612 -110.084991455
-0.642729998 0.049513754 0.764491200 264.830688477 0.117304243 0.992502153 0.034339752 6.698346615 -0.757058859 0.111749239 -0.643719077 -111.216674805
-0.645950437 0.048225798 0.761854768 266.185974121 0.115246110 0.992724657 0.034873210 6.770807743 -0.754630208 0.110327147 -0.646808743 -112.360839844
-0.649701834 0.047290076 0.758716941 267.538757324 0.113412060 0.992923260 0.035228677 6.838908672 -0.751681745 0.108935781 -0.650467396 -113.503417969
-0.653560042 0.046694804 0.755433083 268.887268066 0.111632273 0.993126273 0.035191134 6.907880306 -0.748597205 0.107330218 -0.654280305 -114.647979736
-0.657071352 0.047373366 0.752338767 270.204498291 0.111566044 0.993143916 0.034902152 6.976738930 -0.745527267 0.106868640 -0.657851577 -115.791351318
-0.661783338 0.047710516 0.748175561 271.578125000 0.110482715 0.993283093 0.034384388 7.046214104 -0.741509676 0.105415478 -0.662609339 -116.988433838
-0.666146040 0.048426621 0.744247794 272.913177490 0.110635974 0.993265629 0.034396064 7.111575603 -0.737570047 0.105253354 -0.667017698 -118.170532227
-0.670688391 0.048427783 0.740156591 274.251434326 0.110011108 0.993324697 0.034693554 7.175637722 -0.733535647 0.104694009 -0.671538949 -119.367950439
-0.675560832 0.047881816 0.735748172 275.577819824 0.108651519 0.993459702 0.035109881 7.247002125 -0.729255021 0.103658997 -0.676344872 -120.560211182
-0.680049181 0.047340915 0.731636703 276.898315430 0.107430562 0.993576229 0.035565801 7.313277245 -0.725253105 0.102786623 -0.680766582 -121.780181885
-0.684499025 0.045987543 0.727561831 278.205657959 0.106521219 0.993606329 0.037412845 7.379640579 -0.721189499 0.103109829 -0.685021162 -122.995513916
-0.688777924 0.045286894 0.723556697 279.503234863 0.105519563 0.993681192 0.038253803 7.452949524 -0.717252254 0.102697752 -0.689204216 -124.218475342
-0.693066001 0.045408703 0.719442606 280.817840576 0.103974260 0.993875325 0.037432346 7.527192593 -0.713336527 0.100746594 -0.693542480 -125.468811035
-0.697413802 0.045970105 0.715192914 282.105712891 0.101230927 0.994253874 0.034807235 7.597311974 -0.709483266 0.096674681 -0.698059916 -126.702728271
-0.702145338 0.044503223 0.710641623 283.404785156 0.096647747 0.994764924 0.033196073 7.669345856 -0.705444038 0.091990374 -0.702770591 -127.963012695
-0.706601977 0.041931950 0.706367731 284.691955566 0.092846967 0.995106339 0.033805490 7.741400719 -0.701493442 0.089471124 -0.707037449 -129.229370117
-0.710555434 0.038160674 0.702605724 285.967895508 0.090376712 0.995207131 0.037346527 7.807827950 -0.697813094 0.090035975 -0.710598707 -130.510650635
-0.714717031 0.036485966 0.698461652 287.242462158 0.088902339 0.995277286 0.038980450 7.878974915 -0.693740785 0.089954853 -0.714585304 -131.799133301
-0.718691468 0.036893491 0.694350123 288.505554199 0.088690393 0.995298743 0.038915467 7.958577633 -0.689650059 0.089550376 -0.718584776 -133.086669922
-0.722393274 0.038911685 0.690386713 289.769653320 0.089813203 0.995237887 0.037883222 8.030616760 -0.685624897 0.089372426 -0.722447991 -134.388671875
-0.725434542 0.038948860 0.687188566 291.030944824 0.089287706 0.995286584 0.037845634 8.106630325 -0.682475567 0.088812001 -0.725492835 -135.708312988
-0.728568554 0.038033541 0.683916152 292.269287109 0.088262588 0.995346248 0.038672592 8.171241760 -0.679262519 0.088539846 -0.728534937 -137.002624512
-0.731677294 0.036670197 0.680664003 293.521453857 0.086166143 0.995517492 0.038991336 8.249349594 -0.676183105 0.087179273 -0.731557369 -138.334381104
-0.734919429 0.035197731 0.677240372 294.766418457 0.084431946 0.995630980 0.039877605 8.327700615 -0.672877908 0.086487547 -0.734680295 -139.664093018
-0.738074064 0.034072518 0.673858821 296.001678467 0.083130047 0.995707035 0.040705685 8.401212692 -0.669579029 0.086061731 -0.737737894 -140.995117188
-0.741100311 0.032800041 0.670592904 297.240905762 0.081685320 0.995790958 0.041567717 8.486038208 -0.666406929 0.085583426 -0.740660191 -142.336822510
-0.744498014 0.031071708 0.666901290 298.488830566 0.079680823 0.995911837 0.042551316 8.558283806 -0.662852764 0.084818609 -0.743930101 -143.721221924
-0.747963309 0.029335022 0.663091660 299.722259521 0.077685878 0.996025562 0.043565236 8.642076492 -0.659178257 0.084098049 -0.747269511 -145.086029053
-0.751410484 0.026697559 0.659294963 300.958404541 0.074399143 0.996237278 0.044452306 8.722600937 -0.655627489 0.082452901 -0.750569344 -146.481109619
-0.755050063 0.025605066 0.655167282 302.175201416 0.072762229 0.996337354 0.044916518 8.807374954 -0.651617527 0.081585638 -0.754147649 -147.848480225
-0.758612037 0.023985213 0.651101112 303.392517090 0.071034186 0.996409953 0.046057787 8.894757271 -0.647658944 0.081190422 -0.757592440 -149.240325928
-0.761676788 0.023660911 0.647525251 304.603546143 0.070225947 0.996460915 0.046194788 8.984655380 -0.644140601 0.080658562 -0.760642767 -150.651275635
-0.765143156 0.023990540 0.643413246 305.798889160 0.069517545 0.996541977 0.045512415 9.071950912 -0.640096426 0.079552017 -0.764165044 -152.042633057
-0.767997026 0.024038864 0.640002310 306.993591309 0.069128484 0.996568620 0.045521848 9.165443420 -0.636711895 0.079203025 -0.767023563 -153.474884033
-0.771305323 0.023896068 0.636016726 308.180236816 0.068756737 0.996575177 0.045939364 9.257459641 -0.632740736 0.079163708 -0.770306706 -154.887756348
-0.774325728 0.024492398 0.632313192 309.378417969 0.068982795 0.996562541 0.045874320 9.341113091 -0.629016101 0.079140387 -0.773353577 -156.324707031
-0.777363896 0.025347579 0.628540516 310.566009521 0.068964593 0.996599019 0.045103222 9.438064575 -0.625259578 0.078408644 -0.776468158 -157.763763428
-0.780446887 0.024812585 0.624729753 311.743408203 0.068331808 0.996611714 0.045781113 9.527812004 -0.621477067 0.078418635 -0.779497981 -159.218902588
-0.783309937 0.024039820 0.621166706 312.913330078 0.067984350 0.996571064 0.047161922 9.619178772 -0.617902994 0.079172000 -0.782258272 -160.680694580
-0.786228895 0.024652775 0.617443383 314.079437256 0.068900466 0.996470571 0.047948971 9.705297470 -0.614082098 0.080241010 -0.785152555 -162.146759033
-0.788844824 0.024335839 0.614110410 315.227447510 0.068605296 0.996457517 0.048638329 9.801619530 -0.610751271 0.080499321 -0.787719965 -163.601196289
-0.792129397 0.023334285 0.609906912 316.377960205 0.067313217 0.996513188 0.049299102 9.881301880 -0.606629908 0.080106065 -0.790938139 -165.050231934
-0.794940352 0.024217812 0.606204093 317.497619629 0.067802228 0.996489763 0.049102150 9.978157997 -0.602886975 0.080135264 -0.793791890 -166.501861572
-0.797663093 0.023838550 0.602632284 318.634918213 0.066970073 0.996540070 0.049223177 10.073683739 -0.599373817 0.079621829 -0.796499610 -167.976074219
-0.800529957 0.024385797 0.598796487 319.749847412 0.066808507 0.996575117 0.048730962 10.166137695 -0.595557332 0.079015292 -0.799417377 -169.443206787
-0.803601742 0.025338072 0.594628036 320.877227783 0.066775531 0.996623576 0.047775090 10.263580322 -0.591409802 0.078098744 -0.802580476 -170.936889648
-0.806790829 0.026877664 0.590225518 321.974273682 0.067298710 0.996643722 0.046606809 10.347960472 -0.586991847 0.077323362 -0.805891871 -172.417266846
-0.810133219 0.026596289 0.585642099 323.079254150 0.067495957 0.996558905 0.048111212 10.435750961 -0.582347274 0.078504965 -0.809140682 -173.923736572
-0.813219666 0.026752690 0.581341684 324.171478271 0.068704106 0.996370435 0.050256051 10.532781601 -0.577887237 0.080809765 -0.812106133 -175.455993652
-0.816406727 0.026624754 0.576863229 325.247161865 0.068145655 0.996398747 0.050455119 10.625085831 -0.573442400 0.080502622 -0.815281034 -176.942138672
-0.819625616 0.026093340 0.572305202 326.337493896 0.067411460 0.996415138 0.051113214 10.721120834 -0.568919837 0.080473624 -0.818446398 -178.469940186
-0.823039412 0.026132492 0.567382872 327.410308838 0.067194507 0.996405780 0.051579207 10.819795609 -0.563995719 0.080576733 -0.821837187 -179.990203857
-0.826205730 0.025835089 0.562776029 328.472259521 0.066775486 0.996396840 0.052291289 10.919752121 -0.559397280 0.080782995 -0.824953914 -181.528686523
-0.829400301 0.025354734 0.558079123 329.531463623 0.065867878 0.996439934 0.052620448 11.019811630 -0.554758132 0.080402903 -0.828117609 -183.082550049
-0.832582712 0.025275765 0.553323865 330.574005127 0.065007307 0.996513546 0.052295439 11.115166664 -0.550072908 0.079510368 -0.831323028 -184.624542236
-0.835807443 0.025221137 0.548443019 331.615417480 0.063442357 0.996689200 0.050849337 11.213684082 -0.545344770 0.077294774 -0.834640384 -186.178955078
-0.838724494 0.026093991 0.543930352 332.635620117 0.063487068 0.996725380 0.050079238 11.315257072 -0.540842414 0.076535232 -0.837634563 -187.732604980
-0.841515303 0.026199507 0.539597750 333.647216797 0.062981345 0.996770263 0.049823917 11.410943985 -0.536549628 0.075912170 -0.840447545 -189.278686523
-0.843966961 0.025610395 0.535783529 334.650268555 0.062136114 0.996802926 0.050229814 11.514613152 -0.532784164 0.075683802 -0.842860103 -190.834838867
-0.847002864 0.025368070 0.530982912 335.674285889 0.061993059 0.996758997 0.051268015 11.610961914 -0.527961433 0.076341398 -0.845830321 -192.429565430
-0.849351406 0.023999359 0.527282596 336.673492432 0.060675215 0.996782899 0.052367385 11.714687347 -0.524329484 0.076471277 -0.848075032 -194.008453369
-0.851612091 0.024057278 0.523620009 337.651031494 0.060122442 0.996836483 0.051983945 11.803745270 -0.520712912 0.075751476 -0.850364327 -195.591339111
-0.853564262 0.023873264 0.520440519 338.632598877 0.059156440 0.996930182 0.051290851 11.910262108 -0.517618418 0.074567437 -0.852356195 -197.186920166
-0.855625272 0.023834847 0.517046988 339.621246338 0.058796234 0.996948957 0.051340431 12.006801605 -0.514245749 0.074328572 -0.854416013 -198.783172607
-0.857578158 0.022683974 0.513853550 340.602661133 0.057683844 0.996966183 0.052258547 12.119918823 -0.511109233 0.074456826 -0.856284976 -200.391876221
-0.859818459 0.021689184 0.510139227 341.587127686 0.057490125 0.996856570 0.054514650 12.212173462 -0.507353246 0.076200664 -0.858362556 -202.020172119
-0.861942768 0.022132402 0.506522238 342.554473877 0.057149652 0.996920884 0.053690586 12.329936981 -0.503774285 0.075225785 -0.860553622 -203.651123047
-0.864149570 0.022458004 0.502734184 343.522766113 0.056475945 0.997020662 0.052537818 12.440807343 -0.500056446 0.073792905 -0.862843275 -205.279144287
-0.866720080 0.022548784 0.498285055 344.491668701 0.056111563 0.997044206 0.052481767 12.544309616 -0.495628834 0.073446549 -0.865423441 -206.920104980
-0.869095445 0.021919098 0.494158775 345.447204590 0.055533137 0.997025490 0.053443737 12.650932312 -0.491517454 0.073889889 -0.867727637 -208.566101074
-0.871440887 0.021582318 0.490025192 346.396209717 0.054827247 0.997056782 0.053588901 12.763504982 -0.487426370 0.073566303 -0.870059371 -210.221618652
-0.873592973 0.021645049 0.486175686 347.338409424 0.054563567 0.997067809 0.053652972 12.874086380 -0.483588785 0.073398337 -0.872212410 -211.897003174
-0.875797749 0.021497849 0.482199758 348.272979736 0.054281961 0.997056961 0.054138198 12.987755775 -0.479616761 0.073588848 -0.874387145 -213.558410645
-0.878000736 0.021070609 0.478195548 349.211486816 0.054036889 0.997007310 0.055284653 13.099526405 -0.475599587 0.074380159 -0.876511812 -215.245819092
-0.880095720 0.021808056 0.474295348 350.134735107 0.054278288 0.997016847 0.054875273 13.211157799 -0.471683711 0.074039429 -0.878654003 -216.937988281
-0.882024765 0.023080045 0.470637649 351.067718506 0.054754421 0.997053683 0.053720109 13.324441910 -0.468011141 0.073151954 -0.880689740 -218.630676270
-0.883956909 0.024299851 0.466936707 351.987609863 0.055776227 0.996997893 0.053705089 13.436515808 -0.464229882 0.073516943 -0.882658482 -220.310577393
-0.885402918 0.026416615 0.464072883 352.887481689 0.057844535 0.996884882 0.053615287 13.547928810 -0.461210877 0.074315220 -0.884172797 -222.006378174
-0.886942148 0.028743446 0.460985273 353.791168213 0.059253715 0.996895671 0.051846348 13.663289070 -0.458063960 0.073299803 -0.885892034 -223.730072021
-0.888422966 0.031205749 0.457963645 354.689788818 0.061159149 0.996838510 0.050720412 13.774874687 -0.454933047 0.073069848 -0.887522697 -225.454589844
-0.890064240 0.032599594 0.454667985 355.584411621 0.062483672 0.996749640 0.050852150 13.884345055 -0.451532394 0.073671006 -0.889208078 -227.176116943
-0.891575933 0.032892872 0.451675534 356.475250244 0.062919773 0.996682882 0.051616665 13.994740486 -0.448479444 0.074439488 -0.890688062 -228.899017334
-0.893290043 0.033026729 0.448265702 357.348266602 0.062842131 0.996678412 0.051797900 14.098425865 -0.445066035 0.074440524 -0.892398357 -230.643188477
-0.894813895 0.033715121 0.445164293 358.238800049 0.063203022 0.996667981 0.051558867 14.212436676 -0.441942662 0.074271321 -0.893963337 -232.404998779
-0.896669507 0.034141891 0.441382051 359.136413574 0.062956735 0.996722639 0.050798152 14.329496384 -0.438201129 0.073337130 -0.895880222 -234.166412354
-0.898185253 0.034663349 0.438248307 360.018249512 0.063306078 0.996694744 0.050911352 14.444629669 -0.435035020 0.073471613 -0.897410870 -235.961791992
-0.899691105 0.034887239 0.435131222 360.898406982 0.063176557 0.996713042 0.050712999 14.562401772 -0.431931734 0.073116116 -0.898937821 -237.747436523
-0.901074052 0.035229672 0.432231992 361.760375977 0.063183874 0.996724427 0.050480004 14.668778419 -0.429037809 0.072796308 -0.900348425 -239.528411865
-0.902677298 0.036003433 0.428809583 362.639953613 0.063191421 0.996781409 0.049331687 14.778998375 -0.425653309 0.071627676 -0.902047038 -241.314208984
-0.903468132 0.036525521 0.427096456 363.508117676 0.063770689 0.996728361 0.049658015 14.897352219 -0.423885345 0.072100669 -0.902841568 -243.152679443
-0.904263735 0.036972255 0.425370604 364.386413574 0.064204618 0.996690512 0.049857739 15.016154289 -0.422119468 0.072395302 -0.903644800 -245.027374268
-0.904993296 0.037872244 0.423737258 365.264221191 0.064731151 0.996690691 0.049168047 15.129885674 -0.420472890 0.071925737 -0.904449940 -246.912384033
-0.905621529 0.040209226 0.422176391 366.137176514 0.066485025 0.996646821 0.047695406 15.247701645 -0.418842942 0.071262389 -0.905258179 -248.784942627
-0.906296492 0.042895511 0.420460612 367.007965088 0.068696320 0.996557772 0.046404731 15.366937637 -0.417022765 0.070940524 -0.906123519 -250.684417725
-0.907242656 0.043575838 0.418344259 367.891357422 0.069198027 0.996529579 0.046265218 15.471487045 -0.414876372 0.070922375 -0.907109499 -252.559997559
-0.907718539 0.043541081 0.417314678 368.753997803 0.069119707 0.996530116 0.046370834 15.588466644 -0.413847595 0.070936322 -0.907578349 -254.480133057
-0.908592463 0.043243837 0.415439367 369.633850098 0.068563871 0.996575594 0.046218202 15.697905540 -0.412018061 0.070477635 -0.908446074 -256.377136230
-0.909654737 0.042090382 0.413226992 370.505981445 0.066782936 0.996730089 0.045487504 15.804924011 -0.409961194 0.068974435 -0.909491181 -258.308654785
-0.910939693 0.041776016 0.410419255 371.369750977 0.065922409 0.996816158 0.044852488 15.911231995 -0.407238781 0.067913726 -0.910793304 -260.205749512
-0.911911964 0.042365447 0.408193529 372.225463867 0.066405378 0.996782124 0.044897165 16.015602112 -0.404977918 0.068048500 -0.911790848 -262.146514893
-0.912639618 0.042115476 0.406589895 373.067321777 0.066535071 0.996718407 0.046103630 16.123504639 -0.403313935 0.069128484 -0.912446856 -264.082183838
-0.913595319 0.041824885 0.404468328 373.916564941 0.066044144 0.996750891 0.046106510 16.230316162 -0.401225775 0.068835445 -0.913389206 -266.017059326
-0.914755583 0.040892940 0.401933283 374.759277344 0.064769924 0.996839881 0.045990031 16.334342957 -0.398782462 0.068102814 -0.914513469 -267.946441650
-0.915805101 0.040109985 0.399614990 375.625549316 0.063914485 0.996875346 0.046416074 16.432151794 -0.396504581 0.068049267 -0.915507197 -269.897338867
-0.916759849 0.039131176 0.397517830 376.453948975 0.062774561 0.996937633 0.046634000 16.532531738 -0.394475639 0.067706183 -0.916408777 -271.798736572
-0.917356133 0.038971409 0.396155506 377.297149658 0.062102854 0.997021675 0.045727216 16.637781143 -0.393193573 0.066550523 -0.917044282 -273.727661133
-0.917951226 0.037462819 0.394920796 378.119781494 0.060308505 0.997138083 0.045590550 16.730499268 -0.392082632 0.065666974 -0.917583466 -275.617645264
-0.918106914 0.036813460 0.394619733 378.947143555 0.059738345 0.997155368 0.045961812 16.826980591 -0.391805202 0.065771781 -0.917694449 -277.506652832
-0.918035865 0.035366084 0.394917250 379.768157959 0.058221724 0.997241557 0.046037726 16.919704437 -0.392199725 0.065257043 -0.917562604 -279.402465820
-0.917722106 0.035008743 0.395677477 380.580078125 0.057271473 0.997362435 0.044589058 17.008106232 -0.393072844 0.063581392 -0.917306542 -281.268402100
-0.917114139 0.035401933 0.397049755 381.390991211 0.056827053 0.997486591 0.042321984 17.112915039 -0.394553542 0.061377253 -0.916820884 -283.159576416
-0.916974187 0.034699298 0.397434503 382.225921631 0.055936575 0.997552037 0.041964252 17.196010590 -0.395005465 0.060711261 -0.916670442 -285.025787354
-0.916391492 0.033867009 0.398847967 383.049133301 0.055255838 0.997577965 0.042249169 17.282188416 -0.396451086 0.060755458 -0.916043282 -286.935119629
-0.915971637 0.032172121 0.399951190 383.881408691 0.054153048 0.997572541 0.043776914 17.365436554 -0.397571951 0.061756991 -0.915490389 -288.796752930
-0.915295482 0.030871388 0.401598305 384.715087891 0.053166848 0.997594178 0.044487875 17.460407257 -0.399258733 0.062071268 -0.914734721 -290.685363770
-0.914669871 0.029421678 0.403129518 385.544342041 0.051748522 0.997663677 0.044600740 17.559034348 -0.400875449 0.061656311 -0.914055467 -292.550537109
-0.914216876 0.028192418 0.404243410 386.375396729 0.050284505 0.997759223 0.044136021 17.652736664 -0.402093291 0.060677070 -0.913585901 -294.391052246
-0.913683295 0.027789669 0.405475795 387.196868896 0.049569197 0.997831225 0.043309975 17.746795654 -0.403392851 0.059670705 -0.913079262 -296.236877441
-0.913242340 0.028031837 0.406451613 388.031921387 0.049459804 0.997879624 0.042308558 17.835638046 -0.404403806 0.058740977 -0.912692428 -298.092285156
-0.912975907 0.027116075 0.407111943 388.869110107 0.048414215 0.997939587 0.042103402 17.927942276 -0.405131429 0.058149390 -0.912407517 -299.955261230
-0.912837863 0.025961952 0.407496214 389.701019287 0.047004566 0.998023450 0.041710582 18.014533997 -0.405607879 0.057229180 -0.912253857 -301.803222656
-0.913159490 0.023469759 0.406926006 390.532318115 0.043758918 0.998215854 0.040624060 18.105978012 -0.405246556 0.054902889 -0.912557244 -303.651428223
-0.913692117 0.020350078 0.405897647 391.358673096 0.039579775 0.998453557 0.039037216 18.191741943 -0.404475540 0.051733326 -0.913084626 -305.497680664
-0.914412022 0.016172713 0.404461503 392.184509277 0.034719974 0.998652756 0.038563468 18.278684616 -0.403292924 0.049305789 -0.913741708 -307.356811523
-0.915332675 0.012084856 0.402517378 393.018249512 0.030326078 0.998779893 0.038975552 18.361400604 -0.401555240 0.047882363 -0.914582253 -309.213867188
-0.916112900 0.008301725 0.400834680 393.844177246 0.026545916 0.998847663 0.039983805 18.446052551 -0.400040835 0.047270197 -0.915277600 -311.050964355
-0.916956663 0.006342450 0.398936540 394.665863037 0.024308594 0.998904228 0.039992396 18.530492783 -0.398245752 0.046368878 -0.916106105 -312.875305176
-0.917280436 0.006177478 0.398194253 395.470764160 0.024230747 0.998892903 0.040321399 18.621971130 -0.397504330 0.046634566 -0.916414618 -314.715454102
-0.917434573 0.006845429 0.397827983 396.283660889 0.025365006 0.998824477 0.041307677 18.704010010 -0.397077560 0.047987994 -0.916529655 -316.542297363
-0.917066932 0.008947323 0.398633063 397.092864990 0.027828958 0.998746514 0.041604448 18.794107437 -0.397761136 0.049247604 -0.916166306 -318.402343750
-0.916560531 0.010268619 0.399764091 397.898498535 0.027879367 0.998878717 0.038262621 18.878551483 -0.398922950 0.046215177 -0.915819049 -320.248596191
-0.916238904 0.009429736 0.400521308 398.713470459 0.025749026 0.999042094 0.035382777 18.963119507 -0.399803966 0.042732112 -0.915603995 -322.120422363
-0.916073799 0.007537484 0.400939167 399.529449463 0.024461921 0.999011755 0.037110090 19.041038513 -0.400263190 0.043803319 -0.915352821 -323.957092285
-0.915919900 0.007230308 0.401295662 400.363861084 0.025541898 0.998861134 0.040300116 19.128839493 -0.400547236 0.047161534 -0.915061474 -325.832824707
-0.915442705 0.008445734 0.402359933 401.173675537 0.027248187 0.998786330 0.041029610 19.218505859 -0.401525050 0.048523828 -0.914561868 -327.690734863
-0.915418506 0.009509024 0.402391016 402.002044678 0.028303696 0.998766899 0.040787268 19.306268692 -0.401506960 0.048726570 -0.914558768 -329.526000977
-0.915291667 0.009125404 0.402688563 402.837188721 0.027411446 0.998836756 0.039670058 19.396816254 -0.401858121 0.047347948 -0.914477110 -331.390197754
-0.915377259 0.007287337 0.402531505 403.658905029 0.025174038 0.998915672 0.039162908 19.483634949 -0.401809633 0.045982171 -0.914568067 -333.234985352
-0.915930033 0.004265260 0.401315391 404.530731201 0.021963434 0.998977780 0.039510243 19.560192108 -0.400736630 0.045002878 -0.915087342 -335.082946777
-0.916278601 0.001467331 0.400539041 405.367248535 0.019487156 0.998972416 0.040919457 19.647041321 -0.400067419 0.045298982 -0.915365696 -336.957031250
-0.916512609 -0.000013806 0.400005758 406.188964844 0.018304303 0.998951018 0.041974187 19.738658905 -0.399586707 0.045791700 -0.915550947 -338.817810059
-0.916922092 -0.001047539 0.399065346 407.008209229 0.017448861 0.998934984 0.042713977 19.831300735 -0.398685068 0.046128616 -0.915927172 -340.653747559
-0.917355418 0.000138357 0.398069382 407.821319580 0.018866695 0.998891234 0.043131325 19.923967361 -0.397622079 0.047077004 -0.916340828 -342.496398926
-0.917455196 0.003542985 0.397823483 408.619293213 0.021899492 0.998893976 0.041608237 20.014497757 -0.397236049 0.046885826 -0.916517973 -344.345581055
-0.917545199 0.008014154 0.397551060 409.421020508 0.025457550 0.998929679 0.038618620 20.099985123 -0.396816075 0.045554999 -0.916767120 -346.184570312
-0.917595506 0.011522032 0.397348672 410.220520020 0.027678959 0.999005675 0.034950435 20.186670303 -0.396550864 0.043068558 -0.917001963 -348.036682129
-0.917728305 0.011337708 0.397046775 411.027374268 0.028020401 0.998950183 0.036240846 20.268390656 -0.396219045 0.044384658 -0.917082548 -349.898681641
-0.918024540 0.008503153 0.396432310 411.837280273 0.026710078 0.998825371 0.040428951 20.349111557 -0.395622879 0.047703512 -0.917173266 -351.732910156
-0.918168068 0.008037763 0.396109223 412.645935059 0.026596239 0.998789370 0.041381992 20.437808990 -0.395297050 0.048530646 -0.917270303 -353.580810547
-0.917769074 0.007791867 0.397038013 413.439025879 0.026811766 0.998741925 0.042376157 20.525371552 -0.396208286 0.049536821 -0.916823268 -355.408630371
-0.917073488 0.007861127 0.398640811 414.234680176 0.027234886 0.998705506 0.042959575 20.615713120 -0.397787064 0.050254021 -0.916100383 -357.246948242
-0.916594505 0.007740952 0.399742931 415.036224365 0.027471017 0.998669088 0.043650892 20.705928802 -0.398873001 0.050991517 -0.915587306 -359.075134277
-0.916346312 0.008176860 0.400303125 415.854400635 0.027899582 0.998665273 0.043466393 20.789646149 -0.399413377 0.050998557 -0.915351272 -360.931091309
-0.915935040 0.008955465 0.401226968 416.665435791 0.028067598 0.998732448 0.041781791 20.878141403 -0.400344223 0.049530879 -0.915025353 -362.760437012
-0.915606856 0.008990408 0.401974380 417.475860596 0.027751131 0.998778939 0.040872492 20.963909149 -0.401116073 0.048578374 -0.914738297 -364.591247559
-0.915265203 0.009304833 0.402744800 418.284942627 0.027776040 0.998811662 0.040046856 21.055093765 -0.401893586 0.047840141 -0.914435983 -366.418151855
-0.914860368 0.009197406 0.403665602 419.088684082 0.027907286 0.998790085 0.040491417 21.140310287 -0.402804792 0.048309207 -0.914010167 -368.247985840
-0.914656639 0.008678428 0.404138625 419.912414551 0.028105238 0.998715401 0.042162172 21.215536118 -0.403253555 0.049922317 -0.913725615 -370.077758789
-0.914673686 0.007807607 0.404117674 420.758758545 0.027718758 0.998671293 0.043443743 21.308204651 -0.403241515 0.050938491 -0.913674712 -371.935607910
-0.914182067 0.008350417 0.405217886 421.575531006 0.027972959 0.998703659 0.042527206 21.404302597 -0.404337466 0.050212748 -0.913230538 -373.796325684
-0.914138913 0.008334123 0.405315638 422.407196045 0.027851213 0.998717546 0.042279251 21.496768951 -0.404443502 0.049937636 -0.913198709 -375.629089355
-0.913977742 0.008576890 0.405674040 423.225860596 0.027830830 0.998747230 0.041586619 21.593620300 -0.404809147 0.049299482 -0.913071394 -377.475952148
-0.914434314 0.008329709 0.404648602 424.069396973 0.027396370 0.998768985 0.041351251 21.672084808 -0.403806031 0.048898906 -0.913536906 -379.296630859
-0.914395332 0.007889948 0.404746264 424.893402100 0.026896205 0.998784959 0.041293520 21.765991211 -0.403928667 0.048644725 -0.913496494 -381.155151367
-0.914924860 0.005961711 0.403580159 425.741180420 0.025243117 0.998778701 0.042472664 21.857223511 -0.402834058 0.049046915 -0.913957953 -383.020507812
-0.915229678 0.004289417 0.402910084 426.565765381 0.023577379 0.998800099 0.042923830 21.945110321 -0.402242541 0.048784718 -0.914232612 -384.879272461
-0.915600419 0.003224081 0.402076423 427.390563965 0.021967793 0.998875439 0.042015061 22.038261414 -0.401488811 0.047301739 -0.914641619 -386.732482910
-0.915788889 0.002858278 0.401650310 428.205780029 0.021245008 0.998919606 0.041331351 22.130456924 -0.401098222 0.046383843 -0.914860129 -388.581665039
-0.916099906 0.001809456 0.400946170 429.030364990 0.021501008 0.998772681 0.044619042 22.228483200 -0.400373340 0.049496245 -0.915014386 -390.438293457
-0.916323543 0.003457671 0.400424004 429.845245361 0.025136502 0.998487353 0.048899978 22.322340012 -0.399649233 0.054873459 -0.915024281 -392.299743652
-0.916280627 0.007364812 0.400469482 430.647094727 0.028906280 0.998439729 0.047776278 22.424043655 -0.399492770 0.055352557 -0.915063858 -394.148559570
-0.916425705 0.010517852 0.400067121 431.488128662 0.030636648 0.998564899 0.043926254 22.530387878 -0.399030983 0.052511856 -0.915432811 -395.987915039
-0.916481018 0.010182014 0.399948627 432.294219971 0.029707925 0.998648226 0.042651728 22.622573853 -0.398973703 0.050971143 -0.915544629 -397.826232910
-0.916651368 0.009861546 0.399566114 433.099731445 0.028845971 0.998720884 0.041526962 22.710004807 -0.398645520 0.049591620 -0.915763259 -399.663940430
-0.916724920 0.009930648 0.399395823 433.935089111 0.028806113 0.998732030 0.041285414 22.800840378 -0.398479402 0.049352404 -0.915848613 -401.516479492
-0.916667104 0.009842968 0.399530292 434.741943359 0.028841125 0.998719335 0.041567180 22.884654999 -0.398609519 0.049626175 -0.915777087 -403.350585938
-0.916702747 0.009135552 0.399465293 435.552215576 0.028443821 0.998694301 0.042433988 22.973115921 -0.398556054 0.050261673 -0.915765643 -405.182495117
-0.916677237 0.008801551 0.399531633 436.363128662 0.028167412 0.998693943 0.042625830 23.061281204 -0.398634672 0.050327897 -0.915727854 -407.023254395
-0.916871071 0.008631601 0.399090201 437.172821045 0.027730700 0.998728156 0.042107910 23.153175354 -0.398219168 0.049674571 -0.915944219 -408.853027344
-0.917056084 0.007461629 0.398688972 437.995452881 0.026503727 0.998754561 0.042271208 23.242172241 -0.397877008 0.049331803 -0.916111708 -410.686035156
-0.917439103 0.007583299 0.397804618 438.804931641 0.026650067 0.998744249 0.042422917 23.336240768 -0.396983385 0.049521949 -0.916489005 -412.514404297
-0.917199016 0.007243930 0.398363739 439.609222412 0.026420308 0.998739839 0.042669240 23.425697327 -0.397552639 0.049661074 -0.916234612 -414.362121582
-0.917472720 0.006798142 0.397740960 440.415802002 0.025755422 0.998771250 0.042339385 23.518726349 -0.396964401 0.049089208 -0.916520476 -416.190063477
-0.917346001 0.005658451 0.398050398 441.215362549 0.024320852 0.998827815 0.041851033 23.608428955 -0.397347003 0.048072804 -0.916408420 -418.010620117
-0.917186141 0.005027891 0.398427278 442.010925293 0.023814745 0.998824596 0.042217419 23.699722290 -0.397746712 0.048209675 -0.916227698 -419.842041016
-0.917034864 0.003575291 0.398790747 442.830718994 0.022500616 0.998830855 0.042786200 23.791707993 -0.398171544 0.048209477 -0.916043162 -421.681579590
