1.000000000 0.000000000 0.000000000 0.000000000 0.000000000 1.000000000 0.000000000 0.000000000 0.000000000 0.000000000 1.000000000 0.000000000
0.999999285 -0.001146399 -0.000238147 -0.001396693 0.001145954 0.999997616 -0.001863224 0.011776138 0.000240282 0.001862950 0.999998212 1.156470180
0.999998212 0.001882331 -0.000193002 0.000433709 -0.001882196 0.999997973 0.000701578 0.014252113 0.000194322 -0.000701213 0.999999762 2.300424337
0.999997079 0.002403011 0.000188107 -0.001287103 -0.002403877 0.999985874 0.004744058 0.015004646 -0.000176704 -0.004744497 0.999988735 3.447654486
0.999995351 0.003039604 -0.000136597 -0.011019719 -0.003038608 0.999972403 0.006781069 0.026585151 0.000157205 -0.006780622 0.999976993 4.610738277
0.999995291 0.003039788 -0.000452533 -0.003436383 -0.003036164 0.999964952 0.007805162 0.036186676 0.000476243 -0.007803751 0.999969423 5.757843494
0.999998569 0.001517723 -0.000724245 -0.018771155 -0.001512696 0.999975085 0.006891008 0.051409908 0.000734685 -0.006889903 0.999975979 6.914408207
0.999998510 0.001533195 -0.000803024 -0.020116050 -0.001528614 0.999982715 0.005674521 0.066238806 0.000811710 -0.005673285 0.999983549 8.049012184
0.999996364 0.002568482 -0.000822258 -0.031057166 -0.002564311 0.999984026 0.005033455 0.067521110 0.000835173 -0.005031328 0.999987006 9.191444397
0.999993324 0.003413461 -0.001304526 -0.028160058 -0.003407340 0.999983311 0.004665972 0.076860592 0.001320431 -0.004661496 0.999988258 10.332290649
0.999992788 0.003560732 -0.001313994 -0.036504958 -0.003553566 0.999979019 0.005416246 0.084350914 0.001333252 -0.005411537 0.999984443 11.454650879
0.999994814 0.002867503 -0.001475999 -0.029007748 -0.002858158 0.999976099 0.006294778 0.090984657 0.001494014 -0.006290527 0.999979079 12.569339752
0.999984622 0.005319888 -0.001581716 -0.043572731 -0.005311053 0.999970555 0.005538747 0.099984109 0.001611135 -0.005530261 0.999983430 13.693006516
0.999991417 0.003817643 -0.001618632 -0.041396908 -0.003808896 0.999978304 0.005372847 0.109129675 0.001639108 -0.005366636 0.999984264 14.815464973
0.999987841 0.004439442 -0.002153185 -0.038797759 -0.004426548 0.999972463 0.005956781 0.120496266 0.002179570 -0.005947177 0.999979913 15.929171562
0.999987185 0.004553348 -0.002219949 -0.040317144 -0.004537733 0.999965310 0.006988889 0.131697804 0.002251695 -0.006978726 0.999973118 17.044672012
0.999988377 0.004012156 -0.002684652 -0.045531146 -0.003991793 0.999963522 0.007548010 0.134247959 0.002714838 -0.007537206 0.999967933 18.146575928
0.999995530 0.001220571 -0.002733716 -0.043367021 -0.001199241 0.999968946 0.007790595 0.149410456 0.002743140 -0.007787282 0.999965906 19.237703323
0.999994397 0.001845686 -0.002782523 -0.054004967 -0.001824312 0.999968946 0.007664481 0.145796508 0.002796583 -0.007659362 0.999966741 20.344474792
0.999990702 0.002834904 -0.003253901 -0.055258915 -0.002820373 0.999986053 0.004461582 0.152943999 0.003266504 -0.004452363 0.999984741 21.434242249
0.999991298 0.001843695 -0.003748680 -0.054263603 -0.001834992 0.999995589 0.002323661 0.168033123 0.003752948 -0.002316762 0.999990284 22.525363922
0.999982774 0.004471758 -0.003795621 -0.059325460 -0.004455647 0.999981046 0.004242490 0.175309479 0.003814521 -0.004225505 0.999983788 23.619535446
0.999968052 0.007073527 -0.003729085 -0.069434889 -0.007048970 0.999953628 0.006557836 0.169019744 0.003775299 -0.006531341 0.999971569 24.713804245
0.999953032 0.008977067 -0.003652823 -0.074150734 -0.008950479 0.999933779 0.007231107 0.180249542 0.003717495 -0.007198073 0.999967158 25.796232224
0.999938130 0.010480567 -0.003725867 -0.079722233 -0.010451470 0.999915361 0.007745066 0.190490201 0.003806724 -0.007705646 0.999963045 26.885789871
0.999912024 0.012523683 -0.004369087 -0.083398096 -0.012493534 0.999898434 0.006860741 0.200336859 0.004454564 -0.006805553 0.999966919 27.964899063
0.999864936 0.015680477 -0.004920760 -0.104122184 -0.015659107 0.999867916 0.004351584 0.208531618 0.004988345 -0.004273942 0.999978423 29.058427811
0.999829412 0.017523259 -0.005834649 -0.114002489 -0.017503783 0.999841094 0.003372443 0.218236730 0.005892818 -0.003269739 0.999977291 30.147480011
0.999760926 0.020984197 -0.006146712 -0.126945689 -0.020951679 0.999766409 0.005307766 0.225131273 0.006256655 -0.005177713 0.999967039 31.258787155
0.999714971 0.022886641 -0.006793565 -0.139459834 -0.022834871 0.999710321 0.007602663 0.233552024 0.006965597 -0.007445366 0.999948025 32.348316193
0.999657810 0.025090035 -0.007398914 -0.159383193 -0.025035609 0.999659479 0.007359323 0.244502187 0.007581040 -0.007171568 0.999945521 33.467418671
0.999658406 0.024717156 -0.008492398 -0.166400343 -0.024663229 0.999675333 0.006397285 0.260805994 0.008647763 -0.006185650 0.999943495 34.554550171
0.999638915 0.025209097 -0.009303783 -0.186141297 -0.025151474 0.999664068 0.006259358 0.271714419 0.009458451 -0.006023095 0.999937117 35.664299011
0.999638200 0.024656707 -0.010748127 -0.190246180 -0.024580758 0.999672353 0.007142044 0.282743394 0.010920703 -0.006875263 0.999916732 36.765666962
0.999632657 0.024713511 -0.011128355 -0.212578744 -0.024637820 0.999672711 0.006888216 0.298188269 0.011294944 -0.006611507 0.999914348 37.888683319
0.999621034 0.025039855 -0.011435434 -0.221106187 -0.024960002 0.999663413 0.007073144 0.310735285 0.011608697 -0.006785035 0.999909580 38.996887207
0.999594867 0.026684815 -0.009899139 -0.241072834 -0.026607879 0.999615312 0.007824026 0.326378942 0.010104114 -0.007557462 0.999920368 40.119979858
0.999600947 0.027066654 -0.008083343 -0.252749741 -0.026993487 0.999594867 0.009027528 0.342502028 0.008324413 -0.008805728 0.999926567 41.230728149
0.999590039 0.027999217 -0.005984304 -0.261402249 -0.027942615 0.999565899 0.009341679 0.348285139 0.006243265 -0.009170632 0.999938488 42.370876312
0.999626577 0.027075620 -0.003690348 -0.259508073 -0.027045380 0.999602079 0.008011781 0.368991792 0.003905803 -0.007908982 0.999961078 43.497425079
0.999670148 0.025648145 -0.001341656 -0.264058650 -0.025637390 0.999643207 0.007498597 0.379989743 0.001533502 -0.007461727 0.999970973 44.622524261
0.999677539 0.025368607 0.001140957 -0.263696909 -0.025376862 0.999646544 0.007921462 0.395431310 -0.000939598 -0.007947861 0.999967992 45.749092102
0.999729455 0.023008248 0.003411320 -0.260896772 -0.023037158 0.999696791 0.008692605 0.411345065 -0.003210284 -0.008768841 0.999956429 46.912914276
0.999744534 0.021878384 0.005674545 -0.258745849 -0.021927807 0.999720812 0.008798761 0.425675601 -0.005480458 -0.008920944 0.999945164 48.062099457
0.999738514 0.021537416 0.007687302 -0.247185156 -0.021595642 0.999738097 0.007573252 0.445968807 -0.007522181 -0.007737283 0.999941766 49.214664459
0.999769926 0.019298429 0.009363521 -0.233125374 -0.019362692 0.999789238 0.006821733 0.458436042 -0.009229899 -0.007001466 0.999932885 50.372409821
0.999759197 0.018927872 0.011105960 -0.227944404 -0.019005757 0.999795198 0.006949773 0.470807195 -0.010972142 -0.007159176 0.999914169 51.550231934
0.999804378 0.015125490 0.012746229 -0.211397529 -0.015226366 0.999853194 0.007854713 0.482059121 -0.012625552 -0.008047255 0.999887884 52.710788727
0.999821126 0.013214193 0.013532160 -0.196586311 -0.013305724 0.999889076 0.006696340 0.493932545 -0.013442172 -0.006875197 0.999886036 53.874668121
0.999830425 0.012444140 0.013576549 -0.174046338 -0.012473466 0.999920070 0.002077430 0.504709542 -0.013549611 -0.002246424 0.999905705 55.038799286
0.999832153 0.011701393 0.014099366 -0.158534288 -0.011683368 0.999930799 -0.001360106 0.514552534 -0.014114305 0.001195149 0.999899685 56.228366852
0.999780357 0.014211108 0.015405352 -0.150688395 -0.014217855 0.999898851 0.000328551 0.520674348 -0.015399125 -0.000547510 0.999881268 57.394466400
0.999766052 0.014920031 0.015658440 -0.120342836 -0.014972435 0.999882698 0.003234840 0.525374472 -0.015608339 -0.003468529 0.999872148 58.574039459
0.999781609 0.014095887 0.015427602 -0.098519668 -0.014154796 0.999892890 0.003715965 0.537531853 -0.015373569 -0.003933528 0.999874055 59.743389130
0.999791622 0.013113407 0.015643461 -0.084663033 -0.013169974 0.999907076 0.003518448 0.538246453 -0.015595868 -0.003723739 0.999871433 60.919635773
0.999828815 0.010766992 0.015045383 -0.068591334 -0.010813884 0.999936938 0.003038791 0.546409070 -0.015011716 -0.003200970 0.999882221 62.092861176
0.999859571 0.009940804 0.013491728 -0.034871046 -0.009994230 0.999942482 0.003898335 0.544292808 -0.013452199 -0.004032627 0.999901354 63.283130646
0.999895811 0.008491813 0.011671416 -0.015659174 -0.008546504 0.999952674 0.004644022 0.553642988 -0.011631428 -0.004743288 0.999921083 64.460380554
0.999900460 0.009967052 0.009989299 -0.010538409 -0.010012370 0.999939740 0.004496845 0.555354893 -0.009943876 -0.004596414 0.999939978 65.649314880
0.999912560 0.010121578 0.008511695 -0.007677789 -0.010152308 0.999942064 0.003574876 0.571566522 -0.008475019 -0.003660976 0.999957383 66.841171265
0.999908566 0.011620088 0.006917987 0.004591009 -0.011653467 0.999920547 0.004804507 0.583650708 -0.006861608 -0.004884687 0.999964535 68.003784180
0.999876916 0.014805474 0.005186648 -0.002524212 -0.014841210 0.999865890 0.006920523 0.591354489 -0.005083491 -0.006996648 0.999962628 69.203674316
0.999844611 0.017304845 0.003359197 -0.002244118 -0.017327324 0.999826849 0.006781725 0.607397735 -0.003241259 -0.006838877 0.999971390 70.362358093
0.999790967 0.020430531 0.000801050 0.003531525 -0.020434083 0.999780118 0.004710307 0.624604642 -0.000704640 -0.004725691 0.999988556 71.557647705
0.999758542 0.021839870 -0.002425524 0.040860012 -0.021832723 0.999757349 0.002934923 0.642824471 0.002489034 -0.002881259 0.999992728 72.793182373
0.999731064 0.022452664 -0.005806941 0.081393138 -0.022438018 0.999744892 0.002575184 0.645555437 0.005863279 -0.002444196 0.999979794 74.050697327
0.999659002 0.025031010 -0.007436216 0.060887858 -0.025021536 0.999686003 0.001364333 0.660912037 0.007468032 -0.001177802 0.999971449 75.223434448
0.999636352 0.025145318 -0.009740130 0.061559960 -0.025144579 0.999683797 0.000198430 0.673461378 0.009742040 0.000046553 0.999952555 76.411018372
0.999607503 0.025410721 -0.011793696 0.055216622 -0.025394741 0.999676347 0.001502681 0.678999007 0.011828064 -0.001202593 0.999929309 77.574821472
0.999563336 0.026628552 -0.012808916 0.031887751 -0.026585806 0.999640405 0.003495987 0.687189937 0.012897404 -0.003153925 0.999911845 78.777450562
0.999534607 0.026559003 -0.015004954 0.022724263 -0.026490608 0.999637842 0.004738658 0.697579920 0.015125374 -0.004338962 0.999876201 79.955619812
0.999503255 0.027104713 -0.016081458 -0.008938076 -0.027024349 0.999621272 0.005193732 0.705488443 0.016216142 -0.004756561 0.999857187 81.147949219
0.999479651 0.026697811 -0.018100010 -0.017743416 -0.026614681 0.999634147 0.004818225 0.721315205 0.018222025 -0.004333992 0.999824584 82.327957153
0.999453008 0.026600119 -0.019648701 -0.038618084 -0.026476163 0.999628067 0.006542000 0.729063630 0.019815411 -0.006018199 0.999785542 83.520515442
0.999457419 0.025564967 -0.020768374 -0.074303582 -0.025395401 0.999642313 0.008387793 0.740353048 0.020975379 -0.007855820 0.999749124 84.700790405
0.999454975 0.023657000 -0.023023335 -0.093915179 -0.023422262 0.999671459 0.010412502 0.751840055 0.023262098 -0.009867569 0.999680698 85.890602112
0.999462724 0.022003772 -0.024293119 -0.128217220 -0.021728400 0.999697268 0.011541723 0.769218564 0.024539726 -0.011007671 0.999638259 87.067169189
0.999429166 0.020754183 -0.026657932 -0.153057918 -0.020494120 0.999740064 0.009991966 0.796691239 0.026858376 -0.009439932 0.999594688 88.259300232
0.999367476 0.021442579 -0.028371075 -0.188291088 -0.021192359 0.999734104 0.009091081 0.810943007 0.028558467 -0.008484080 0.999556124 89.436141968
0.999295235 0.021772094 -0.030577373 -0.226004779 -0.021532614 0.999734998 0.008139561 0.825362802 0.030746484 -0.007475414 0.999499261 90.648941040
0.999225080 0.022440206 -0.032336399 -0.259073436 -0.022180993 0.999719083 0.008352730 0.844527841 0.032514751 -0.007629005 0.999442160 91.838027954
0.999180555 0.023505708 -0.032950636 -0.308614582 -0.023245178 0.999695599 0.008267611 0.846402526 0.033134941 -0.007494893 0.999422789 93.037651062
0.999168217 0.022928759 -0.033722214 -0.349409103 -0.022675512 0.999711871 0.007873225 0.857422709 0.033893023 -0.007102008 0.999400258 94.256965637
0.999184668 0.021163775 -0.034380805 -0.380903453 -0.020868326 0.999742329 0.008929661 0.871018589 0.034560934 -0.008204912 0.999368906 95.444335938
0.999260008 0.018151494 -0.033911023 -0.421739757 -0.017832562 0.999794066 0.009683891 0.883034527 0.034079816 -0.009072005 0.999377966 96.640884399
0.999303877 0.015982183 -0.033710107 -0.456749201 -0.015672097 0.999832571 0.009442906 0.900018215 0.033855382 -0.008908025 0.999387026 97.828384399
0.999386132 0.013699581 -0.032243717 -0.497323990 -0.013383863 0.999860525 0.009987173 0.904979348 0.032376040 -0.009549497 0.999430120 99.031181335
0.999466300 0.012283157 -0.030270396 -0.532214165 -0.011972265 0.999873936 0.010430411 0.922150433 0.030394698 -0.010062438 0.999487340 100.210929871
0.999518514 0.012270536 -0.028498255 -0.565505087 -0.011997618 0.999880731 0.009728019 0.932781935 0.028614223 -0.009381424 0.999546528 101.411926270
0.999613941 0.010532360 -0.025711149 -0.596313119 -0.010330729 0.999914944 0.007962408 0.947866857 0.025792824 -0.007693720 0.999637723 102.581207275
0.999669909 0.009640909 -0.023813149 -0.626967490 -0.009505770 0.999938130 0.005781677 0.954602957 0.023867415 -0.005553407 0.999699712 103.767715454
0.999704182 0.010374255 -0.021997031 -0.642138243 -0.010318847 0.999943316 0.002630847 0.960160673 0.022023076 -0.002403084 0.999754548 104.934516907
0.999773026 0.010235528 -0.018683637 -0.691565216 -0.010213188 0.999947011 0.001290739 0.967904806 0.018695857 -0.001099626 0.999824584 106.124763489
0.999803782 0.010682914 -0.016680898 -0.704670906 -0.010627726 0.999937773 0.003393643 0.970843494 0.016716113 -0.003215697 0.999855101 107.296989441
0.999823928 0.011571970 -0.014773506 -0.726743460 -0.011481583 0.999914944 0.006188410 0.976358414 0.014843861 -0.006017697 0.999871731 108.457946777
0.999851227 0.011165223 -0.013149181 -0.746170163 -0.011080971 0.999917746 0.006462961 0.987231314 0.013220260 -0.006316293 0.999892652 109.623031616
0.999869525 0.010338780 -0.012413215 -0.761792541 -0.010269293 0.999931335 0.005648659 0.997530401 0.012470762 -0.005520447 0.999907017 110.793212891
0.999887049 0.008815433 -0.012171006 -0.773227870 -0.008758853 0.999950647 0.004694248 1.013155222 0.012211787 -0.004587113 0.999914885 111.947319031
0.999874532 0.009428392 -0.012728044 -0.799321175 -0.009362536 0.999942541 0.005223825 1.015239596 0.012776564 -0.005104003 0.999905348 113.136192322
0.999861419 0.009179926 -0.013888812 -0.807639003 -0.009097906 0.999940872 0.005957118 1.022660851 0.013942677 -0.005829933 0.999885798 114.290977478
0.999828815 0.011687328 -0.014342357 -0.838137925 -0.011610311 0.999917805 0.005441416 1.039984345 0.014404774 -0.005273965 0.999882340 115.475372314
0.999802709 0.012286838 -0.015606473 -0.848536730 -0.012205674 0.999911547 0.005285305 1.049026370 0.015670033 -0.005093775 0.999864221 116.635131836
0.999739647 0.016065478 -0.016204344 -0.878392220 -0.015981738 0.999858320 0.005284062 1.053093553 0.016286939 -0.005023713 0.999854743 117.829833984
0.999696493 0.017520607 -0.017317707 -0.897692859 -0.017431619 0.999834120 0.005276276 1.059929371 0.017407278 -0.004972799 0.999836087 118.986938477
0.999654472 0.019527584 -0.017597422 -0.931185186 -0.019450868 0.999800622 0.004520241 1.077332735 0.017682182 -0.004176394 0.999834955 120.175476074
0.999584734 0.021804692 -0.018840723 -0.946401834 -0.021704638 0.999749303 0.005498750 1.088711739 0.018955898 -0.005087535 0.999807358 121.340034485
0.999523520 0.024481516 -0.018797457 -0.974354625 -0.024372870 0.999684989 0.005987389 1.095899940 0.018938117 -0.005526388 0.999805391 122.511306763
0.999463737 0.026099151 -0.019776285 -0.989067078 -0.026003594 0.999648988 0.005073872 1.109310746 0.019901766 -0.004556897 0.999791563 123.674293518
0.999391854 0.029135590 -0.019159159 -1.031215906 -0.029057125 0.999568224 0.004361174 1.117040396 0.019277953 -0.003801811 0.999806941 124.837600708
0.999331057 0.030904278 -0.019554231 -1.050332189 -0.030841095 0.999518096 0.003524599 1.122930765 0.019653734 -0.002919167 0.999802589 125.973175049
0.999304771 0.031646900 -0.019707909 -1.078606844 -0.031599712 0.999496937 0.002701313 1.129775047 0.019783482 -0.002076670 0.999802113 127.133552551
0.999262512 0.032590859 -0.020304762 -1.099313974 -0.032517076 0.999463379 0.003953604 1.130623579 0.020422716 -0.003290436 0.999786019 128.280807495
0.999249339 0.033278149 -0.019831907 -1.134932518 -0.033178616 0.999435246 0.005327034 1.136086226 0.019997980 -0.004665040 0.999789119 129.429367065
0.999229729 0.033734500 -0.020049589 -1.151102662 -0.033609450 0.999413610 0.006541617 1.139064670 0.020258510 -0.005862722 0.999777615 130.558761597
0.999160171 0.036303379 -0.019000106 -1.194954038 -0.036201190 0.999328315 0.005694978 1.144981742 0.019194089 -0.005002369 0.999803245 131.718475342
0.999134600 0.037305303 -0.018395124 -1.219744325 -0.037217662 0.999294221 0.005084043 1.153979778 0.018571803 -0.004395020 0.999817848 132.839660645
0.999118924 0.037959769 -0.017899139 -1.249019146 -0.037854642 0.999264181 0.006176214 1.153982878 0.018120416 -0.005493207 0.999820709 133.970001221
0.999139071 0.037394326 -0.017964553 -1.259384990 -0.037255138 0.999273598 0.008021251 1.159785509 0.018251453 -0.007345074 0.999806464 135.090194702
0.999193013 0.036494073 -0.016779101 -1.289800525 -0.036327686 0.999288738 0.010116377 1.168744206 0.017136354 -0.009498668 0.999808013 136.215530396
0.999291778 0.033850744 -0.016434573 -1.303214192 -0.033654816 0.999360800 0.012055479 1.184414268 0.016832156 -0.011493838 0.999792278 137.322387695
0.999340475 0.032767013 -0.015650013 -1.333955050 -0.032575328 0.999392986 0.012350197 1.187475681 0.016045192 -0.011832247 0.999801278 138.428131104
0.999381900 0.031301342 -0.016003134 -1.345354080 -0.031136913 0.999460757 0.010422839 1.204193950 0.016320752 -0.009918108 0.999817610 139.527572632
0.999439061 0.029574543 -0.015713312 -1.363201499 -0.029413616 0.999513447 0.010375759 1.211473227 0.016012525 -0.009907753 0.999822676 140.624572754
0.999501526 0.028048724 -0.014492028 -1.391301155 -0.027876802 0.999540150 0.011932154 1.227724195 0.014820046 -0.011522215 0.999823809 141.706390381
0.999511540 0.027698353 -0.014472969 -1.403264761 -0.027498230 0.999525905 0.013848092 1.243842006 0.014849678 -0.013443347 0.999799371 142.798233032
0.999558806 0.025910011 -0.014521005 -1.421354413 -0.025710111 0.999574363 0.013787828 1.262814283 0.014872067 -0.013408409 0.999799490 143.871063232
0.999554098 0.025990089 -0.014701055 -1.451267719 -0.025801415 0.999584079 0.012881408 1.276035309 0.015029730 -0.012496356 0.999808967 144.937591553
0.999585092 0.024855847 -0.014556000 -1.460572839 -0.024658551 0.999603689 0.013580380 1.290848613 0.014887784 -0.013215815 0.999801815 146.006439209
0.999601960 0.024672039 -0.013680413 -1.492668629 -0.024467677 0.999589443 0.014909633 1.302413821 0.014042648 -0.014568971 0.999795258 147.073532104
0.999611914 0.024450948 -0.013348620 -1.503772616 -0.024231851 0.999572873 0.016335607 1.321527243 0.013742340 -0.016005805 0.999777436 148.135864258
0.999636412 0.023695886 -0.012867833 -1.531909704 -0.023485877 0.999592364 0.016233470 1.336046219 0.013247255 -0.015925355 0.999785423 149.206344604
0.999695241 0.021348981 -0.012393728 -1.542216301 -0.021154838 0.999654651 0.015589848 1.350657344 0.012722275 -0.015322911 0.999801636 150.247375488
0.999780357 0.017395958 -0.011686625 -1.556438088 -0.017243886 0.999766946 0.012989635 1.358653426 0.011909869 -0.012785259 0.999847353 151.280868530
0.999808729 0.015796077 -0.011534688 -1.563244939 -0.015687779 0.999832571 0.009419768 1.375164390 0.011681552 -0.009237012 0.999889076 152.318237305
0.999861598 0.012807474 -0.010618594 -1.579454064 -0.012739399 0.999898016 0.006454039 1.377051950 0.010700171 -0.006317871 0.999922812 153.363021851
0.999865413 0.012901591 -0.010134447 -1.589529157 -0.012858394 0.999908030 0.004316178 1.384024382 0.010189201 -0.004185284 0.999939322 154.396240234
0.999873459 0.012031131 -0.010406825 -1.592088580 -0.011993673 0.999921381 0.003654366 1.387564301 0.010449973 -0.003529088 0.999939144 155.442504883
0.999848723 0.013722913 -0.010684939 -1.590222716 -0.013661649 0.999889910 0.005785791 1.390826225 0.010763161 -0.005638942 0.999926150 156.472122192
0.999858618 0.014678439 -0.008201442 -1.618078351 -0.014610987 0.999859452 0.008224621 1.404619932 0.008321014 -0.008103627 0.999932528 157.492736816
0.999802768 0.018656932 -0.006805038 -1.629251361 -0.018592790 0.999783218 0.009370344 1.412299871 0.006978385 -0.009241971 0.999932945 158.503372192
0.999778390 0.020444658 -0.005017543 -1.645806551 -0.020402774 0.999757707 0.008261354 1.414483190 0.005185227 -0.008157151 0.999953270 159.516845703
0.999742627 0.022384407 -0.003697811 -1.649906397 -0.022360463 0.999729514 0.006394519 1.420680285 0.003839948 -0.006310189 0.999972701 160.515457153
0.999734879 0.022967653 -0.001615035 -1.662833333 -0.022959786 0.999725163 0.004731671 1.422343373 0.001723266 -0.004693336 0.999987483 161.520828247
0.999720871 0.023619387 0.000516772 -1.664915562 -0.023621291 0.999712765 0.004053911 1.429029226 -0.000420873 -0.004064986 0.999991655 162.493392944
0.999676406 0.025324548 0.002400344 -1.674101472 -0.025336841 0.999665260 0.005237628 1.417854071 -0.002266900 -0.005296750 0.999983430 163.466873169
0.999700367 0.024107205 0.004240641 -1.669630885 -0.024138788 0.999680042 0.007561033 1.420201659 -0.004057008 -0.007661132 0.999962449 164.409210205
0.999716043 0.023044875 0.006065113 -1.663911819 -0.023105737 0.999681354 0.010163604 1.418954492 -0.005828962 -0.010300857 0.999929965 165.351379395
0.999721825 0.022186030 0.008004967 -1.651393175 -0.022282271 0.999678016 0.012140767 1.426030636 -0.007733034 -0.012315758 0.999894261 166.266738892
0.999699235 0.022332732 0.010134232 -1.651398063 -0.022459637 0.999668539 0.012586334 1.431844711 -0.009849786 -0.012810159 0.999869406 167.191696167
0.999674618 0.022483930 0.012046563 -1.642549038 -0.022623383 0.999677122 0.011567670 1.443906903 -0.011782587 -0.011836439 0.999860525 168.085571289
0.999646366 0.022733042 0.013795014 -1.632149577 -0.022879211 0.999682784 0.010532039 1.444850564 -0.013551213 -0.010843934 0.999849379 168.942764282
0.999648333 0.021614412 0.015361849 -1.630746126 -0.021756867 0.999721289 0.009167370 1.452146292 -0.015159420 -0.009498373 0.999839962 169.844543457
0.999607086 0.022374395 0.016883317 -1.617594838 -0.022519566 0.999710619 0.008457799 1.460605383 -0.016689193 -0.008834681 0.999821723 170.689483643
0.999587417 0.022160087 0.018273348 -1.600966215 -0.022322092 0.999712884 0.008709888 1.463211775 -0.018075090 -0.009114194 0.999795079 171.519180298
0.999556839 0.022323517 0.019693265 -1.602849007 -0.022521317 0.999697566 0.009880071 1.470702171 -0.019466750 -0.010319211 0.999757230 172.390457153
0.999606848 0.019079678 0.020544909 -1.583498955 -0.019311292 0.999751508 0.011134785 1.472267628 -0.020327356 -0.011527156 0.999726951 173.178451538
0.999558508 0.020073133 0.021905592 -1.573733091 -0.020326247 0.999728501 0.011393935 1.472211361 -0.021670932 -0.011834164 0.999695122 173.963073730
0.999529481 0.020345721 0.022952946 -1.559583902 -0.020566253 0.999744177 0.009413175 1.476797104 -0.022755556 -0.009880803 0.999692202 174.708496094
0.999509454 0.020607654 0.023583027 -1.548044562 -0.020801924 0.999751449 0.008022223 1.480480075 -0.023411844 -0.008508859 0.999689698 175.478637695
0.999528766 0.018415099 0.024559245 -1.526962042 -0.018576153 0.999807298 0.006345740 1.489596367 -0.024437655 -0.006798965 0.999678254 176.200256348
0.999495268 0.018512877 0.025815720 -1.514212728 -0.018706469 0.999798536 0.007277762 1.490762115 -0.025675787 -0.007757009 0.999640226 176.907104492
0.999435067 0.019457771 0.027403688 -1.503006577 -0.019684369 0.999774039 0.008023493 1.490289092 -0.027241375 -0.008558384 0.999592245 177.594985962
0.999387681 0.019592129 0.028989427 -1.483278513 -0.019865956 0.999760449 0.009188052 1.493803382 -0.028802469 -0.009758329 0.999537468 178.261749268
0.999349415 0.019177908 0.030543372 -1.466232657 -0.019470653 0.999767005 0.009316128 1.497602940 -0.030357592 -0.009904766 0.999490023 178.912536621
0.999265492 0.019989144 0.032694634 -1.443918109 -0.020265250 0.999761522 0.008135497 1.499775052 -0.032524217 -0.008792086 0.999432266 179.549880981
0.999159336 0.020326668 0.035600908 -1.426100850 -0.020556878 0.999769986 0.006112306 1.497890234 -0.035468478 -0.006839011 0.999347389 180.164855957
0.999085367 0.018720925 0.038444646 -1.400847077 -0.018902892 0.999811769 0.004375174 1.499901414 -0.038355500 -0.005097887 0.999251127 180.760360718
0.998974264 0.017826010 0.041625060 -1.378477097 -0.018027663 0.999827504 0.004474153 1.504671335 -0.041538123 -0.005219967 0.999123275 181.341506958
0.998842657 0.017397543 0.044840716 -1.348163486 -0.017635614 0.999832392 0.004919111 1.509442687 -0.044747621 -0.005704211 0.998982012 181.901428223
0.998667896 0.019080136 0.047941092 -1.324892163 -0.019345708 0.999799967 0.005081653 1.512822509 -0.047834542 -0.006002338 0.998837233 182.445327759
0.998512566 0.019501232 0.050915711 -1.299585819 -0.019803759 0.999789059 0.005443962 1.510118008 -0.050798807 -0.006444186 0.998688102 182.970046997
0.998384893 0.018810662 0.053607769 -1.269448876 -0.019194035 0.999793708 0.006645579 1.508960009 -0.053471703 -0.007663795 0.998539984 183.479049683
0.998211086 0.019260973 0.056601185 -1.244894981 -0.019683437 0.999782324 0.006915804 1.509898424 -0.056455661 -0.008017538 0.998372912 183.980148315
0.998081625 0.017224699 0.059467033 -1.209945679 -0.017675009 0.999818921 0.007054691 1.515774488 -0.059334747 -0.008092238 0.998205364 184.458480835
0.997960508 0.016625443 0.061631404 -1.182557702 -0.017163318 0.999818981 0.008208159 1.519926190 -0.061483786 -0.009249219 0.998065233 184.928375244
0.997829318 0.018887116 0.063086592 -1.161621928 -0.019425459 0.999779880 0.007930908 1.518493056 -0.062922917 -0.009139178 0.997976542 185.380233765
0.997733891 0.021029089 0.063912883 -1.132214785 -0.021485118 0.999748349 0.006456180 1.516407371 -0.063761033 -0.007814725 0.997934580 185.815765381
0.997715652 0.022272872 0.063776292 -1.111578107 -0.022684781 0.999726176 0.005741754 1.520597696 -0.063630946 -0.007175388 0.997947693 186.228027344
0.997750580 0.023018185 0.062959813 -1.090085387 -0.023464696 0.999704421 0.006361719 1.525301695 -0.062794775 -0.007824741 0.997995794 186.637664795
0.997896492 0.023196841 0.060534727 -1.065902591 -0.023631850 0.999699712 0.006480003 1.532100677 -0.060366236 -0.007896920 0.998145044 187.015975952
0.998025775 0.024272028 0.057926413 -1.053429127 -0.024663124 0.999677539 0.006046135 1.531347871 -0.057760980 -0.007462845 0.998302519 187.382186890
0.998202562 0.025832945 0.054076452 -1.031606436 -0.026182622 0.999640524 0.005767796 1.537483573 -0.053908013 -0.007173292 0.998520136 187.733825684
0.998344898 0.028354403 0.050034370 -1.040708899 -0.028794320 0.999552608 0.008093368 1.528998017 -0.049782503 -0.009520679 0.998714685 188.050262451
0.998551369 0.030477446 0.044342343 -1.038801193 -0.030963764 0.999467194 0.010322015 1.528632879 -0.044004127 -0.011680068 0.998963058 188.360214233
0.998788238 0.031927072 0.037453171 -1.035991430 -0.032354876 0.999417305 0.010872264 1.528731108 -0.037084229 -0.012070882 0.999239266 188.639022827
0.999009311 0.033403579 0.029404461 -1.037081957 -0.033756673 0.999362826 0.011594586 1.527354121 -0.028998425 -0.012575696 0.999500334 188.903442383
0.999201238 0.034203220 0.020664727 -1.042325854 -0.034452882 0.999336064 0.011848658 1.529542923 -0.020245746 -0.012551153 0.999716222 189.147430420
0.999294460 0.035816181 0.011305532 -1.057877064 -0.035948828 0.999284506 0.011756168 1.534745812 -0.010876382 -0.012154293 0.999866962 189.366989136
0.999301016 0.037333157 0.001936043 -1.084467530 -0.037354551 0.999223411 0.012540289 1.524627566 -0.001466371 -0.012603844 0.999919474 189.580474854
0.999237239 0.038371228 -0.007255337 -1.112588286 -0.038270906 0.999176264 0.013494272 1.514151812 0.007767153 -0.013206310 0.999882638 189.778274536
0.999077857 0.039631538 -0.016516099 -1.130628109 -0.039404020 0.999126971 0.013880773 1.521002412 0.017051795 -0.013217172 0.999767244 189.950469971
0.998799980 0.041106533 -0.026624525 -1.123582602 -0.040748123 0.999073207 0.013867372 1.549948215 0.027169891 -0.012765831 0.999549329 190.101303101
0.998400927 0.042358745 -0.037434645 -1.137911201 -0.041885134 0.999033272 0.013346977 1.551106215 0.037963819 -0.011757678 0.999209940 190.247787476
0.997850120 0.043905519 -0.048656300 -1.168926835 -0.043385535 0.998989999 0.011692518 1.555277348 0.049120523 -0.009556402 0.998747110 190.386886597
0.997146964 0.044565950 -0.060924813 -1.177144170 -0.043964457 0.998970568 0.011178482 1.556093574 0.061360274 -0.008468064 0.998079777 190.526275635
0.996215701 0.044943448 -0.074393168 -1.195755601 -0.044152625 0.998949766 0.012241811 1.557583451 0.074865229 -0.008910832 0.997153819 190.668899536
0.995125115 0.045507770 -0.087493099 -1.224934101 -0.044458747 0.998914480 0.013902278 1.561232567 0.088030785 -0.009944673 0.996068120 190.815765381
0.993857801 0.046451259 -0.100444056 -1.257420301 -0.045122776 0.998861849 0.015459032 1.562150836 0.101047829 -0.010831765 0.994822621 190.953384399
0.992300272 0.047262438 -0.114483468 -1.286814570 -0.045648944 0.998818338 0.016676040 1.566985846 0.115136333 -0.011321589 0.993285179 191.094253540
0.990492404 0.048062809 -0.128898188 -1.319101572 -0.046126548 0.998773992 0.017966805 1.568214655 0.129603699 -0.011850357 0.991495073 191.235336304
0.988465667 0.047898423 -0.143670931 -1.354536057 -0.045717284 0.998784065 0.018446449 1.574400663 0.144379795 -0.011665437 0.989453554 191.366058350
0.985941708 0.047903527 -0.160075679 -1.395294666 -0.045596749 0.998796761 0.018054891 1.581735373 0.160747975 -0.010502140 0.986939609 191.515502930
0.982844710 0.047148827 -0.178306758 -1.438778162 -0.044840429 0.998850226 0.016956402 1.585600615 0.178901225 -0.008670159 0.983828843 191.665298462
0.979067564 0.046492476 -0.198154241 -1.485695601 -0.044240560 0.998896301 0.015778938 1.584203243 0.198669136 -0.006682192 0.980043828 191.814193726
0.974295974 0.045502324 -0.220628321 -1.542929411 -0.043118231 0.998947978 0.015612390 1.589246273 0.221106619 -0.005697987 0.975233018 191.995513916
0.968445301 0.045255400 -0.245083019 -1.617439389 -0.042464513 0.998959005 0.016662646 1.596151471 0.245581970 -0.005729531 0.969358921 192.191909790
0.961175323 0.045150667 -0.272219539 -1.701428413 -0.041846417 0.998963058 0.017934449 1.609121919 0.272747010 -0.005846738 0.962068021 192.410736084
0.952326775 0.045831718 -0.301617682 -1.804059982 -0.041874595 0.998931110 0.019575873 1.615242958 0.302192450 -0.006012511 0.953227997 192.642272949
0.941793025 0.045927577 -0.333041281 -1.915572643 -0.041032542 0.998921692 0.021720696 1.625698924 0.333679736 -0.006790871 0.942662001 192.874465942
0.929631591 0.045523651 -0.365667522 -2.048899889 -0.039513879 0.998933017 0.023906227 1.637596369 0.366365641 -0.007775044 0.930438459 193.124237061
0.915420532 0.044136088 -0.400071591 -2.170415401 -0.036579330 0.998979092 0.026509160 1.642736912 0.400833160 -0.009632683 0.916100442 193.362258911
0.899150133 0.043021336 -0.435520679 -2.329864979 -0.033887915 0.999012887 0.028720899 1.656633854 0.436326385 -0.011065512 0.899720430 193.623901367
0.880699217 0.042724971 -0.471745163 -2.519108772 -0.032186151 0.999019742 0.030390920 1.670154810 0.472581208 -0.011581597 0.881211042 193.898483276
0.859711885 0.043387573 -0.508933246 -2.716187477 -0.031031920 0.998981893 0.032744750 1.687820554 0.509835780 -0.012357878 0.860183001 194.163696289
0.836022019 0.044056572 -0.546924353 -2.929314613 -0.029436665 0.998937070 0.035471167 1.706951261 0.547905743 -0.013555052 0.836430252 194.451507568
0.810646474 0.045137417 -0.583793521 -3.177961349 -0.028407222 0.998882055 0.037785169 1.727002025 0.584846377 -0.014046463 0.811022460 194.738479614
0.783037066 0.047157656 -0.620184779 -3.438398361 -0.028142687 0.998786628 0.040413234 1.746041894 0.621338010 -0.014191399 0.783414125 195.011993408
0.753879786 0.048816301 -0.655196369 -3.725093842 -0.027712522 0.998711050 0.042523850 1.768505812 0.656427681 -0.013900733 0.754260898 195.293594360
0.723515391 0.049912054 -0.688501477 -4.035419464 -0.027529344 0.998675466 0.043468375 1.796497703 0.689759135 -0.012496049 0.723931134 195.563461304
0.692910790 0.050160751 -0.719276428 -4.360740662 -0.025283543 0.998654008 0.045287170 1.818228960 0.720579922 -0.013194112 0.693246365 195.826446533
0.661384225 0.049852926 -0.748388648 -4.706840515 -0.020978658 0.998627841 0.047982510 1.845658064 0.749753833 -0.016034691 0.661522627 196.118057251
0.630077362 0.050444528 -0.774892211 -5.075855255 -0.016031584 0.998520136 0.051966894 1.873196602 0.776366889 -0.020320421 0.629953623 196.391937256
0.598750114 0.051639095 -0.799269557 -5.481925964 -0.012449669 0.998398900 0.055178106 1.911417484 0.800839186 -0.023087259 0.598434329 196.662887573
0.565877557 0.053415146 -0.822757244 -5.897693634 -0.009489815 0.998255074 0.058281917 1.942583561 0.824434757 -0.025172617 0.565397024 196.920150757
0.531327605 0.053312059 -0.845487297 -6.383766174 -0.003608312 0.998151302 0.060670700 1.986815214 0.847158730 -0.029185236 0.530537724 197.205230713
0.494761527 0.055791114 -0.867236078 -6.861404419 0.001516359 0.997880161 0.065060817 2.022713661 0.869027495 -0.033504635 0.493628144 197.454467773
0.457082033 0.057350405 -0.887573600 -7.365150452 0.007737331 0.997624815 0.068445906 2.066736221 0.889390886 -0.038152844 0.455552638 197.698364258
0.419828236 0.058072276 -0.905743837 -7.876129150 0.010979160 0.997552931 0.069047712 2.105483055 0.907537162 -0.038932487 0.418163300 197.892150879
0.382803619 0.058298588 -0.921988487 -8.415962219 0.010495616 0.997668028 0.067441627 2.148479939 0.923770189 -0.035493743 0.381299078 198.083282471
0.348286748 0.057038907 -0.935651124 -8.971069336 0.012102824 0.997790158 0.065332174 2.192165852 0.937309980 -0.034078356 0.346826732 198.260299683
0.316190422 0.054077312 -0.947153330 -9.545417786 0.016732611 0.997900903 0.062560618 2.245061874 0.948548257 -0.035629414 0.314621806 198.437484741
0.287667334 0.049958609 -0.956426561 -10.142021179 0.020094814 0.998103857 0.058179595 2.290331364 0.957519591 -0.035955586 0.286117971 198.596862793
0.260326087 0.048045039 -0.964324713 -10.767639160 0.021569362 0.998222530 0.055556718 2.338393688 0.965279877 -0.035262737 0.258827090 198.753463745
0.234570980 0.048015688 -0.970912516 -11.411804199 0.020522418 0.998312175 0.054328911 2.379620552 0.971882463 -0.032669462 0.233189642 198.885498047
0.208638430 0.047244549 -0.976851046 -12.076293945 0.021856410 0.998357773 0.052952856 2.423379898 0.977748573 -0.032398459 0.207263231 199.009643555
0.181981504 0.048582166 -0.982101142 -12.752120972 0.022700451 0.998304963 0.053590085 2.465913296 0.983039975 -0.032046545 0.180570185 199.121307373
0.156727552 0.050522726 -0.986348867 -13.460723877 0.025120659 0.998163700 0.055119500 2.508967876 0.987322450 -0.033416480 0.155170560 199.211029053
0.133328259 0.052982982 -0.989654720 -14.179977417 0.022793155 0.998141944 0.056508102 2.551732063 0.990809798 -0.030091481 0.131872892 199.287628174
0.112330973 0.055558350 -0.992116511 -14.904342651 0.020759104 0.998086572 0.058243100 2.600469589 0.993454039 -0.027137956 0.110962689 199.358169556
0.094475329 0.057172053 -0.993884146 -15.648391724 0.018761635 0.998070061 0.059196256 2.645624161 0.995350361 -0.024239479 0.093220353 199.409088135
0.079325199 0.057216372 -0.995205462 -16.396469116 0.017955352 0.998107433 0.058814395 2.696480274 0.996687114 -0.022534734 0.078147769 199.456390381
0.066929996 0.057057247 -0.996124923 -17.194274902 0.018256953 0.998126388 0.058398582 2.748188496 0.997590661 -0.022094823 0.065762937 199.500213623
0.057471514 0.056777190 -0.996731341 -17.971572876 0.018571567 0.998147964 0.057928722 2.803797722 0.998174369 -0.021840116 0.056310654 199.542007446
0.050541759 0.057200998 -0.997082531 -18.811203003 0.017832160 0.998147666 0.058166008 2.857327938 0.998562753 -0.020719944 0.049428105 199.564773560
0.044862390 0.058358502 -0.997287214 -19.624206543 0.018495554 0.998072624 0.059236478 2.915168762 0.998822033 -0.021102874 0.043696523 199.598800659
0.040719151 0.059632059 -0.997389734 -20.465469360 0.019400964 0.997982085 0.060459550 2.962342739 0.998982430 -0.021812191 0.039480031 199.625045776
0.036651611 0.062121727 -0.997395515 -21.294418335 0.020115145 0.997817934 0.062887222 3.020604610 0.999125719 -0.022367677 0.035322070 199.657928467
0.033136010 0.064835951 -0.997345567 -22.162826538 0.021821544 0.997608781 0.065578066 3.075763702 0.999212563 -0.023936616 0.031641960 199.669036865
0.028938711 0.065965533 -0.997402132 -23.010726929 0.023741940 0.997493207 0.066660404 3.136348248 0.999299169 -0.025609327 0.027300000 199.700073242
0.026512504 0.064440809 -0.997569323 -23.874603271 0.023709636 0.997598827 0.065072857 3.196343422 0.999367297 -0.025377253 0.024921000 199.711257935
0.024739206 0.060255412 -0.997876406 -24.735839844 0.022957403 0.997884393 0.060825054 3.256285191 0.999430299 -0.024413414 0.023303568 199.726318359
0.024356604 0.055729348 -0.998148799 -25.615570068 0.022458741 0.998162508 0.056278147 3.313677788 0.999451041 -0.023787908 0.023060203 199.741699219
0.024457395 0.052421078 -0.998325586 -26.498107910 0.022467799 0.998343170 0.052972432 3.369584560 0.999448419 -0.023725746 0.023239076 199.764236450
0.024863124 0.051637415 -0.998356342 -27.369064331 0.020214949 0.998434901 0.052144911 3.421223640 0.999486446 -0.021478208 0.023780346 199.782562256
0.026697874 0.051928673 -0.998293936 -28.281143188 0.018824069 0.998446643 0.052440044 3.473246098 0.999466419 -0.020191995 0.025678933 199.800201416
0.028117776 0.055640098 -0.998055100 -29.176116943 0.017909963 0.998261333 0.056156181 3.526231766 0.999444366 -0.019454125 0.027072370 199.833435059
0.030378938 0.060157809 -0.997726500 -30.103698730 0.016257357 0.998025417 0.060670838 3.588831902 0.999406219 -0.018063514 0.029340982 199.849655151
0.032373965 0.062629163 -0.997511744 -31.013061523 0.015084866 0.997890532 0.063142523 3.645850182 0.999362111 -0.017091513 0.031360924 199.884277344
0.034302771 0.062305037 -0.997467518 -31.928146362 0.014987360 0.997910559 0.062848128 3.708405972 0.999299169 -0.017105270 0.033297300 199.908370972
0.036249518 0.061312076 -0.997460186 -32.835632324 0.015513336 0.997961402 0.061906666 3.768974781 0.999222338 -0.017718019 0.035224438 199.945343018
0.038043380 0.060063783 -0.997469366 -33.786437988 0.017826501 0.997992277 0.060775176 3.837797165 0.999117136 -0.020093482 0.036896229 199.985565186
0.039774954 0.060663454 -0.997365534 -34.713989258 0.017919475 0.997951508 0.061413731 3.902405262 0.999048054 -0.020314997 0.038606405 200.026641846
0.042096794 0.061852947 -0.997197211 -35.645416260 0.018351262 0.997865617 0.062669121 3.955511093 0.998945117 -0.020938003 0.040871859 200.062133789
0.043850601 0.061812658 -0.997124135 -36.604141235 0.018546922 0.997861683 0.062674031 4.016370773 0.998866022 -0.021241885 0.042610407 200.101654053
0.045447469 0.060269669 -0.997147143 -37.548950195 0.019405631 0.997936726 0.061201870 4.081065655 0.998778403 -0.022131747 0.044184148 200.153320312
0.047798872 0.059023503 -0.997111678 -38.505630493 0.018454116 0.998030007 0.059962515 4.141135693 0.998686612 -0.021266958 0.046615481 200.186004639
0.049677372 0.058924101 -0.997025609 -39.473114014 0.018267080 0.998037577 0.059894077 4.208913326 0.998598278 -0.021188129 0.048503518 200.232406616
0.051236212 0.060920104 -0.996826768 -40.446609497 0.018030770 0.997918606 0.061913606 4.271850586 0.998523831 -0.021145776 0.050031126 200.284759521
0.052964211 0.062280990 -0.996652365 -41.438888550 0.016791673 0.997856557 0.063248590 4.336293221 0.998455226 -0.020085372 0.051804900 200.334259033
0.054640234 0.062807620 -0.996528924 -42.422363281 0.015351546 0.997848928 0.063732564 4.401393890 0.998388231 -0.018780630 0.053558469 200.386260986
0.055998683 0.062155318 -0.996494412 -43.419189453 0.014484319 0.997904778 0.063057259 4.465186596 0.998325884 -0.017964669 0.054981112 200.440704346
0.057381749 0.062113304 -0.996418297 -44.413314819 0.012738835 0.997935891 0.062941514 4.537893772 0.998271108 -0.016304908 0.056472063 200.490585327
0.059175670 0.063713171 -0.996212363 -45.400833130 0.011668820 0.997848749 0.064510971 4.602366447 0.998179495 -0.015442109 0.058304906 200.549606323
0.061052084 0.066744871 -0.995900512 -46.417129517 0.008385145 0.997692227 0.067378990 4.672834396 0.998099387 -0.012464400 0.060351491 200.608215332
0.063243032 0.068201579 -0.995665133 -47.428939819 0.006642272 0.997611344 0.068756804 4.745436192 0.997976184 -0.010961874 0.062638938 200.666656494
0.066785991 0.068615168 -0.995405197 -48.438156128 0.008213979 0.997561038 0.069314882 4.816216946 0.997733474 -0.012805498 0.066059470 200.729675293
0.069950998 0.068516850 -0.995194733 -49.448669434 0.008699092 0.997558534 0.069291048 4.892874241 0.997512639 -0.013504278 0.069184184 200.799453735
0.073320448 0.068689771 -0.994940162 -50.478057861 0.009510062 0.997531772 0.069569528 4.973369598 0.997263134 -0.014562814 0.072486222 200.863555908
0.076020598 0.067623399 -0.994810641 -51.484497070 0.011058877 0.997579038 0.068656683 5.038022041 0.997045040 -0.016220815 0.075088680 200.952880859
0.079090178 0.064667426 -0.994767964 -52.508117676 0.009730691 0.997796059 0.065637939 5.112036705 0.996820152 -0.014871106 0.078286588 201.025314331
0.081821322 0.059961040 -0.994841754 -53.527740479 0.006138446 0.998139322 0.060664658 5.177446365 0.996628225 -0.011070452 0.081301033 201.109054565
0.084653676 0.056715649 -0.994795024 -54.529075623 0.001991940 0.998367131 0.057088811 5.241199493 0.996408522 -0.006814352 0.084402442 201.198684692
0.088316798 0.058240201 -0.994388521 -55.556648254 0.004058713 0.998259902 0.058827434 5.307246208 0.996084332 -0.009231398 0.087926745 201.286437988
0.091283441 0.065597683 -0.993662119 -56.587913513 0.004732113 0.997788191 0.066304788 5.374505043 0.995813727 -0.010754651 0.090771079 201.382324219
0.094821811 0.073418953 -0.992783189 -57.623474121 0.009020775 0.997172356 0.074605130 5.446797848 0.995453358 -0.016029866 0.093891382 201.473449707
0.096435368 0.076640069 -0.992384315 -58.652236938 0.012200727 0.996865273 0.078171737 5.519175529 0.995264530 -0.019646335 0.095197976 201.581542969
0.099847436 0.073901460 -0.992254555 -59.678993225 0.015991662 0.996989965 0.075863346 5.604911327 0.994874299 -0.023442565 0.098365068 201.687133789
0.102711976 0.070267446 -0.992226303 -60.702041626 0.015626449 0.997264743 0.072241873 5.683690548 0.994588554 -0.022925084 0.101332963 201.788558960
0.105471492 0.068534561 -0.992057920 -61.731742859 0.012182587 0.997458339 0.070202850 5.763152122 0.994347751 -0.019490233 0.104368448 201.893707275
0.107632399 0.065217204 -0.992049456 -62.749176025 0.012647999 0.997675538 0.066959314 5.838567734 0.994110405 -0.019754440 0.106557369 202.005355835
0.109912932 0.060443949 -0.992101610 -63.788925171 0.012023639 0.997995317 0.062135100 5.909396172 0.993868470 -0.018758126 0.108965874 202.115966797
0.112432063 0.055318005 -0.992118537 -64.819915771 0.011641682 0.998307288 0.056982383 5.978145599 0.993591368 -0.017956587 0.111597776 202.234756470
0.114941239 0.053626336 -0.991923749 -65.851409912 0.010862321 0.998414218 0.055235926 6.045182228 0.993312895 -0.017123481 0.114176452 202.349578857
0.117638350 0.055685330 -0.991493940 -66.913795471 0.009751196 0.998313665 0.057225298 6.111429214 0.993008554 -0.016400140 0.116896987 202.467102051
0.120472252 0.058463633 -0.990993619 -67.960594177 0.008181199 0.998171926 0.059881683 6.175721645 0.992682934 -0.015321596 0.119773746 202.583923340
0.123093963 0.059389092 -0.990616500 -69.024345398 0.009957328 0.998083591 0.061074063 6.249034882 0.992345154 -0.017381750 0.122266710 202.721862793
0.125367403 0.059944920 -0.990297735 -70.069824219 0.010330708 0.998039961 0.061721392 6.315205574 0.992056608 -0.017968329 0.124502420 202.853363037
0.128298104 0.060782894 -0.989871264 -71.121971130 0.012023823 0.997951329 0.062837467 6.387826920 0.991662800 -0.019963967 0.127304435 202.994415283
0.130774975 0.062256373 -0.989455402 -72.199951172 0.011793807 0.997858107 0.064343840 6.459895611 0.991341889 -0.020084009 0.129760623 203.122924805
0.133681774 0.063477837 -0.988989234 -73.256172180 0.011698590 0.997775912 0.065623105 6.529134274 0.990955293 -0.020342397 0.132641852 203.265747070
0.136193216 0.063817546 -0.988624752 -74.326438904 0.009796506 0.997787476 0.065758593 6.606295109 0.990633965 -0.018640947 0.135266721 203.404235840
0.138924599 0.063762732 -0.988248169 -75.412269592 0.009134110 0.997800052 0.065663077 6.684221268 0.990260959 -0.018148988 0.138036549 203.550598145
0.141321957 0.064022616 -0.987891436 -76.477096558 0.006827111 0.997819841 0.065642700 6.758842468 0.989940286 -0.016021207 0.140576720 203.699142456
0.144105017 0.064096920 -0.987484396 -77.546943665 0.006369066 0.997819304 0.065697208 6.830814362 0.989541948 -0.015756659 0.143382549 203.846008301
0.146881342 0.063550264 -0.987110674 -78.607025146 0.005654508 0.997863770 0.065083943 6.902247906 0.989138067 -0.015141250 0.146208167 204.003616333
0.149870336 0.063068129 -0.986692190 -79.698165894 0.005172502 0.997899771 0.064570166 6.976019859 0.988692224 -0.014780825 0.149229348 204.150375366
0.152367771 0.062816389 -0.986325622 -80.758941650 0.006437042 0.997893870 0.064547539 7.048911095 0.988302946 -0.016183991 0.151642561 204.317169189
0.154425979 0.063252009 -0.985977650 -81.832351685 0.006928911 0.997854769 0.065099172 7.118946075 0.987980127 -0.016884755 0.153656423 204.481811523
0.156748950 0.063309014 -0.985607386 -82.890960693 0.008438038 0.997821152 0.065435521 7.189023018 0.987602532 -0.018573551 0.155873239 204.652618408
0.158768296 0.063546740 -0.985268652 -83.944435120 0.010240075 0.997766912 0.066002943 7.257318497 0.987262726 -0.020568401 0.157763004 204.822418213
0.161198437 0.064818121 -0.984791279 -84.984893799 0.010730731 0.997666836 0.067422077 7.331740856 0.986863792 -0.021435864 0.160126746 204.990753174
0.163377345 0.065609023 -0.984379649 -86.046859741 0.010805374 0.997607410 0.068284020 7.403450966 0.986504436 -0.021792650 0.162277520 205.157409668
0.165325284 0.065227635 -0.984079838 -87.085197449 0.010223438 0.997643530 0.067844220 7.473030090 0.986186206 -0.021277048 0.164268851 205.331359863
0.167542219 0.064004257 -0.983785093 -88.129631042 0.009937258 0.997730017 0.066603854 7.547430992 0.985814810 -0.020935081 0.166525841 205.504486084
0.169300616 0.063612670 -0.983509362 -89.162094116 0.007180870 0.997808754 0.065773651 7.619538307 0.985538304 -0.018197974 0.168472826 205.677764893
0.171567380 0.063409813 -0.983129621 -90.198730469 0.005244809 0.997853518 0.065274753 7.684328079 0.985158443 -0.016355345 0.170866549 205.848541260
0.173716426 0.062232591 -0.982827425 -91.222770691 0.003867702 0.997950494 0.063873805 7.757865429 0.984788120 -0.014897215 0.173119724 206.023529053
0.175831318 0.062415857 -0.982439697 -92.259246826 0.002921773 0.997950494 0.063924208 7.826837063 0.984416068 -0.014110350 0.175288618 206.198059082
0.177276611 0.064641871 -0.982035875 -93.277694702 0.003065666 0.997799456 0.066232920 7.891003132 0.984156311 -0.014752148 0.176688373 206.387298584
0.180292606 0.065568030 -0.981425226 -94.285995483 0.004258823 0.997714341 0.067438662 7.957876205 0.983603835 -0.016338410 0.179601252 206.560363770
0.182205319 0.066041164 -0.981040180 -95.284301758 0.005544825 0.997657001 0.068189591 8.025511742 0.983244896 -0.017864205 0.181412220 206.748870850
0.184550524 0.065072961 -0.980666399 -96.305511475 0.007266782 0.997688055 0.067569971 8.095009804 0.982796133 -0.019596359 0.183650970 206.933380127
0.186438024 0.065798722 -0.980260968 -97.302223206 0.007235938 0.997635782 0.068341203 8.164147377 0.982440114 -0.019834509 0.185521126 207.119354248
0.188295424 0.065509602 -0.979925156 -98.315597534 0.006860662 0.997660816 0.068013549 8.238704681 0.982088447 -0.019529581 0.187405527 207.310150146
0.190124393 0.066613197 -0.979497552 -99.300193787 0.004990431 0.997617006 0.068814121 8.307446480 0.981747329 -0.017971359 0.189338923 207.500442505
0.192189097 0.066999346 -0.979068220 -100.276206970 0.003851287 0.997607589 0.069024034 8.377369881 0.981350422 -0.017036349 0.191471279 207.687301636
0.194020808 0.068091094 -0.978631556 -101.279556274 0.002263653 0.997554481 0.069856502 8.445330620 0.980994940 -0.015768904 0.193392158 207.878082275
0.196734190 0.069145173 -0.978015780 -102.267204285 0.001866557 0.997481883 0.070896901 8.512825012 0.980455220 -0.015773376 0.196109712 208.066894531
0.199143887 0.070041798 -0.977464020 -103.228614807 0.001671070 0.997416794 0.071812004 8.588452339 0.979968905 -0.015934331 0.198512375 208.268234253
0.201649010 0.071194649 -0.976867020 -104.205688477 0.003445186 0.997296989 0.073394775 8.652308464 0.979451895 -0.018165478 0.200858653 208.471679688
0.204333901 0.071535811 -0.976283848 -105.172782898 0.003832412 0.997260153 0.073874928 8.723164558 0.978893697 -0.018836670 0.203499854 208.645828247
0.206245601 0.069995157 -0.975993574 -106.127639771 0.006321353 0.997322083 0.072860591 8.797332764 0.978479803 -0.021196775 0.205250800 208.863906860
0.209826767 0.068684042 -0.975323141 -107.071693420 0.007490035 0.997387409 0.071849212 8.864356995 0.977709889 -0.022381097 0.208764136 209.061920166
0.213828385 0.066941172 -0.974574983 -108.032661438 0.005590257 0.997549117 0.069745757 8.934791565 0.976855278 -0.020361749 0.212930083 209.253021240
0.218363345 0.066635810 -0.973589897 -108.969909668 0.007297201 0.997526586 0.069910794 9.006099701 0.975840330 -0.022370439 0.217336953 209.475234985
0.223254025 0.065880090 -0.972531497 -109.904045105 0.008780291 0.997537076 0.069589593 9.073015213 0.974720776 -0.024075272 0.222125709 209.694763184
0.228954673 0.065013878 -0.971263587 -110.831329346 0.008452485 0.997596800 0.068769045 9.137290955 0.973400414 -0.023954591 0.227854908 209.897399902
0.233609259 0.062941693 -0.970291317 -111.742691040 0.009305062 0.997712195 0.066960767 9.202692032 0.972286105 -0.024671281 0.232489109 210.123352051
0.238997996 0.062386777 -0.969013870 -112.678787231 0.008097047 0.997771204 0.066235282 9.270659447 0.970986307 -0.023676252 0.237960160 210.339996338
0.244289398 0.064155281 -0.967577875 -113.587509155 0.008863917 0.997619629 0.068385124 9.331669807 0.969661951 -0.025282295 0.243139267 210.566589355
0.248732805 0.065891810 -0.966328204 -114.501380920 0.008699469 0.997491062 0.070255980 9.397941589 0.968533039 -0.025881508 0.247535527 210.803680420
0.252790451 0.066666402 -0.965221524 -115.394409180 0.010026204 0.997389197 0.071514033 9.462051392 0.967469156 -0.027755581 0.251462102 211.040313721
0.256749213 0.066127881 -0.964213133 -116.291427612 0.011252575 0.997384369 0.071399160 9.526623726 0.966412604 -0.029181559 0.255333543 211.274963379
0.260372102 0.063590869 -0.963411927 -117.172630310 0.013396903 0.997494698 0.069461182 9.590720177 0.965415359 -0.030992491 0.258867919 211.514312744
0.263075888 0.061015476 -0.962843835 -118.042663574 0.013426234 0.997669935 0.066890836 9.654221535 0.964681745 -0.030524734 0.261643708 211.753738403
0.265683651 0.058936171 -0.962257087 -118.923583984 0.012724615 0.997828305 0.064628154 9.714965820 0.963976324 -0.029415000 0.264356732 211.990142822
0.267511010 0.058664277 -0.961767316 -119.794494629 0.012098061 0.997861743 0.064230919 9.770498276 0.963478863 -0.028817998 0.266229272 212.228332520
0.269056201 0.059885960 -0.961260855 -120.667098999 0.009485793 0.997851849 0.064820625 9.832530022 0.963077784 -0.026558714 0.267910123 212.461456299
0.270808935 0.061760355 -0.960649967 -121.540107727 0.008991938 0.997733951 0.066679344 9.886767387 0.962591171 -0.026695471 0.269639909 212.695373535
0.272081673 0.062932543 -0.960214078 -122.373535156 0.007622944 0.997686863 0.067548521 9.943217278 0.962243974 -0.025698375 0.270972550 212.931838989
0.273505211 0.063129023 -0.959796667 -123.198204041 0.007912134 0.997662485 0.067874245 9.999950409 0.961838007 -0.026157999 0.272366405 213.165817261
0.274337828 0.063266896 -0.959549904 -124.020935059 0.009074776 0.997618675 0.068371423 10.055622101 0.961590528 -0.027464565 0.273110449 213.387145996
0.274046481 0.062828019 -0.959662080 -124.811843872 0.010645102 0.997604489 0.068351947 10.112365723 0.961657643 -0.028947318 0.272721231 213.610260010
0.272909522 0.063342571 -0.959952176 -125.601310730 0.011693059 0.997537971 0.069146961 10.165411949 0.961968660 -0.030095644 0.271496952 213.829864502
0.271936238 0.062543571 -0.960280716 -126.366333008 0.012888829 0.997559488 0.068621464 10.220758438 0.962229013 -0.031037558 0.270466447 214.041488647
0.271166742 0.062256839 -0.960516930 -127.112487793 0.012670515 0.997588694 0.068236738 10.263978004 0.962449014 -0.030673778 0.269724011 214.244415283
0.269843638 0.062129419 -0.960897744 -127.845092773 0.011832025 0.997626960 0.067826971 10.317119598 0.962831557 -0.029672047 0.268468142 214.449035645
0.268683016 0.062004551 -0.961230874 -128.574554443 0.011092586 0.997660637 0.067455068 10.357689857 0.963164747 -0.028786566 0.267366707 214.646957397
0.267276764 0.061149050 -0.961677730 -129.286849976 0.011465189 0.997712076 0.066626817 10.410767555 0.963551700 -0.028833622 0.265964210 214.842178345
0.265585423 0.061031807 -0.962153614 -129.985366821 0.010790447 0.997743547 0.066267878 10.454524994 0.964026988 -0.027981849 0.264327586 215.030731201
0.263171613 0.059271920 -0.962926567 -130.665786743 0.011766212 0.997839510 0.064636707 10.508830070 0.964677334 -0.028340546 0.261905611 215.214523315
0.259183049 0.057506591 -0.964114726 -131.333847046 0.014463247 0.997882843 0.063408911 10.546191216 0.965719938 -0.030378744 0.257802606 215.403289795
0.255134642 0.057706766 -0.965182066 -131.984970093 0.016071066 0.997826457 0.063906737 10.585098267 0.966772079 -0.031816330 0.253652692 215.577499390
0.251308262 0.059181537 -0.966096163 -132.645996094 0.016219635 0.997731328 0.065338634 10.632164955 0.967771232 -0.032089870 0.249778211 215.748138428
0.247975647 0.060718473 -0.966861725 -133.283691406 0.015338229 0.997662723 0.066586643 10.678566933 0.968644977 -0.031341817 0.246464729 215.906936646
0.244723558 0.062942833 -0.967547715 -133.909942627 0.016470484 0.997476816 0.069055751 10.711465836 0.969452977 -0.032835551 0.243069410 216.056945801
0.241422176 0.062401559 -0.968411863 -134.508865356 0.018799316 0.997442365 0.068958819 10.753828049 0.970238149 -0.034853674 0.239631653 216.208892822
0.238452256 0.062499214 -0.969141126 -135.109756470 0.019582633 0.997414708 0.069140770 10.795536995 0.970956802 -0.035465110 0.236611903 216.357498169
0.235504270 0.062729470 -0.969846785 -135.697799683 0.018993033 0.997427166 0.069125377 10.838323593 0.971687734 -0.034699649 0.233706892 216.496932983
0.232642055 0.063197784 -0.970506907 -136.267623901 0.018160330 0.997430265 0.069304235 10.879186630 0.972392857 -0.033747803 0.230896533 216.629684448
0.229857683 0.063496642 -0.971150756 -136.823989868 0.018739061 0.997395635 0.069647886 10.919293404 0.973043919 -0.034207560 0.228069186 216.754394531
0.226988435 0.063796692 -0.971805751 -137.355148315 0.018813198 0.997378707 0.069869779 10.958060265 0.973715842 -0.034142412 0.225193262 216.874130249
0.224801302 0.063627683 -0.972325027 -137.873565674 0.019539356 0.997370720 0.069784142 10.995581627 0.974208713 -0.034686178 0.222967029 216.992568970
0.223048985 0.063901231 -0.972710609 -138.381622314 0.019222902 0.997366726 0.069928937 11.033720016 0.974617779 -0.034295905 0.221233249 217.103546143
0.222322881 0.063993342 -0.972870767 -138.840118408 0.018170219 0.997398376 0.069759026 11.068404198 0.974803805 -0.033186309 0.220581710 217.206695557
0.223011017 0.063609183 -0.972738504 -139.310852051 0.016351189 0.997484326 0.068976060 11.099911690 0.974678874 -0.031287856 0.221409917 217.304946899
0.224765539 0.063065827 -0.972369969 -139.731582642 0.014844162 0.997565925 0.068131261 11.130395889 0.974299908 -0.029747581 0.223282278 217.398712158
0.227698743 0.062054299 -0.971752346 -140.146423340 0.015501805 0.997609794 0.067337856 11.155815125 0.973608255 -0.030396665 0.226192594 217.500152588
0.231396735 0.061107259 -0.970938504 -140.516082764 0.017281760 0.997609735 0.066904485 11.176436424 0.972706020 -0.032261007 0.229787588 217.595046997
0.235868037 0.060098015 -0.969925106 -140.875900269 0.019265683 0.997600555 0.066497900 11.207586288 0.971594214 -0.034371000 0.234144270 217.678436279
0.239641666 0.060792603 -0.968956292 -141.217819214 0.019738579 0.997526228 0.067466833 11.228971481 0.970660806 -0.035293683 0.237848878 217.772155762
0.242889225 0.062181890 -0.968059123 -141.528625488 0.018456459 0.997466505 0.068701632 11.247961044 0.969878554 -0.034553833 0.241126180 217.849304199
0.246343911 0.063461788 -0.967102528 -141.813339233 0.017476125 0.997400820 0.069901563 11.263720512 0.969024897 -0.034121029 0.244594574 217.914352417
0.249457002 0.062447973 -0.966370225 -142.087036133 0.019923860 0.997376382 0.069594733 11.287094116 0.968180895 -0.036614716 0.247558296 217.993209839
0.252636790 0.062277485 -0.965554833 -142.352630615 0.021924343 0.997301698 0.070061624 11.302234650 0.967312753 -0.038869303 0.250589728 218.063522339
0.254597545 0.063296862 -0.964973390 -142.585632324 0.021038521 0.997256875 0.070965260 11.314177513 0.966818273 -0.038369190 0.252567470 218.121719360
0.256692052 0.063400000 -0.964411557 -142.771255493 0.019570787 0.997300565 0.070771158 11.336787224 0.966295063 -0.037040684 0.254758298 218.175216675
0.258609831 0.064468756 -0.963828146 -142.979141235 0.017276499 0.997302175 0.071343318 11.353976250 0.965827346 -0.035101656 0.256798327 218.229766846
0.260483742 0.064970888 -0.963289678 -143.156021118 0.015475689 0.997324049 0.071451187 11.363632202 0.965354204 -0.033519443 0.258781254 218.271453857
0.262186706 0.063052624 -0.962955117 -143.286071777 0.016396541 0.997428060 0.069774188 11.369113922 0.964877903 -0.034082994 0.260478556 218.314727783
0.264203846 0.061222728 -0.962521732 -143.452041626 0.018844625 0.997465014 0.068618037 11.379446983 0.964282751 -0.036267512 0.262380421 218.358688354
0.265432358 0.061199736 -0.962185264 -143.584808350 0.020306062 0.997407079 0.069041744 11.391125679 0.963915765 -0.037864108 0.263501406 218.396667480
0.266777337 0.062351786 -0.961739242 -143.705947876 0.019040145 0.997369230 0.069943331 11.399733543 0.963570237 -0.036970951 0.264888287 218.428802490
0.267802596 0.061968543 -0.961478949 -143.800872803 0.017659063 0.997446120 0.069205284 11.409495354 0.963312030 -0.035512172 0.266024351 218.452178955
0.268598676 0.060894955 -0.961325526 -143.856750488 0.017878670 0.997512639 0.068182610 11.411796570 0.963086307 -0.035500985 0.266841829 218.481613159
0.269582331 0.059708089 -0.961124480 -143.954879761 0.018315451 0.997577488 0.067109898 11.424569130 0.962803125 -0.035695069 0.267835677 218.510574341
0.270344973 0.059221942 -0.960940421 -144.032592773 0.018615315 0.997598171 0.066718258 11.432741165 0.962583601 -0.035925157 0.268593192 218.532577515
0.271268368 0.058728926 -0.960710406 -144.105728149 0.018609136 0.997630119 0.066240378 11.435251236 0.962323844 -0.035846911 0.269532621 218.552093506
0.272036493 0.058160573 -0.960527837 -144.169311523 0.018883400 0.997657001 0.065756850 11.439938545 0.962101758 -0.036026299 0.270300865 218.571594238
0.272547126 0.058191426 -0.960381031 -144.223281860 0.018948639 0.997651100 0.065827131 11.444847107 0.961955786 -0.036138907 0.270804286 218.586578369
0.272814810 0.058298104 -0.960298717 -144.266815186 0.018717490 0.997651756 0.065883279 11.450624466 0.961884558 -0.035948321 0.271082997 218.601684570
0.273221016 0.058564130 -0.960166931 -144.308425903 0.018450169 0.997642398 0.066100001 11.451421738 0.961774349 -0.035775151 0.271496356 218.612503052
0.273500383 0.058637623 -0.960083008 -144.341964722 0.018863086 0.997621179 0.066303857 11.454406738 0.961687028 -0.036244262 0.271743715 218.622360229
0.273736119 0.058791123 -0.960006356 -144.356964111 0.019177729 0.997597992 0.066561587 11.456341743 0.961613655 -0.036631055 0.271951139 218.624908447
0.273838818 0.058852609 -0.959973276 -144.357543945 0.019504769 0.997580945 0.066722065 11.454854012 0.961577833 -0.036995146 0.272028446 218.626968384
0.273860633 0.058866318 -0.959966242 -144.353027344 0.019191530 0.997591913 0.066648565 11.453402519 0.961577892 -0.036675636 0.272071421 218.623367310
0.273719072 0.057913180 -0.960064590 -144.345825195 0.018459620 0.997685373 0.065445483 11.449485779 0.961632550 -0.035636108 0.272016466 218.621383667
0.273786902 0.056107759 -0.960152388 -144.351470947 0.018334799 0.997811079 0.063536547 11.450591087 0.961615562 -0.034999672 0.272158861 218.623947144
0.273675859 0.056263320 -0.960174859 -144.347412109 0.018553035 0.997793078 0.063755743 11.448568344 0.961642921 -0.035262566 0.272028029 218.623199463
0.273685813 0.056390777 -0.960164607 -144.348403931 0.019143062 0.997762740 0.064055473 11.451106071 0.961628616 -0.035911568 0.271993995 218.624954224
0.273761451 0.056132507 -0.960158288 -144.352127075 0.019013328 0.997784555 0.063753307 11.450471878 0.961609721 -0.035709001 0.272087693 218.622192383
0.273597956 0.056372825 -0.960190773 -144.349792480 0.019019077 0.997768760 0.063998356 11.450496674 0.961656094 -0.035771761 0.271915317 218.625213623
0.273635685 0.056589592 -0.960167229 -144.348754883 0.018816937 0.997761726 0.064167902 11.450588226 0.961649358 -0.035626035 0.271958351 218.624114990
0.273451090 0.056219410 -0.960241675 -144.350158691 0.019014675 0.997779489 0.063832022 11.451236725 0.961698055 -0.035713624 0.271774888 218.628646851
0.273558974 0.056441151 -0.960197747 -144.348602295 0.018970801 0.997766078 0.064054199 11.451457024 0.961668074 -0.035738319 0.271877110 218.624893188
0.273571551 0.056490600 -0.960191369 -144.348297119 0.018839141 0.997767627 0.064068846 11.451216698 0.961667180 -0.035616599 0.271896601 218.624557495
0.273501694 0.056391560 -0.960217118 -144.350692749 0.018803246 0.997775733 0.063953094 11.451637268 0.961687803 -0.035546478 0.271833003 218.628005981
0.273553371 0.056428015 -0.960200191 -144.348449707 0.018790541 0.997773647 0.063989371 11.451484680 0.961673260 -0.035547189 0.271884024 218.624633789
0.273561954 0.056369670 -0.960201323 -144.349044800 0.018833391 0.997775912 0.063941188 11.452553749 0.961670101 -0.035575725 0.271891892 218.624176025
0.273574948 0.056364279 -0.960197926 -144.349731445 0.018912824 0.997773349 0.063958541 11.452713013 0.961664855 -0.035657514 0.271899760 218.624343872
0.273597777 0.056430433 -0.960187435 -144.348480225 0.018719347 0.997776031 0.063973457 11.452775955 0.961662054 -0.035477083 0.271932960 218.624481201
0.273574293 0.056412280 -0.960195243 -144.349182129 0.018713253 0.997777522 0.063951969 11.452523232 0.961668849 -0.035463993 0.271910667 218.623840332
0.273576081 0.056347273 -0.960198522 -144.351959229 0.018807843 0.997778356 0.063911229 11.453344345 0.961666465 -0.035543848 0.271908522 218.626419067
0.273598313 0.056441024 -0.960186660 -144.350067139 0.018842848 0.997770727 0.064019404 11.451669693 0.961659491 -0.035608258 0.271924913 218.624099731
0.273569882 0.056351289 -0.960200071 -144.351699829 0.018878331 0.997775495 0.063935101 11.453372955 0.961666942 -0.035617698 0.271897495 218.627929688
0.273568809 0.056381416 -0.960198581 -144.354324341 0.018797668 0.997776449 0.063943557 11.454228401 0.961668789 -0.035542458 0.271900654 218.626922607
0.273570180 0.056372058 -0.960198820 -144.353546143 0.018949116 0.997771502 0.063976705 11.452159882 0.961665452 -0.035697043 0.271892309 218.626953125
0.273736060 0.056295663 -0.960155904 -144.352905273 0.018925764 0.997777045 0.063897103 11.452363014 0.961618662 -0.035662625 0.272062123 218.624389648
0.273685753 0.056364015 -0.960166216 -144.351501465 0.018944440 0.997771919 0.063971475 11.451696396 0.961632550 -0.035697892 0.272008181 218.625000000
0.273672700 0.056530125 -0.960160255 -144.352233887 0.018828867 0.997765124 0.064110905 11.450740814 0.961638629 -0.035624135 0.271996677 218.624694824
0.273683846 0.056418654 -0.960163593 -144.350982666 0.018856363 0.997771502 0.064003266 11.451294899 0.961634874 -0.035621852 0.272010088 218.624801636
0.273623526 0.056408897 -0.960181415 -144.351943970 0.018792242 0.997774720 0.063972682 11.452926636 0.961653352 -0.035548396 0.271954596 218.624084473
0.273757160 0.056408457 -0.960143328 -144.353179932 0.018814402 0.997773588 0.063983619 11.452337265 0.961614847 -0.035580497 0.272086382 218.622482300
0.273771465 0.056380104 -0.960140824 -144.352828979 0.018983910 0.997769117 0.064002670 11.451806068 0.961607337 -0.035749327 0.272090375 218.622329712
0.273641288 0.056383576 -0.960177898 -144.349090576 0.018829705 0.997774959 0.063957646 11.451699257 0.961647570 -0.035581321 0.271970689 218.624603271
0.273747206 0.056342062 -0.960150123 -144.352844238 0.018917954 0.997774184 0.063943543 11.452178955 0.961615682 -0.035668440 0.272072017 218.622344971
0.273661077 0.056427497 -0.960169613 -144.351470947 0.018834505 0.997771800 0.064005405 11.451697350 0.961641788 -0.035600107 0.271988511 218.624130249
0.273676872 0.056335889 -0.960170388 -144.345443726 0.018930450 0.997774303 0.063937955 11.450016022 0.961635351 -0.035674799 0.272001326 218.622970581
0.273711085 0.056396343 -0.960157216 -144.348159790 0.018919036 0.997770607 0.063998871 11.450981140 0.961625934 -0.035682451 0.272033930 218.622344971
0.273738205 0.056345992 -0.960152447 -144.347900391 0.018869862 0.997775733 0.063933671 11.451414108 0.961619198 -0.035619035 0.272066116 218.622177124
0.273782313 0.056290448 -0.960143030 -144.350799561 0.018901745 0.997778118 0.063886672 11.453166962 0.961605966 -0.035639420 0.272109985 218.621871948
0.273747087 0.056368932 -0.960148573 -144.346298218 0.018984549 0.997769952 0.063990310 11.451223373 0.961614430 -0.035745151 0.272066474 218.622116089
0.273829460 0.056231044 -0.960133135 -144.352783203 0.018912839 0.997781575 0.063829899 11.453596115 0.961592376 -0.035637353 0.272158504 218.620819092
0.273692012 0.056450419 -0.960159481 -144.351409912 0.018956736 0.997765660 0.064064987 11.450854301 0.961630642 -0.035735566 0.272010326 218.623199463
0.273790956 0.056358259 -0.960136652 -144.346420288 0.018928105 0.997772634 0.063964941 11.451245308 0.961603045 -0.035686590 0.272114336 218.622009277
0.273806572 0.056377847 -0.960131049 -144.349807739 0.018860979 0.997773767 0.063966893 11.451501846 0.961599886 -0.035623569 0.272133708 218.621307373
0.273841202 0.056363564 -0.960122049 -144.348632812 0.018892158 0.997773468 0.063962206 11.451805115 0.961589456 -0.035654265 0.272166669 218.620651245
