1.000000000 0.000000000 0.000000000 0.000000000 0.000000000 1.000000000 0.000000000 0.000000000 0.000000000 0.000000000 1.000000000 0.000000000
1.000000000 0.000003922 0.000011141 0.000289340 -0.000003923 1.000000000 0.000016846 0.000081895 -0.000011141 -0.000016846 1.000000000 0.000415339
1.000000000 -0.000010201 -0.000009277 0.000054005 0.000010201 1.000000000 -0.000063094 0.000103484 0.000009278 0.000063094 1.000000000 -0.000815372
1.000000000 -0.000077164 -0.000003175 0.000526258 0.000077164 1.000000000 -0.000040245 0.000111979 0.000003178 0.000040245 1.000000000 -0.001053848
1.000000000 -0.000021816 -0.000027634 0.000071600 0.000021815 1.000000000 -0.000021615 0.000170715 0.000027634 0.000021614 1.000000000 -0.000342720
1.000000000 -0.000092234 -0.000037278 0.000337975 0.000092233 1.000000000 -0.000039113 0.000554560 0.000037282 0.000039109 1.000000000 -0.000280189
1.000000000 -0.000026040 -0.000010517 0.000126620 0.000026040 1.000000000 -0.000024031 -0.000024077 0.000010518 0.000024031 1.000000000 -0.000711754
1.000000000 -0.000024460 -0.000014506 0.000488693 0.000024459 1.000000000 -0.000028879 0.000247977 0.000014507 0.000028879 1.000000000 -0.000308911
1.000000000 -0.000060044 -0.000009435 0.000698061 0.000060043 1.000000000 -0.000059454 0.000490292 0.000009439 0.000059453 1.000000000 0.000277193
1.000000000 -0.000086730 -0.000017191 0.000265119 0.000086728 1.000000000 -0.000118773 0.000518896 0.000017201 0.000118771 1.000000000 -0.001597594
1.000000000 -0.000018654 0.000021272 -0.000048437 0.000018654 1.000000000 -0.000026480 0.000341040 -0.000021272 0.000026480 1.000000000 -0.000252353
1.000000000 0.000034825 -0.000012048 0.000303859 -0.000034826 1.000000000 -0.000041307 0.000266341 0.000012047 0.000041307 1.000000000 0.000058981
1.000000000 -0.000072337 -0.000010449 -0.000287867 0.000072336 1.000000000 -0.000060095 0.000047034 0.000010454 0.000060094 1.000000000 -0.000915125
1.000000000 -0.000026871 0.000016405 -0.000486597 0.000026871 1.000000000 -0.000022919 -0.000001861 -0.000016405 0.000022919 1.000000000 -0.000852919
1.000000000 0.000048004 -0.000016264 0.000418231 -0.000048003 1.000000000 0.000052863 -0.000393104 0.000016266 -0.000052862 1.000000000 0.000392342
1.000000000 0.000000646 0.000001736 0.000429890 -0.000000646 1.000000000 0.000008232 -0.000174100 -0.000001736 -0.000008232 1.000000000 -0.001305307
1.000000000 -0.000097210 -0.000006853 0.000189610 0.000097209 1.000000000 -0.000043325 -0.000070871 0.000006857 0.000043325 1.000000000 -0.000824354
1.000000000 -0.000039661 -0.000001917 0.000344709 0.000039661 1.000000000 -0.000027829 0.000055157 0.000001918 0.000027829 1.000000000 -0.000836254
1.000000000 0.000017722 0.000029364 -0.000074457 -0.000017723 1.000000000 0.000027201 -0.000255418 -0.000029363 -0.000027202 1.000000000 -0.000048341
1.000000000 0.000015807 0.000017204 -0.000238092 -0.000015806 1.000000000 -0.000054243 -0.000128597 -0.000017204 0.000054243 1.000000000 -0.002042708
1.000000000 -0.000083106 0.000020570 -0.000300859 0.000083106 1.000000000 0.000006628 -0.000349006 -0.000020570 -0.000006626 1.000000000 -0.000432467
1.000000000 -0.000025700 0.000010381 0.000236312 0.000025699 1.000000000 0.000050055 -0.000299816 -0.000010382 -0.000050055 1.000000000 -0.000231401
1.000000000 -0.000051436 0.000052774 -0.000529192 0.000051441 1.000000000 -0.000101164 0.000534749 -0.000052769 0.000101167 1.000000000 -0.001318807
1.000000000 -0.000027102 0.000048590 -0.000291598 0.000027102 1.000000000 -0.000014314 0.000069505 -0.000048589 0.000014315 1.000000000 -0.000032337
1.000000000 0.000019952 -0.000009514 0.000332545 -0.000019952 1.000000000 -0.000006934 0.000556794 0.000009514 0.000006934 1.000000000 0.000964247
1.000000000 -0.000016866 0.000019071 -0.000331375 0.000016867 1.000000000 -0.000062735 0.000362841 -0.000019070 0.000062736 1.000000000 -0.000843012
1.000000000 0.000041582 0.000036069 -0.000759924 -0.000041581 1.000000000 -0.000030354 0.000072303 -0.000036070 0.000030353 1.000000000 -0.001150848
1.000000000 -0.000090337 -0.000032951 0.000127504 0.000090334 1.000000000 -0.000098685 0.000658276 0.000032960 0.000098682 1.000000000 -0.000446469
1.000000000 -0.000014992 0.000007814 0.000187998 0.000014993 1.000000000 -0.000063638 0.000477214 -0.000007813 0.000063638 1.000000000 -0.000670501
1.000000000 0.000003172 0.000038158 -0.000969181 -0.000003171 1.000000000 -0.000047947 -0.000050493 -0.000038158 0.000047947 1.000000000 -0.000552970
1.000000000 -0.000037860 0.000018509 -0.000119533 0.000037861 1.000000000 -0.000055168 0.000073428 -0.000018507 0.000055169 1.000000000 -0.001337091
1.000000000 -0.000014679 0.000026291 -0.000400084 0.000014679 1.000000000 -0.000014414 0.000052608 -0.000026291 0.000014414 1.000000000 -0.000186627
1.000000000 -0.000007859 0.000020214 -0.000437967 0.000007860 1.000000000 -0.000085422 0.000556217 -0.000020213 0.000085422 1.000000000 -0.000942863
1.000000000 -0.000024538 -0.000007968 -0.000349322 0.000024538 1.000000000 -0.000007548 -0.000081194 0.000007968 0.000007548 1.000000000 -0.000002888
1.000000000 0.000012383 -0.000033405 0.000141576 -0.000012384 1.000000000 -0.000025913 0.000099268 0.000033404 0.000025913 1.000000000 -0.000922347
1.000000000 -0.000076801 -0.000013371 0.000248755 0.000076800 1.000000000 -0.000064920 0.000149879 0.000013376 0.000064919 1.000000000 -0.000669978
1.000000000 -0.000029792 0.000017176 -0.000425340 0.000029792 1.000000000 0.000010729 0.000085056 -0.000017177 -0.000010728 1.000000000 0.000464879
1.000000000 -0.000008088 0.000021623 -0.000212262 0.000008089 1.000000000 -0.000043162 0.000324375 -0.000021623 0.000043162 1.000000000 0.000496182
1.000000000 -0.000018722 0.000034081 -0.000464345 0.000018721 1.000000000 0.000019418 -0.000119881 -0.000034081 -0.000019418 1.000000000 0.000046242
1.000000000 -0.000052276 0.000053959 -0.000448447 0.000052275 1.000000000 0.000010584 0.000032538 -0.000053960 -0.000010581 1.000000000 0.000434741
1.000000000 -0.000047586 0.000021730 0.000130606 0.000047587 1.000000000 -0.000021978 0.000231045 -0.000021729 0.000021979 1.000000000 0.000175819
1.000000000 -0.000009169 0.000042233 -0.000899819 0.000009169 1.000000000 0.000004565 -0.000133183 -0.000042233 -0.000004565 1.000000000 -0.000879470
1.000000000 -0.000084408 -0.000014808 0.000102511 0.000084407 1.000000000 -0.000049061 0.000286555 0.000014812 0.000049059 1.000000000 -0.000574561
1.000000000 0.000005619 0.000009147 0.000358818 -0.000005619 1.000000000 -0.000052021 0.000404828 -0.000009148 0.000052021 1.000000000 0.000102515
1.000000000 0.000015072 0.000033506 0.000218600 -0.000015070 1.000000000 -0.000044132 0.000934243 -0.000033506 0.000044132 1.000000000 -0.000040922
1.000000000 -0.000024120 0.000030471 0.000370099 0.000024122 1.000000000 -0.000051552 0.000654397 -0.000030470 0.000051553 1.000000000 0.001266440
1.000000000 -0.000002214 0.000017505 -0.000173396 0.000002214 1.000000000 0.000016277 -0.000096031 -0.000017505 -0.000016277 1.000000000 0.000136470
1.000000000 -0.000063652 0.000000312 0.000085809 0.000063652 1.000000000 -0.000048839 0.000284291 -0.000000309 0.000048839 1.000000000 0.000192365
1.000000000 -0.000005403 0.000019923 -0.000506659 0.000005404 1.000000000 -0.000050773 0.000531874 -0.000019923 0.000050773 1.000000000 0.000134885
1.000000000 -0.000078803 -0.000038601 0.000500751 0.000078800 1.000000000 -0.000080197 0.000619734 0.000038607 0.000080194 1.000000000 -0.000099016
1.000000000 -0.000041979 -0.000009810 0.000278402 0.000041980 1.000000000 0.000011216 -0.000389527 0.000009810 -0.000011216 1.000000000 -0.001052688
1.000000000 -0.000028405 0.000030974 -0.000309333 0.000028406 1.000000000 -0.000037836 0.000543031 -0.000030973 0.000037837 1.000000000 0.000014640
1.000000000 -0.000017925 0.000026813 -0.000510281 0.000017927 1.000000000 -0.000070313 0.000501603 -0.000026812 0.000070314 1.000000000 -0.001108814
1.000000000 -0.000044528 0.000035317 -0.000104894 0.000044529 1.000000000 -0.000030970 0.000267982 -0.000035315 0.000030972 1.000000000 -0.000369700
1.000000000 -0.000027167 0.000015189 0.000068615 0.000027167 1.000000000 -0.000012129 0.000218633 -0.000015189 0.000012129 1.000000000 -0.000159964
1.000000000 -0.000063001 0.000009557 0.000343321 0.000063002 1.000000000 -0.000032892 0.000400940 -0.000009555 0.000032892 1.000000000 -0.000862794
1.000000000 -0.000055616 -0.000012893 0.000335247 0.000055615 1.000000000 -0.000038437 0.000366615 0.000012895 0.000038436 1.000000000 -0.000754499
1.000000000 -0.000032062 -0.000004258 -0.000176105 0.000032062 1.000000000 -0.000037456 0.000191597 0.000004260 0.000037456 1.000000000 -0.000820293
1.000000000 -0.000047344 -0.000003642 0.000249720 0.000047344 1.000000000 -0.000048096 0.000510573 0.000003645 0.000048096 1.000000000 -0.000860788
1.000000000 -0.000001750 0.000035669 -0.000360948 0.000001751 1.000000000 -0.000026533 0.000168915 -0.000035669 0.000026533 1.000000000 -0.000776828
1.000000000 0.000019558 -0.000004044 -0.000262807 -0.000019558 1.000000000 -0.000082685 0.000387482 0.000004042 0.000082686 1.000000000 -0.001852532
1.000000000 -0.000056045 0.000017784 -0.000139761 0.000056046 1.000000000 -0.000050678 0.000601179 -0.000017781 0.000050679 1.000000000 -0.000145224
1.000000000 -0.000062662 0.000024058 -0.000589457 0.000062662 1.000000000 -0.000004732 0.000027083 -0.000024058 0.000004734 1.000000000 -0.000804110
1.000000000 -0.000064049 0.000016202 -0.000619030 0.000064050 1.000000000 -0.000067961 0.000671709 -0.000016198 0.000067962 1.000000000 -0.000060869
1.000000000 -0.000058994 0.000015992 -0.000074545 0.000058994 1.000000000 0.000003379 0.000045247 -0.000015992 -0.000003378 1.000000000 -0.000298213
1.000000000 -0.000038327 0.000049170 -0.000713136 0.000038327 1.000000000 -0.000002315 -0.000081649 -0.000049170 0.000002317 1.000000000 -0.000843645
1.000000000 -0.000038900 0.000011765 0.000046673 0.000038900 1.000000000 -0.000039933 0.000221376 -0.000011764 0.000039934 1.000000000 -0.000654595
1.000000000 -0.000095466 -0.000011422 0.000009119 0.000095465 1.000000000 -0.000029151 0.000118797 0.000011425 0.000029150 1.000000000 0.000151036
1.000000000 -0.000041847 0.000012692 -0.000102073 0.000041847 1.000000000 -0.000029238 0.000386275 -0.000012691 0.000029238 1.000000000 0.000021336
1.000000000 -0.000023147 -0.000013752 -0.000071630 0.000023147 1.000000000 -0.000022520 0.000106768 0.000013753 0.000022520 1.000000000 -0.000590832
1.000000000 -0.000015341 -0.000019379 0.000324457 0.000015340 1.000000000 -0.000054767 0.000116709 0.000019380 0.000054767 1.000000000 -0.000236826
1.000000000 -0.000033373 -0.000001214 0.000051667 0.000033372 1.000000000 -0.000009454 -0.000057630 0.000001215 0.000009454 1.000000000 0.000019441
1.000000000 -0.000049261 -0.000017823 0.000109526 0.000049261 1.000000000 -0.000003739 0.000069615 0.000017824 0.000003738 1.000000000 0.000225308
1.000000000 -0.000007323 -0.000008457 -0.000106888 0.000007323 1.000000000 -0.000026513 0.000169130 0.000008457 0.000026513 1.000000000 -0.000460738
1.000000000 -0.000027299 0.000006884 -0.000113469 0.000027299 1.000000000 -0.000008441 0.000045357 -0.000006884 0.000008441 1.000000000 -0.000157244
1.000000000 -0.000030978 0.000005537 -0.000008349 0.000030978 1.000000000 -0.000051108 0.000173117 -0.000005535 0.000051108 1.000000000 -0.000124581
1.000000000 -0.000004065 0.000003591 0.000244566 0.000004065 1.000000000 0.000000486 0.000177430 -0.000003591 -0.000000486 1.000000000 0.000168574
1.000000000 -0.000005865 0.000027755 -0.000052527 0.000005866 1.000000000 -0.000026297 0.000466846 -0.000027754 0.000026297 1.000000000 0.000363004
1.000000000 -0.000018921 0.000020401 -0.000181427 0.000018921 1.000000000 0.000003028 -0.000282903 -0.000020401 -0.000003027 1.000000000 -0.000513610
1.000000000 -0.000007618 0.000030025 0.000158432 0.000007617 1.000000000 0.000005277 0.000272340 -0.000030025 -0.000005276 1.000000000 0.000518565
1.000000000 -0.000028293 -0.000011624 0.000059337 0.000028292 1.000000000 -0.000046482 0.000478667 0.000011625 0.000046481 1.000000000 -0.000207755
1.000000000 0.000059161 0.000028727 -0.000580214 -0.000059160 1.000000000 -0.000047719 0.000468423 -0.000028730 0.000047717 1.000000000 0.000033092
1.000000000 -0.000013023 0.000040225 -0.000429560 0.000013024 1.000000000 -0.000024317 0.000444623 -0.000040225 0.000024318 1.000000000 0.000086999
1.000000000 -0.000025894 0.000026208 -0.000637610 0.000025894 1.000000000 -0.000002439 -0.000110337 -0.000026207 0.000002439 1.000000000 -0.000538529
1.000000000 -0.000064913 -0.000033317 0.000839150 0.000064913 1.000000000 -0.000002424 0.000236814 0.000033317 0.000002421 1.000000000 -0.000422592
1.000000000 -0.000006552 0.000030678 -0.000296373 0.000006555 1.000000000 -0.000074681 0.000618764 -0.000030678 0.000074682 1.000000000 -0.000372809
1.000000000 -0.000047951 0.000015732 -0.000265853 0.000047951 1.000000000 -0.000005619 0.000110069 -0.000015732 0.000005620 1.000000000 -0.000503634
1.000000000 -0.000007441 0.000025137 0.000124822 0.000007441 1.000000000 -0.000013113 0.000015462 -0.000025137 0.000013113 1.000000000 -0.000383924
1.000000000 0.000041744 0.000050265 -0.000810004 -0.000041742 1.000000000 -0.000039046 0.000284266 -0.000050267 0.000039044 1.000000000 -0.000374406
1.000000000 -0.000021414 0.000024456 0.000140811 0.000021415 1.000000000 -0.000050226 0.000616374 -0.000024454 0.000050227 1.000000000 0.000850793
1.000000000 -0.000026706 -0.000011864 0.000103485 0.000026706 1.000000000 0.000007155 -0.000592582 0.000011863 -0.000007155 1.000000000 -0.000944368
1.000000000 -0.000015301 0.000034664 -0.000401051 0.000015302 1.000000000 -0.000018594 0.000056764 -0.000034664 0.000018594 1.000000000 -0.000074762
1.000000000 0.000025069 0.000014200 -0.000151955 -0.000025068 1.000000000 -0.000028229 0.000246255 -0.000014201 0.000028228 1.000000000 -0.000952613
1.000000000 0.000004017 0.000003521 -0.000307486 -0.000004017 1.000000000 0.000002162 0.000235807 -0.000003521 -0.000002162 1.000000000 -0.000018863
1.000000000 -0.000019165 0.000012358 -0.000138624 0.000019165 1.000000000 0.000037802 -0.000105727 -0.000012359 -0.000037802 1.000000000 -0.000793993
1.000000000 0.000002219 -0.000000550 -0.000019637 -0.000002219 1.000000000 -0.000024649 0.000436255 0.000000550 0.000024649 1.000000000 0.000171830
1.000000000 -0.000021914 -0.000009790 0.000541477 0.000021913 1.000000000 -0.000039967 0.000785211 0.000009791 0.000039966 1.000000000 0.001162675
1.000000000 -0.000006801 0.000012406 -0.000163732 0.000006801 1.000000000 0.000014612 0.000030599 -0.000012406 -0.000014612 1.000000000 -0.000111392
1.000000000 0.000038586 0.000012718 0.000196494 -0.000038586 1.000000000 -0.000008818 -0.000113835 -0.000012718 0.000008818 1.000000000 -0.000521402
1.000000000 0.000017590 -0.000003728 0.000156628 -0.000017591 1.000000000 -0.000041395 0.000402576 0.000003727 0.000041395 1.000000000 -0.000261245
1.000000000 0.000012734 0.000005761 -0.000370176 -0.000012733 1.000000000 -0.000043056 0.000337520 -0.000005761 0.000043056 1.000000000 -0.000976631
1.000000000 -0.000016788 0.000005041 -0.000235074 0.000016788 1.000000000 0.000007961 -0.000029086 -0.000005041 -0.000007961 1.000000000 -0.000302856
1.000000000 -0.000004551 0.000004415 -0.000483717 0.000004551 1.000000000 -0.000004505 -0.000084384 -0.000004415 0.000004505 1.000000000 -0.000530014
1.000000000 0.000053646 0.000039683 -0.000796459 -0.000053645 1.000000000 -0.000030712 0.000243440 -0.000039685 0.000030710 1.000000000 -0.000089173
1.000000000 -0.000005646 0.000024723 -0.000047031 0.000005645 1.000000000 0.000033485 -0.000198184 -0.000024723 -0.000033485 1.000000000 -0.000311841
1.000000000 -0.000038525 -0.000009558 0.000028769 0.000038524 1.000000000 -0.000026635 0.000358467 0.000009559 0.000026635 1.000000000 -0.000228223
1.000000000 0.000010778 0.000026905 -0.000227939 -0.000010777 1.000000000 -0.000012527 0.000011009 -0.000026905 0.000012526 1.000000000 -0.000131672
1.000000000 0.000004251 0.000023852 -0.000511906 -0.000004251 1.000000000 0.000000139 0.000109351 -0.000023852 -0.000000139 1.000000000 0.000060058
1.000000000 -0.000000306 0.000027452 -0.000579882 0.000000306 1.000000000 0.000021775 -0.000088876 -0.000027452 -0.000021775 1.000000000 -0.000196477
1.000000000 -0.000045700 0.000018483 -0.000182411 0.000045700 1.000000000 0.000018614 0.000031347 -0.000018484 -0.000018613 1.000000000 -0.000482028
1.000000000 0.000069253 -0.000010480 0.000038959 -0.000069253 1.000000000 -0.000013153 0.000220236 0.000010479 0.000013154 1.000000000 -0.000097186
1.000000000 -0.000032550 0.000018643 -0.000042912 0.000032550 1.000000000 -0.000004692 0.000019838 -0.000018643 0.000004692 1.000000000 -0.000700697
1.000000000 0.000042198 0.000041532 -0.000777235 -0.000042199 1.000000000 0.000022565 -0.000147670 -0.000041531 -0.000022567 1.000000000 -0.000130299
1.000000000 -0.000010610 0.000003402 -0.000352922 0.000010610 1.000000000 -0.000029384 0.000359831 -0.000003401 0.000029385 1.000000000 0.000325832
